0 0.06453742731806603 0.42526491432477387 0.05410644832094973 0.36610789621401063 -0.010430978997116303 0.3774875865767367 0 0.43664460468750005
0 0.33559194218750005 0.44181613124999997 0.30877116681078765 0.28970795756869905 0.005635030212716741 0.3431590380168547 0.03245580558942912 0.49526721169815574
0 0.5413384992217841 0.40066837849365067 0.4 0.23918574687500005 0.2792994442010522 0.344829525657016 0.4206379434228363 0.5063121572756666
0 0.7586803694257089 0.5580742901867122 0.6529262838299497 0.4420559464685711 0.4734941313203076 0.6056135581962145 0.5792482169160669 0.7216319019143557
0 0.8133219161618911 0.06827469235191144 0.7651279868959634 0.027389565647687242 0.7200787734375 0.08049197187500008 0.7682727027034277 0.12137709857922427
0 0.21894470156250007 0.7390625 0.1584760265625001 0.7390625 0.1584760265625001 0.7757072328125 0.21894470156250007 0.7757072328125
0 0.8396485012627325 0.9615591410975279 0.8148648682026465 0.9004323836488088 0.7719428134336972 0.9178349827719666 0.7967264464937832 0.9789617402206856
0 0.7936187962051723 0.9161309640183593 0.6628602587306337 0.9042491586726351 0.6568654597525522 0.9702215529359263 0.7876239972270909 0.9821033582816504
0 0.6811971152335947 0.9035355218686669 0.6085076410359683 0.9028132847188403 0.6078520921152835 0.9687909298272833 0.6805415663129099 0.9695131669771101
0 0.8525935046875002 0.9054404406250003 0.806938231369795 0.7928354980112777 0.7497091703125001 0.8160388171875003 0.7953644436302053 0.9286437598012227
0 0.6701224609375 0.8956277 0.639071991431495 0.8070482807735113 0.593811808898818 0.8229137033495363 0.6248622784048231 0.911493122576025
0 0.7806433120979254 0.9040757393934264 0.7250411285968017 0.7669375752505201 0.6371527116615414 0.8025716229760335 0.692754895162665 0.9397097871189397