0 0.2082098193773557 0.24579903557569133 0.007459626027087688 0.24202908032555395 0.005637080087232067 0.3390796884998627 0.20638727343750007 0.34284964375000004
0 0.25425549062499997 0.3403302640625 0.2522381190443122 0.23542719710241578 0.2085688690443122 0.23626699241491572 0.210586240625 0.34117005937499995
0 0.45895340745746005 0.2538449573097578 0.25990945420041617 0.24532970916927616 0.2556676513983357 0.3444818636025751 0.45471160465537963 0.3529971117430567
0 0.83559291875 0.26748455156250006 0.7944700075948361 0.169320186813099 0.6725435169698363 0.220397502438099 0.713666428125 0.3185618671875
0 1.0467007524735252 0.3767855755203581 1 0.26879008437500007 0.9219380463855265 0.30254660452862914 0.9686387988590518 0.4105420956739872
0 0.51875 0.55 0.3812500000000001 0.55 0.3812500000000001 0.7265625 0.5187500000000002 0.7265625
0 0.8498234374999999 0.8828703125 0.819611663308543 0.8744469762132427 0.7847636722981666 0.9994354130499143 0.8149754464896235 1.0078587493366717
0 0.8894140625 0.8956546875000001 0.8553486351206452 0.8852544795171875 0.8208972135633621 0.9980986073571941 0.8549626409427169 1.0084988153400067
0 0.929505323967845 0.8952026858012916 0.9032484375000001 0.8883125 0.8739766479270049 0.9998604433638357 0.9002335343948499 1.0067506291651274
0 0.9580997195310903 0.9051315789853461 0.9419250000000001 0.9007656250000002 0.9152328976923576 0.9996528945338504 0.9314076172234478 1.004018848519196
0 0.7796546875000001 0.800265625 0.7505664773905302 0.792134781751979 0.7023894697299885 0.9644887281420385 0.7314776798394583 0.9726195713900593
0 0.7367109375 0.7923468750000001 0.7095464290906153 0.7842693635143434 0.6602151790906154 0.9501693635143432 0.6873796875000002 0.9582468750000002
0 0.6992359375000001 0.7825906250000001 0.6702378609056547 0.7738532371806658 0.6203612984056548 0.9393860496806656 0.6493593750000002 0.9481234374999999
0 0.6566687500000001 0.7704062500000001 0.6293363336774209 0.7622336313728294 0.5802284538193663 0.926469487495757 0.6075608701419455 0.9346421061229275