0 0.1416042078125 8.670756992168737e-18 0 0 9.109370079490764e-18 0.148767303125 0.1416042078125 0.148767303125
0 0.3296875 3.207691509478136e-17 0.192035784375 2.3648178447916466e-17 0.192035784375 0.04378632656250003 0.3296875 0.04378632656250005
0 0.786668159375 0.4107447109375002 0.7398451808054368 0.34090671695376307 0.5642021671874999 0.458666815625 0.611025145757063 0.5285048096087371
0 0.7419282265625 0.2187722421875001 0.620356445448268 0.19364085193066125 0.602498538822093 0.2800275377975499 0.7240703199363251 0.30515892805438877
0 0.766643978125 0.15447231250000007 0.7146720660598709 0.14608163986265385 0.7086279312564747 0.1835190726035944 0.7605998433216037 0.19190974524094062
0 0.19482987187500006 0.46875 5.740531871003217e-17 0.46875 6.129213314598497e-17 0.532226496875 0.19482987187500006 0.532226496875
0 0.7326292078125 0.7336482671875001 0.6801334921696058 0.6818030886528941 0.6164788015625 0.7462564984375001 0.668974517205394 0.7981016769721061
0 0.6379467140624999 0.6755531046875001 0.6053242020486804 0.6439776834008023 0.5479025437499999 0.703303534375 0.5805250557638194 0.7348789556616978
0 0.5598835203125002 0.6232629453125001 0.5067796973748501 0.5686385335481461 0.3865442640625001 0.6855269531250002 0.43964808700015023 0.7401513648893543
0 0.4750733796875 0.5462431984375 0.4340811160213217 0.5081879753382851 0.37528675156249997 0.5715199937500001 0.4162790152286783 0.609575216849215
0 0.41942301249999997 0.5098015078125 0.40922910546583136 0.5000782450795359 0.36152825702833147 0.5500880028920359 0.3717221640625 0.5598112656249999
0 0.4136800625000001 0.6103323734375001 0.371847796875 0.5743459187500001 0.3205693554723249 0.6339542741776276 0.362401621097325 0.6699407288651276