0 0.34863662834860204 0.30759208290562357 0.20184598751599242 0.24693761791747662 0.13994866216155485 0.31351473035541505 0.2867393029941645 0.37416919534356197
0 0.1930935006269242 0.22766425241576538 0.16846015457760288 0.22601629063333536 0.1534188902788037 0.32594219707173666 0.17805223632812503 0.3275901588541667
0 0.1697200490495993 0.20099535121718773 0.05812848162716458 0.19396166083872515 0.041313151327565314 0.3125306221215374 0.15290471875000006 0.3195643125
0 1.0056738425138214 0.07793104556755066 0.9682423248191193 0.02570139868529675 0.7806712869927978 0.0854466799406628 0.8181028046875 0.13767632682291672
0 0.8349819457665615 0.360171949929425 0.7991362304687499 0.32704590755208346 0.7289993804053134 0.3607770800184919 0.764845095703125 0.3939031223958334
0 0.7187797731080938 0.4537625808684241 0.531592513671875 0.17828521875 0.4629093320916747 0.1990275830113847 0.6500965915278936 0.47450494512980884
0 0.3593750000000001 0.5989583333333334 0.2883323535156251 0.5989583333333334 0.2883323535156251 0.6942421783854167 0.3593750000000001 0.6942421783854167
0 0.2678567753906252 0.5989583333333334 0.18383121173018263 0.5838304526903952 0.14153648677204267 0.6882392353393038 0.22556205043248523 0.7033671159822418
0 0.6406115913259353 0.8921163426316189 0.36125123285647587 0.8899535540555479 0.3603816339715614 0.9398750014359503 0.6397419924410208 0.9420377900120213
0 0.6728974609375 0.8940283697916668 0.6657103403774403 0.8926611468372774 0.6611336743920525 0.9033537214282283 0.6683207949521124 0.9047209443826177
0 0.9851616397125628 0.883346839229919 0.9762169735297219 0.852312910329697 0.6650418935010136 0.8921740460309113 0.6739865596838543 0.9232079749311333