0 0.3746081200001952 0.14071298554717887 0.350359709375 0.11649427343750005 0.10168699249980476 0.3654719285153212 0.125935403125 0.389690640625
0 0.39961748437499994 0.1682601078125 0.3763550259409428 0.1452548094350486 0.12986766296959457 0.39449748134324847 0.15313012140365176 0.41750277972069993
0 0.43565156305353614 0.28504339127805334 0.3999999999999999 0.24943676250000008 0.19871778526914036 0.4509729880933566 0.23436934832267659 0.48657961687140994
0 0.05552842187500007 0.5670432625 7.051554023055064e-17 0.5670432625 7.253355838503637e-17 0.6 0.05552842187500007 0.6
0 0.730523434375 0.3562883421875001 0.6858193021271275 0.33113536431846363 0.6789273717925617 0.34338432214459924 0.7236315040404343 0.3685373000136357
0 0.67525139375 0.3164760125 0.6459157367072125 0.2887534954322041 0.6012078752816647 0.336062853622478 0.6305435323244521 0.36378537069027395
0 0.7910098173891256 0.0687949542207051 0.7548914551599217 0.05356031818683018 0.7335943281249999 0.10405166875000009 0.7697126903542036 0.119286304783875
0 0.8961048187500001 0.08620803906250014 0.8754976051312168 0.07382520353568092 0.8500033994548339 0.11625204036772727 0.8706106130736171 0.1286348758945465
0 0.8674894671875 0.0789134140624999 0.8092973499999999 0.05219843749999988 0.8039544037509186 0.06383675406470517 0.8621465209384187 0.09055173062720519
0 0.5653251124999998 0.024394132812500045 0.5530295391704856 0.015225224873223997 0.5342693703125 0.04038275000000002 0.5465649436420144 0.04955165793927607
0 0.7836025281250001 0.03180827812500007 0.7346249140625 0.008979550000000103 0.7298711343784544 0.019178488172484843 0.7788487484409544 0.04200721629748481
0 0.45268197812499994 0.1926420281250001 0.438418732527669 0.17542565792564538 0.395709466902669 0.21080900167564537 0.4099727125000001 0.2280253718750001
0 0.09617715781250008 0.6 7.347880794884119e-17 0.6 7.74050777300721e-17 0.6641208515625 0.0961771578125001 0.6641208515625
0 0.9454005478404035 0.8178678340370764 0.8719961726465492 0.5596182194842225 0.7297374885997838 0.600053555027446 0.8031418637936382 0.8583031695802997