0 0.28657652837896525 0.42784626684381094 0.19873801757812498 0.3243864765625 0.1612104501366597 0.3385470638853558 0.24904896093749995 0.4420068541666667
0 0.1858626842246924 0.30971458510431443 0.12020987500000002 0.22796673958333336 0.08234273130906322 0.24148301484977389 0.1479955405337556 0.32323086037075494
0 0.1209138432838533 0.23013898538297983 0.074226205078125 0.17476120833333333 0.03735978925311445 0.18857505991127235 0.08404742745884275 0.24395283696091885
0 0.5657039834556407 0.37047078074302653 0.550302739789201 0.18601015702029386 0.4506784384408117 0.1897070330718502 0.46607968210725137 0.37416765679458286
0 0.21716029658868463 0.8180190909356586 0.07902863068978325 0.8073927659653722 0.04570067459078092 0.999939571912282 0.1838323404896823 1.0105658968825684
0 0.07062230213524492 0.815000683073465 0.004467991584606895 0.8097627157403863 -0.021303667260606396 0.9544249664221264 0.04485064329003163 0.9596629337552051
0 0.353456705449089 0.7652530130688769 0.22265190096683482 0.7584551984706773 0.19443321572937033 0.999783711850419 0.32523802021162457 1.0065815264486186
0 0.315160016461837 0.742590010798152 0.3051663837107095 0.5764438847107104 0.193574779296875 0.5794270833333334 0.2035684120480025 0.7455732094207751
0 0.20438118061919747 0.7469719468175945 0.19041360830034018 0.5793019572255895 0.080694859011474 0.5833641817288955 0.09466243133033127 0.7510341713209004
0 0.08594863636120155 0.5932642839522067 0.02512129414140497 0.5926064806792973 0.02117844615093868 0.7546494999992347 0.08200578837073526 0.7553073032721441
0 0.010216003906250111 0.6024174947916666 1.1077713713456022e-16 0.6024174947916666 1.2518259954923417e-16 0.7592568645833334 0.010216003906250125 0.7592568645833334
0 0.555698265625 0.9999999999999999 0.4504374951769975 0.5920560990573213 0.3558510486784334 0.6029031702783839 0.46111181912643595 1.0108470712210627