0 0.14851401938437384 0.3347910043490891 0.10001331589861709 0.26752747928280807 -0.048500703485756726 0.37461426087121896 4.4408920985006264e-17 0.4418777859375001
0 0.38112254731263195 0.26903990699420904 0.2748746622289554 0.10571936529972766 0.20434771562499998 0.15160054375 0.3105956007086766 0.31492108544448144
0 0.5250301076666843 0.12006329716526132 0.46380715819487117 0.022628460840492436 0.39575296406250005 0.06539015312500003 0.45697591353431327 0.16282498944976892
0 0.8783145492742234 0.2648654694765823 0.8619248390625 0.26113277031250015 0.8482237457874673 0.32129217199222115 0.8646134559991907 0.3250248711563033
0 0.8560326691160981 0.25872890911818136 0.8405052484375 0.2553834375000001 0.8231145674295913 0.33609923805547004 0.8386419881081894 0.33944470967365137
0 0.8335832337892943 0.25160675617783995 0.8187898138287967 0.24895287035521166 0.8035466921874999 0.3339218234375001 0.8183401121479976 0.33657570926012836
0 0.8146213015624999 0.2569821093750001 0.799486148956688 0.25346129152446084 0.7734078086488505 0.36556583002109716 0.7885429612546625 0.3690866478716364
0 0.7917359218750002 0.2551527453125001 0.7764440267475142 0.2517208459150855 0.7509102359375001 0.36549459218750013 0.766202131064986 0.36892649158491475
0 0.675995 0.2006110500000001 0.6532953683081529 0.19522178579382837 0.6307539171875001 0.29016659062500005 0.6534535488793471 0.29555585483117186
0 0.654609096875 0.2992322812500001 0.6296681569180544 0.29407109499225886 0.6094262875 0.39188799687500014 0.6343672274569456 0.3970491831327414
0 0.6434853926212204 0.19786032653209557 0.6289081939586392 0.19500261542253866 0.6105265294624187 0.28876757795294317 0.6251037281249999 0.29162528906250007
0 0.6205510984375 0.29528528593750003 0.6081368287454602 0.2928234405762403 0.5895711421875 0.3864440406250001 0.6019854118795397 0.38890588598625986
0 0.42802267343750017 0.937192184375 0.40657364669186624 0.9312129956653248 0.38739839531250014 1 0.4088474220581341 1.0059791887096754
0 0.489784009375 0.8588956421875 0.4768144164583542 0.8552802035809952 0.4573251046875001 0.925193834375 0.4702946976041459 0.9288092729815048
0 0.9304442593750002 0.6187500000000001 0.8777998519059155 0.5987637202000389 0.7684654800309153 0.8867534452000386 0.8211098875000001 0.9067397250000001