0 0.14874519002075334 0.44529716228883026 0.0785109937296911 0.3977362311507197 -0.04868751020036779 0.5855728541766861 0.021546686090694454 0.6331337853147967
0 0.3158295494583653 0.2881170899165452 0.17791603048143062 0.17953293433608003 0.12770837049708372 0.24330204531753913 0.26562188947401844 0.3518862008980044
0 0.3976237691275569 0.11148479072569199 0.31502477194837425 0.048413911461508086 0.2684261874757904 0.10944043261214298 0.3510251846549731 0.1725113118763269
0 0.8840542000961145 0.663766479283299 0.87796521875 0.6323285765625 0.8287192920913856 0.6418666660292011 0.8348082734375 0.6733045687500001
0 0.6898457411440775 0.6769185756174533 0.6665045826577026 0.5564062789871331 0.5545749357111123 0.5780851258911845 0.577916094197487 0.6985974225215047
0 0.814798799893141 0.6418441949615504 0.7914577561010975 0.5213325749629817 0.6743312687415232 0.5440179763433675 0.6976723125335667 0.6645295963419361
0 0.8930132185282332 0.6251648427906721 0.870165513519628 0.40112324702904234 0.7901328699584942 0.4092849556837564 0.8129805749670995 0.6333265514453861
0 0.9393546349580133 0.5985980772325283 0.8927687004011119 0.387028702839471 0.8658420503072873 0.3929577422512766 0.9124279848641887 0.604527116644334
0 0.3241273953125 0.7480415281250001 0.3089078112729373 0.7299764848677255 0.22807323391329862 0.7980786546719477 0.24329281795286128 0.8161436979292225
0 0.47418366093750014 0.7715590046875003 0.3413441323009855 0.727301165375447 0.3330987647064672 0.7520495661495514 0.46593829334298176 0.7963074054616046
0 0.9321275437499998 0.9175432187500002 0.9236364563222068 0.8650798904658215 0.8491340328125 0.8771379625000002 0.8576251202402931 0.9296012907841789
0 0.9370215833087515 0.998161728334192 0.9311824484375 0.9444995890625 0.8571157543623938 0.9525590034287926 0.8629548892336454 1.0062211427004848