0 0.18264418880208336 2.7755575615628914e-17 0.16976376354111308 -0.002335128471960696 0.15922173894968156 0.0813996623675048 0.17210216421065183 0.08373479083946553
0 0.18515157161458337 3.3306690738754695e-17 0.17276388135463136 -0.0015572502866530973 0.16238213046479466 0.11736551909307147 0.17476982072474667 0.1189227693797246
0 0.28915137369791677 5.551115123125783e-17 0.1816234175707181 -0.019718211266490683 0.13922456262481575 0.31322525404612506 0.24675251875201443 0.3329434653126158
0 0.19941461687304582 0.27860022309845195 0.06878200711394342 0.24092091053288806 0.06581970545721608 0.25570996491703213 0.19645231521631845 0.293389277482596
0 0.1836920905984666 0.1895653867483221 0.1692835384874084 0.18697242254230925 0.13768287574422647 0.43983380201893585 0.15209142785528468 0.4424267662249487
0 0.25585229166666673 0.3883966 0.05772313361011733 0.34090461986276815 0.0550899791666667 0.3567231796875 0.25321913722321604 0.4042151598247318
0 0.174443917071586 0.2940556186771244 0.15857088020833338 0.29137520312500004 0.12938624098935994 0.5402464460435654 0.14525927785261253 0.5429268615956897
0 0.9602044801014817 0.2735656759464956 0.8053458893826718 0.18683904484456812 0.7663225079684621 0.28717814847065176 0.921181098687272 0.3739047795725793
0 0.17259672005208335 0.624573203125 0.17224015124275974 0.6200568385927754 0.08409732291666665 0.6300776718749999 0.08445389172599023 0.6345940364072244
0 0.9617829713541667 0.5593750000000002 0.6820211901041667 0.5593750000000002 0.6820211901041667 0.7401717250000002 0.9617829713541667 0.7401717250000002
0 0.6941594544270834 0.5855620984375002 0.6197916666666666 0.5855620984375002 0.6197916666666667 0.7942343437500001 0.6941594544270834 0.7942343437500001
0 1.0207188294701375 0.9847523077545643 1 0.7005715593749998 0.6051731124268617 0.7420230139183412 0.6258919418969989 1.0262037622979059