0 0.06326688671875 5.810969273410153e-18 0 0 1.1152026022713649e-17 0.273189609375 0.06326688671875001 0.273189609375
0 0.09120670312500002 0.14183687109375004 0.08297653699681844 0.140189384332536 0.0715928052259851 0.268143376520036 0.07982297135416667 0.26979086328125
0 0.11856560807291672 0.07122524414062503 0.10898277662397081 0.07009851206214222 0.09826814250938744 0.27513589682776723 0.10785097395833336 0.27626262890625003
0 0.1458990026041667 0.07782494140625003 0.13698996678726033 0.07663842782238837 0.12515428319351032 0.2765941582911383 0.13406331901041668 0.277780671875
0 0.17516690036115187 0.08163160351555879 0.16504312110548777 0.08014442029174335 0.15188225720266926 0.28172333630743457 0.16200603645833336 0.28321051953125004
0 0.27642814629391005 0.9662523602351772 0.26818390667643044 0.8881692384138644 0.010198555834175485 0.9494566107831868 0.018442795451655097 1.0275397326044995
0 0.018989152501550383 0.7979270326795826 0.0070541892059112765 0.7889806761764507 -0.00631100409107314 0.8290980642563108 0.005623959204565969 0.8380444207594426
0 0.28344127104652267 0.870178125338376 0.2692781547552843 0.7360359317692841 0.03835738974629449 0.7908937994855958 0.05252050603753288 0.9250359930546878
0 0.07356172552342834 0.6333963522850589 0.021903808694983595 0.5954344529407299 -0.03194686266905208 0.7603124092254276 0.01971105415939267 0.7982743085697566
0 0.2739463007642499 0.7205604064334038 0.2597831302083333 0.586417701171875 0.09260780172322176 0.6261321123452934 0.10677097227913838 0.7602748176068223
0 0.25929853850717793 0.578781743744346 0.25234470786050783 0.4692064592681317 0.15563087618671803 0.48301610733061223 0.1625847068333881 0.5925913918068265
0 0.13957557780556062 0.6006078258845203 0.12668077711022654 0.4784781448173979 -0.01289480069533408 0.5116359185422524 -9.25185853854297e-18 0.6337655996093748
0 1 0.7913888925781252 0.9757354921875 0.7913888925781252 0.9757354921875 0.8743376113281252 1 0.8743376113281252
0 0.9472905677083334 0.7929306894531252 0.894524384232462 0.7911360464544147 0.8932354659329397 0.8764039375812137 0.946001649408811 0.8781985805799242