0 0.37772576953125 0.14395976498422722 0.2601365614688093 0.10185960880338522 0.2587567612304688 0.11191320347003163 0.3763459692929095 0.15401335965087357
0 0.3420315848022033 0.11021546493571759 0.3348783544707258 0.10026554093664292 0.284905828125 0.19398616009463723 0.2920590584564775 0.2039360840937119
0 0.32881330248666624 0.13011689570683058 0.32333379187895966 0.12148605381666212 0.2688850895911964 0.2116634190568855 0.27436460019890296 0.22029426094705393
0 0.3867799500548583 0.18320165665781263 0.3389681226621598 0.10690852275120968 0.22081041893843698 0.30007569752222407 0.2686222463311355 0.376368831428827
0 0.2455573049530918 0.24063912580384914 0.24099409034950153 0.2316700502923289 0.1860191888147244 0.3046341235969597 0.19058240341831467 0.3136031991084799
0 0.26978481020709516 0.24881405001280782 0.2625591604504317 0.23878036041956346 0.19784256652260143 0.3603578844849533 0.2050682162792649 0.3703915740781976
0 0.2544788171996774 0.27429954025516073 0.24881681042209802 0.2646323337409439 0.17396627141805615 0.3789953808458426 0.17962827819563548 0.38866258736005943
0 0.24059236260379702 0.2989056640771764 0.2345289763294435 0.2878549977559718 0.15506634131410635 0.4015944495612308 0.16112972758845986 0.41264511588243535
0 0.6597611674804688 0.10491274526813903 0.6251606615289333 0.08571009876119601 0.5934857398574424 0.23459762330320008 0.6280862458089778 0.2538002698101431
0 0.730438119140625 8.965838937035964e-17 0.6525867968829772 -0.043206060171136255 0.627123216579037 0.07648513182924334 0.7049745388366848 0.11969119200037968
0 0.3384246713867188 0.8203896088328078 0.3209565739429213 0.8136420790733047 0.31397849543356526 0.8607678042344402 0.3314465928773627 0.8675153339939433
0 0.31886507324218755 0.7576892113564669 0.2600196839876187 0.7515289744566238 0.25922135583943184 0.7714227798833517 0.3180667450940007 0.7775830167831949
0 0.32303814953316945 0.7237623272377778 0.2649349233377979 0.7167552970560032 0.2639435745858784 0.7381997079885725 0.32204680078125 0.7452067381703471
0 0.32955545263671887 0.6903500623028392 0.27633590756045384 0.6835142900116122 0.2752046434002976 0.7064900029453661 0.32842418847656263 0.7133257752365931
0 0.1911004155273438 0.6872579810725553 0.1412804156149407 0.6801182517572929 0.13941550000000008 0.7140653422712934 0.18923549991240318 0.7212050715865558
0 0.1943691674804688 0.6625160197160883 0.1467985577762021 0.6608295437353057 0.14655125174146597 0.6790271669698883 0.19412186144573268 0.6807136429506708
0 0.18738505057823174 0.5951375031470202 0.1469762619196202 0.5882808211249104 0.1438085122070313 0.6369813951104101 0.18421730086564284 0.6438380771325198
0 0.7661696367187502 0.7866517531545744 0.6286086552734377 0.7626896458990537 0.6262757120432579 0.7976274677688145 0.7638366934885704 0.821589575024335
0 0.7770434960937501 0.8994864865930601 0.7040554517679105 0.8858784959816749 0.7033311725260623 0.8960125954341164 0.7763192168519019 0.9096205860455016
0 0.7612017617187501 0.8548914100946376 0.7073852148934364 0.8450593802415931 0.7066970029268836 0.8548862738990937 0.7605135497521973 0.8647183037521381
0 0.7401802931216394 0.5097986665382209 0.7341153067825907 0.46195480993182414 0.7120764624023439 0.4692429022082019 0.7181414487413925 0.5170867588145986
0 0.6429975283203127 0.5886265252365932 0.6133601580022507 0.5426167154080427 0.6095435986328125 0.5490300315457414 0.6391809689508744 0.5950398413742919
0 0.610061459723427 0.5844938568146323 0.5996093749999998 0.5630545007886437 0.594542917040128 0.5694979294705258 0.6049950017635553 0.5909372854965144