0 0.2649631668532598 0.15950005605895617 0.060846868417718726 0.10639303462661265 0.05570004280033586 0.1261748067045624 0.2598163412358769 0.1792818281369059
0 0.19372314239269794 0.09796362945223239 0.17504408765589158 0.09362700479539499 0.12893325704367978 0.2922392429117652 0.14761231178048612 0.2965758675686026
0 0.17825047626568286 0.14221284150550145 0.16270069375000001 0.1379613453125 0.10933772222833812 0.3331356001826708 0.124887504744021 0.3373870963756722
0 0.2973176948186931 0.22174805540497394 0.16041636406249998 0.1835756125 0.08636260435069887 0.44916139848918835 0.22326393510689196 0.48733384139416236
0 0.08244986816074226 0.3986928306936421 0.06736694460185318 0.39304600278210305 0.04604419375000004 0.45 0.06112711730888913 0.4556468279115391
0 0.6877403531249999 0.16751150781250002 0.6733989812708578 0.14905263417892214 0.6356737734375 0.17836272343750004 0.6500151452916421 0.1968215970710779
0 0.698281609375 0.3575159671875001 0.6774727425754064 0.3326944146632103 0.63388598125 0.36923488125000004 0.6546948480495935 0.3940564337742899
0 0.4948905359374999 0.37109773281249986 0.4910600880608157 0.3662326859434881 0.46039896875 0.3903734234375 0.46422941662668427 0.3952384703065117
0 0.5368989734375 0.33717351875 0.5330687480420371 0.3323084099169351 0.5024055015625 0.3564491125 0.5062357269579628 0.3613142213330649
0 0.5532369687500001 0.38011805781249997 0.5494061141691443 0.37525214885684516 0.5187436296874999 0.39939224687499997 0.5225744842683557 0.4042581558306548
0 0.3488733988132309 0.9973305703292195 0.2919002606906951 0.9476933488162421 0.26168836403893875 0.9823702809332883 0.31866150216147454 1.0320075024462656
0 0.3874827854569744 0.9667926955924656 0.3144952878921917 0.8999614191465772 0.28451459731941764 0.9327038070903806 0.35750209488420037 0.9995350835362691
0 0.2940791223177933 0.951586138426132 0.21863599850531829 0.8847559991343651 0.1882853332354953 0.9190182200725209 0.2637284570479703 0.9858483593642878
0 0.4046311923725547 0.9183063303090391 0.3377027896061471 0.8505518185325187 0.3062843480833152 0.8815871850844715 0.37321275084972283 0.9493416968609919
0 0.3137581430538773 0.9033057881420952 0.240347620839989 0.8379101914569164 0.20993368525124018 0.8720516781520846 0.28334420746512845 0.9374472748372632
0 0.33452506078139377 0.8537276352169982 0.26218101280312395 0.7890739065094652 0.23327045539070546 0.8214232666211402 0.3056145033689753 0.8860769953286732
0 0.4099129588786871 0.8356324068006078 0.3597470144932831 0.7937503961732336 0.3301028012708258 0.8292580026512966 0.3802687456562298 0.8711400132786707
0 0.3854824359375001 0.77618136875 0.38092303481175066 0.7759558366519146 0.3797568988742507 0.7995306694644146 0.3843163000000001 0.7997562015625
0 0.36518425756064715 0.7910503196307924 0.2863440921228126 0.7269103388950772 0.24732840740599235 0.774867993426016 0.32616857284382694 0.8390079741617311
0 0.7729755437500001 0.45426670468750013 0.704014993254071 0.4489102380058694 0.6993267167470981 0.5092683337458673 0.7682872672430273 0.5146248004274981
0 0.6991454359375001 0.45000000000000007 0.6325626864170956 0.4448282336808348 0.6280865666267742 0.5024550374515052 0.6946693161471786 0.5076268037706704