0 0.46875 5.554697469332031e-17 0.4268201734375 5.297951329889186e-17 0.4268201734375 0.29024983437500007 0.46875 0.29024983437500007
0 0.46969938873302686 0.2306787731351751 0.34034032064639036 0.22302638660453677 0.33939093191336356 0.2390752415943617 0.46875 0.24672762812500001
0 0.4704628230260476 0.28244468609702206 0.4684941169723806 0.26329552200145423 0.336595364258833 0.27685589840443225 0.3385640703125 0.2960050625
0 0.46875 0.2070528953125001 0.4577754515625 0.2070528953125001 0.4577754515625 0.4637636515625 0.46875 0.4637636515625
0 0.5008626800870584 0.4435479351367153 0.4972452578125 0.4271616703125001 0.48908790116294165 0.42896248361328493 0.4927053234375 0.44534874843750016
0 0.4902263743673134 0.42443151659180894 0.4891964578125 0.4197661625000001 0.4871571181849131 0.4202163640499803 0.48818703473972647 0.4248817181417891
0 0.5345050341275913 0.3303254557403337 0.5274769261385267 0.32784234548103974 0.49808166687308386 0.41104165397361864 0.5051097748621485 0.41352476423291257
0 0.49822001573448393 0.19133514203339258 0.48065477078643387 0.18519697567539864 0.45246166675453614 0.2658755935693565 0.47002691170258615 0.2720137599273505
0 0.6304038904022498 0.020443655494832867 0.5918516344352736 0.0072168772865059076 0.4577593702953364 0.3980572776388544 0.4963116262623125 0.4112840558471813
0 0.3092369569484511 0.8063309742794207 0.285940637249458 0.7554934817617608 0.2498253146028447 0.7720433558948235 0.2731216343018378 0.8228808484124833
0 0.31655960894352 0.954314598960235 0.2771226608923921 0.8819488179734629 0.1168857508368795 0.9692726139936785 0.15632269888800732 1.0416383949804504
0 0.6829640562705398 0.8086562069691036 0.6633082414271281 0.7875492901142901 0.64576131242193 0.8038898665219717 0.6654171272653417 0.8249967833767853
0 0.6468586034296923 0.8050929442532446 0.6357186935191187 0.7845820618294468 0.6020889390625 0.8028471187499999 0.6132288489730736 0.8233580011737978