0 0.04605582932692308 6.4051328343759035e-18 0.031416834368865214 -0.0015372296911477614 0.026539663695788283 0.044907928962698386 0.041178658653846144 0.04644515865384616
0 0.21694223557692308 2.5620531337503614e-17 0.08952519273033613 -0.013379967203111657 0.08147959657648998 0.06323801356611912 0.20889663942307693 0.07661798076923079
0 0.2844358485576923 4.2700885562506023e-17 0.26939066608434775 -0.0020077958576260003 0.2597241492574247 0.07042711279622015 0.27476933173076923 0.07243490865384619
0 0.33281554086538456 3.843079700625542e-17 0.31512415972221475 -0.001386747248469446 0.30882195539529167 0.07901341140537672 0.32651333653846143 0.08040015865384618
0 0.38220975721153844 4.697097411875662e-17 0.3657623064532786 -0.001460324612951574 0.35845790741481715 0.08080819461781764 0.37490535817307696 0.08226851923076928
0 0.43520322115384624 5.978123978750843e-17 0.4165131671387894 -0.0018303792348539371 0.40780185944648156 0.08712102941899222 0.4264919134615385 0.0889514086538462
0 1 1.0866084845985795e-16 0.7658537884615384 9.432352803520515e-17 0.7658537884615384 0.34855769230769246 1 0.34855769230769246
0 0.19652403061160298 0.9261781154273527 0.16709033545073249 0.6412499046347543 -0.003647937949332022 0.6588875343997092 0.02578575721153846 0.9438157451923076
0 0.4642717766702045 0.8871182835000293 0.4340460649038462 0.5945230528846155 0.3230656415990263 0.605987567461509 0.3532913533653846 0.8985827980769229
0 0.34099561300351067 0.9048363290201364 0.31054604906446875 0.6100741590724017 0.20596899375326583 0.6208771930330345 0.2364185576923077 0.9156393629807693
0 0.5679952258821587 0.8680520723796692 0.5376475360576923 0.5742760336538463 0.4586806733019759 0.5824334785826966 0.4890283631264423 0.8762095173085196
0 0.43468550677391693 0.5569794433075083 0.41608059615384624 0.39973200240384615 0.3072082154016735 0.4126133625153245 0.32581312602174417 0.5698608034189866
0 0.30308762236695447 0.579637764039425 0.28645718028846157 0.41864941105769227 0.1818801249834989 0.42945244512057185 0.19851056706199183 0.5904407981023045
0 0.5343558979268966 0.5424118710596748 0.5134421199335162 0.33995933491388924 0.43020707451923074 0.3485576923076923 0.4511208525126112 0.551010228453478
0 0.4147172747517154 0.3865345785249048 0.40965542390326254 0.3375341439137141 0.3029437284784702 0.3485576927926554 0.308005579326923 0.3975581274038461
0 0.28681899293707147 0.40065012383313253 0.27875902431370647 0.3454226582469323 0.1704281917154309 0.3612326017671955 0.1784881603387959 0.4164600673533958
0 0.16291413627537615 0.6008228857225691 0.13864314182692306 0.3658713509615384 0.016992151291114917 0.3784381576391219 0.041263145739568005 0.6133896924001526
0 0.028252324519230834 0.3854089471153846 4.724161120969667e-17 0.3854089471153846 6.141312858828492e-17 0.6168473894230769 0.028252324519230845 0.6168473894230769
0 0.7217469831730772 0.9999999999999999 0.7216178028167618 0.9555596594602969 0.7002561308447273 0.9556217541329148 0.7003853112010426 1.0000620946726178
0 0.6910054879807692 0.9504654807692308 0.6693345144230769 0.9504654807692308 0.6693345144230769 1 0.6910054879807692 1
0 0.6650464413403963 0.944553870070297 0.6354963336496338 0.9420239740362977 0.6306011798913039 0.9992011539589114 0.6601512875820664 1.0017310499929108
0 0.6208437489253726 0.9398782606159224 0.60905969058785 0.9396597590894948 0.6080273003414308 0.9953378455990088 0.6198113586789534 0.9955563471254364
0 0.6037219359062391 0.9388523564844854 0.592422976570405 0.9380935944215139 0.5890043908281906 0.9890008065402469 0.6003033501640248 0.9897595686032185
0 0.6337755849773526 0.9298466192588054 0.6284957975560206 0.9000160773454469 0.5820400718919323 0.908238400517533 0.5873198593132642 0.9380689424308918
0 0.7577529539074503 0.87713851513081 0.7573128770643228 0.8746521038509414 0.7465752092145647 0.8765525935278239 0.7470152860576923 0.8790390048076925
0 0.606636444073967 0.8987570831246234 0.6061964807692308 0.8962713100961538 0.5972107915029562 0.8978617101446071 0.5976507548076923 0.9003474831730768
0 0.7553554703413619 0.8698712672090887 0.754035467136378 0.8624133120567037 0.7001678822115383 0.8719474783653844 0.7014878854165221 0.8794054335177695
0 0.7643558075362071 0.8900234320499346 0.6435653229210055 0.87603820386066 0.6368033037138209 0.934441796991842 0.7575937883290227 0.9484270251811165
0 0.6374480370248583 0.8371175736896591 0.5949967867289545 0.8324825715645474 0.5884630185809926 0.8923243191058934 0.6309142688768965 0.8969593212310051
0 0.6343337136266748 0.8271955682207702 0.6338937499999998 0.8247097932692308 0.6038822911810173 0.8300215976446146 0.6043222548076923 0.832507372596154
0 0.6407554005584253 0.7656922521114985 0.5920453112309312 0.7647721036569646 0.5908269500032624 0.8292687443245497 0.6395370393307565 0.8301888927790836
0 0.6524745708724574 0.7547624818632078 0.6463146346153845 0.7199591201923078 0.5840425326618597 0.7309808192527292 0.5902024689189326 0.7657841809236292
0 0.6233307274639647 0.7188998154655337 0.622890763864504 0.7164140425171677 0.5823662190928471 0.7235865900324033 0.5828061826923077 0.7260723629807694
0 0.7376887124573849 0.7063502230691019 0.7337288179927872 0.6839769992159892 0.7229911483417768 0.6858774869996396 0.7269510428063746 0.7082507108527523
0 0.6548491263393019 0.7157531521478807 0.6506935013002013 0.6669655727423531 0.5712337120446465 0.6737337931348293 0.5753893370837471 0.7225213725403569