0 0.15337604062500002 0.35878966874999996 0.1393055171875 0.23088466406250002 0.12916855880175132 0.2319998065926936 0.14323908223925133 0.3599048112801935
0 0.17798008588235392 0.35488822276886806 0.16130328897314328 0.22964786473162876 0.15187459996578934 0.2309033732127607 0.168551396875 0.35614373125
0 0.1995480734375 0.35176164375 0.18504402343749998 0.22971282187499997 0.17698269885374016 0.23067081436548736 0.19148674885374017 0.3527196362404874
0 0.30333230530104616 0.43080436652694676 0.2766535609375 0.20630780781250002 0.20648821921001606 0.21464612366842117 0.2331669635735622 0.4391426823828679
0 0.3275164109375 0.309354940625 0.31294176406249996 0.20753084843750003 0.304562784366941 0.20873017825829226 0.319137431241941 0.31055427044579226
0 0.3569474453125 0.36466405625 0.3412307390625 0.20118279375 0.3314977937469731 0.20211849635060508 0.347214499996973 0.3655997588506051
0 0.3845477443729386 0.35842575738065957 0.367794275 0.1988713421875 0.3587427298473539 0.19982176893883147 0.3754961992202924 0.359376184131991
0 0.4141820835188052 0.35435845346456263 0.3960213203125 0.19335988593749995 0.3857321575207493 0.19452051147549237 0.4038929207270545 0.3555190790025551
0 0.9162173071004872 0.1498165883045457 0.8702612838654478 0.1482136721387634 0.8629084707808111 0.35902073502439913 0.9088644940158506 0.36062365119018136
0 0.8834340050464435 0.4402445045561708 0.8193709191734676 0.2361580751846078 0.7167866030222289 0.26835947081416467 0.780849688895205 0.47244590018572774
0 0.55 0.65 0.467613546875 0.65 0.4676135468750001 0.8060393093749999 0.5500000000000002 0.8060393093749999