0 0.0828633345185286 0.33674305424135204 0.01268480933058005 0.3254864548991553 -0.007116886769059139 0.44893882148409225 0.06306163841888943 0.46019542082628895
0 0.3228981811141659 0.32701519291970094 0.1583143519488684 0.2905811819097075 0.10708261685994933 0.5220109614473942 0.2716664460252468 0.5584449724573878
0 1.0624436905888024 0.4914340960844374 0.9962529312027399 0.3364925532539152 0.7765316107039089 0.43035712173206686 0.8427223700899711 0.585298664562589
0 0.46756492990726484 0.6737423955345355 0.3977071313394335 0.6617436001912275 0.37625319218750014 0.7866498859375 0.44611099075533145 0.798648681280808
0 1.0042308765085672 0.9526186117179828 0.9997630819779756 0.9286353048275137 0.8011334773444088 0.9656375524845309 0.8056012718750001 0.989620859375
0 0.7793417700365461 0.9945126829596799 0.7748739765624999 0.9705293749999999 0.6166744389668775 0.9999999910991265 0.6211422324409236 1.0239832990588065
0 1.007446273036374 0.9222408165530359 0.9999999997963659 0.882268911406884 0.8347486398562965 0.9130532028960563 0.8421949130963047 0.9530251080422081
0 0.8159354129027105 0.9579169314731963 0.8084891394105338 0.9179450260852345 0.5220554117325628 0.9713041004894345 0.5295016852247396 1.0112760058773964
0 1.0071484409642886 0.8759740411257084 0.999702167535478 0.8360021354341891 0.8627749942884207 0.8615099803615834 0.8702212677172312 0.901481886053103
0 0.8511912825983835 0.9050269384956474 0.8437450092919001 0.865055033928917 0.557311283382105 0.9184141077693443 0.5647575566885882 0.9583860123360747
0 1.007148440395372 0.8296517820965688 0.9999999999993339 0.7912786562464241 0.9039169699734797 0.8091777405142226 0.911065410369518 0.8475508663643673
0 0.8848059096565821 0.8524426883980041 0.8773596358957135 0.8124707834426559 0.5908390654607295 0.8658460380861973 0.5982853392215982 0.9058179430415457
0 0.9187189034531263 0.8014571153821194 0.9112726293597188 0.761485210090371 0.6266146586651719 0.8145134872563913 0.6340609327585793 0.8544853925481398
0 0.9887073984375 0.7420972890625003 0.9848352699029563 0.721311537798001 0.9619043167779562 0.7255832909230009 0.9657764453125001 0.7463690421875003
0 0.9539748510705506 0.7485675346592557 0.9465285012385622 0.7085952201360889 0.6603171992274512 0.7619128602594399 0.6677635490594397 0.8018851747826068
0 0.9712694329253665 0.6990230851416808 0.9638231589621791 0.6590511795626866 0.6937099368273281 0.7093699478065596 0.7011562107905154 0.7493418533855538
0 0.9601208906250001 0.6564323468749999 0.952674615039454 0.6164604377853111 0.7293982833059951 0.6580540753092687 0.7368445588915411 0.6980259843989576
0 0.9455677765985078 0.6128211548807906 0.9381214651215706 0.5728490469130343 0.7631007298665514 0.6054532545941185 0.7705470413434887 0.6454253625618749