0 0.42559308733213513 0.20507996569067222 0.36455634615384624 0.18104991927083336 0.17825718670632645 0.3198890369134946 0.23929392788461537 0.34391908333333343
0 0.1198907635269947 0.40528212431054045 0.056693627403846245 0.3715431106770833 -0.06319713612314831 0.43743242126237636 1.3664283380001927e-16 0.4711714348958334
0 0.18431893546781003 0.9995279272726848 0.18413658653846154 0.9898310742187499 0.1738066606373194 0.9898880688345968 0.17398900956666788 0.9995849218885317
0 0.45338843284371616 0.9950580547418904 0.45254195432692307 0.9797292643229167 0.3342510671562839 0.9816458293726931 0.335097545673077 0.9969746197916667
0 1.0000000000000002 0.8787666848958334 0.9689934519230772 0.8787666848958334 0.9689934519230772 0.9694399700520834 1.0000000000000002 0.9694399700520834
0 0.9613806801563739 0.9743085539661411 0.9597079806514556 0.8744661349214996 0.7498828340060798 0.8754975288963592 0.7515555335109981 0.9753399479410008
0 1.0006673705041498 0.8710832928212136 0.9999549230129336 0.859589125269724 0.96823913698765 0.8601659117050855 0.968951584478866 0.8716600792565751
0 0.9598209405479661 0.8586147587809134 0.7514490756247342 0.8575905090318469 0.7512185066047508 0.8713530424732999 0.9595903715279827 0.8723772922223665
0 0.999735397538863 0.8464858384535748 0.9968071490384618 0.67170091796875 0.9728793404419066 0.6718185352443419 0.9758075889423079 0.8466034557291667
0 0.9541858663022078 0.8492690331075362 0.9489626394230769 0.6725710221354166 0.742830830487675 0.6743588119774756 0.748054057366806 0.8510568229495951
0 0.7800036953580191 0.5548213635255389 0.7771539716915418 0.5088456710224994 0.633253847941127 0.511462647736587 0.6361035716076043 0.5574383402396265