0 0.5559325968749999 0.21815999531249997 0.5333904817243214 0.18161585057393775 0.3487823492469386 0.2954906671780215 0.3713244643976171 0.3320348119165838
0 0.27607756562499997 0.36964851093750006 0.25629512218620265 0.32601326188862306 0.13281236195047533 0.3819953124847735 0.15259480538927267 0.4256305615336505
0 0.16214262187500003 0.42244036718750005 0.14344983380924956 0.38543076315256475 0.09465740312500004 0.41007481406250007 0.11335019119075052 0.44708441809743543
0 0.8127747315624537 0.1935704536502954 0.7877048406250001 0.1696249109375001 0.7602460688026239 0.198372992495725 0.7853159597400776 0.22231853520852027
0 0.8547141171874998 0.21190325312500008 0.825554199974175 0.1827498073983413 0.8137761093750001 0.19453051250000014 0.8429360265883247 0.2236839582266589
0 0.5800627842836977 0.5690992818194738 0.5725834030152008 0.48474757456727946 0.523920109375 0.4890625 0.531399490643497 0.5734142072521944
0 0.7544018077926525 0.508785217163266 0.6588940983327299 0.4641948819830466 0.633078112807734 0.5194899506336329 0.7285858222676566 0.5640802858138523
0 0.7656583407544627 0.6693172968991865 0.6897721629095752 0.6293047558636709 0.6623066906250001 0.6813946671875003 0.7381928684698877 0.7214072082230159
0 0.7725704154282178 0.8243279277022901 0.7178031792397798 0.7901755372450993 0.6842952638115618 0.8439092845428092 0.7390625 0.878061675
0 0.5265930875000001 0.9504503515625 0.3931788968750001 0.9504503515625 0.3931788968750001 1 0.5265930875000001 1
0 0.5129350706546558 0.8955641470619031 0.49441281172033824 0.813670313714686 0.363773811649302 0.8432174638154365 0.38229607058361964 0.9251112971626536
0 0.46080247984360556 0.8200258206314961 0.4522702203124999 0.6881355640625 0.3658878257862055 0.6937238237883511 0.3744200853173111 0.8256140803573475
0 0.4407513646547138 0.6794911866708752 0.4334161559397092 0.5478503432185251 0.34581446200079435 0.5527316299983571 0.35314967071579895 0.6843724734507072
0 1 0.6701544484375002 0.96984555 0.6701544484375002 0.96984555 0.7751625265625002 1 0.7751625265625002