0 0.49767470268713854 0.17689894406208487 0.46874999999999994 0.13948099804687505 0.42252512818043064 0.17521360275982872 0.4514498308675692 0.21263154877503854
0 0.47837451670390174 0.0744894252672002 0.44849979737335055 0.036290382537074006 0.36251837477559845 0.10353476051525656 0.39239309410614964 0.14173380324538276
0 0.352913330078125 2.7755575615628914e-17 0.33928385957655227 -0.016410602407875258 0.10596709199842733 0.17736558704524977 0.11959656250000003 0.19377618945312505
0 0.281797033203125 2.7755575615628914e-17 0.26747971042727586 -0.0174987647166142 0.08348910886477591 0.13304059465838583 0.09780643164062501 0.15053935937500004
0 0.21382000781249993 1.3877787807814457e-17 0.19975613839967615 -0.01710446931401964 0.059814571993426185 0.09796018888910538 0.07387844140625 0.11506465820312503
0 0.144056609375 1.3877787807814457e-17 0.12908244906634872 -0.0176488618443323 0.03341052328509872 0.06352389401504271 0.048384683593750005 0.08117275585937503
0 0.07156273046875 0 0.056908640340427585 -0.017635164427445643 0.00117232500581416 0.028679401659780127 0.01582641513413658 0.04631456608722577
0 0.6960558414223452 0.07229765092554674 0.6350180648718432 0.05807002226725522 0.5963556737405583 0.22393507592144948 0.6573934502910603 0.238162704579741
0 0.8012244263621037 0.09276874062730617 0.7517257167968748 0.08089469726562509 0.7198241204229274 0.21388122977881077 0.7693228299881563 0.22575527314049185
0 0.6264268829593914 0.2853523907570935 0.5689096642481785 0.27417217571380165 0.5424498224051175 0.41029625780510115 0.5999670411163305 0.421476472848393
0 0.6060419921875001 0.48234775585937517 0.5490575564449514 0.4691694784251693 0.526235826167016 0.5678533488361238 0.5832202619095648 0.5810316262703297
0 0.7492513031077146 0.5440094009001133 0.6566098727039968 0.526001734149751 0.6483763828125 0.5683593750000001 0.7410178132162178 0.5863670417503624
0 0.42553349186670564 0.7332276439621953 0.24489217832139287 0.6972252432461427 0.1845481855468751 1 0.3651894990921879 1.0360024007160527
0 0.5334934848310335 0.8808635576424053 0.4687500000000001 0.8655134765625001 0.46250749954396664 0.8918430595450949 0.5272509843750001 0.907193140625
0 0.773452693359375 0.950805916015625 0.7550471820155005 0.9472282477400945 0.74478939453125 1 0.7631949058751246 1.0035776682755306
0 0.7030669890300402 0.9307573419920525 0.672391140043291 0.9247945602581937 0.6577726816406251 1 0.6884485306273742 1.0059627817338588