0 0.06079022798221863 0.04826913716119273 0.038589551715513926 0.019046586116082703 -0.022200676266704692 0.06522955520488999 1.1102230246251566e-17 0.09445210625000003
0 0.1102083609375 0.12365964375 0.08892987515092453 0.09435957811223093 0.01984347983842455 0.14453195311223094 0.04112196562500001 0.17383201875000004
0 0.15151602031249997 0.18689307500000008 0.13017628411389268 0.1553573673206206 0.061148124738892716 0.2020676782581206 0.08248786093750002 0.23360338593750005
0 0.19531545 0.2473165046875001 0.17342789449235055 0.2152765385063439 0.10111374531249999 0.26467671406250004 0.12300130082014951 0.2967166802436563
0 0.4043282714253847 0.2031912541753454 0.3944768953125 0.189242725 0.15882978951211532 0.3556723348871547 0.168681165625 0.36962086406250005
0 0.41921476379339834 0.23849020626832135 0.4078494466211896 0.22274086105053303 0.1791604046875 0.3877714359375001 0.19052572185970867 0.40352078115528844
0 0.43668428515568963 0.26874671286385354 0.4254929386823731 0.25310477489089533 0.19884426290001525 0.4152652349811893 0.2100356093733317 0.43090717295414754
0 0.4557217433773452 0.2982116917185492 0.44502377031250007 0.2830800265625001 0.21824356486297752 0.4434119202780555 0.22894153792782265 0.4585435854341046
0 0.48033909605043607 0.32853126111181424 0.4695083252060342 0.3124307019413744 0.2680020944218484 0.44798300085467035 0.2788328652662503 0.4640835600251102
0 0.49497415489767266 0.35762512618915243 0.4845867242999168 0.3433403460194407 0.3823660140625 0.41767194375 0.3927534446602559 0.43195672391971174
0 0.4965351981665065 0.3986403569908018 0.4890625 0.3877633703125 0.40038397262901426 0.44868721700761516 0.40785667079552085 0.4595642036859169
0 0.38061523717743717 0.43949917437639224 0.3721782126791503 0.42747484040099604 0.34007565781250004 0.45000000000000007 0.3485126823107869 0.46202433397539633
0 0.4970481252233485 0.4408624998771617 0.4890625 0.42959609218750006 0.4604338198189299 0.4498880891454052 0.4684194450422785 0.46115449683506676
0 1.091452965861676 0.1264096491226392 0.5678482502595109 -0.04686949169258274 0.4709870574076983 0.24581996358433633 0.9945917730098633 0.4190991043995583
0 0.14475595937500002 1 0.08324811405611951 0.818179117292679 -0.012201712682667587 0.8504686601182614 0.04930613263621293 1.0322895428255827
0 0.2587164453125001 0.65664615625 0.15197082343750007 0.6348668671875 0.12802456477833304 0.7522333369936074 0.2347701866533331 0.7740126260561074
0 0.21598007384331805 0.554935084575433 0.17175787590130845 0.5446780052060928 0.16003144531250002 0.5952351390625 0.20425364325450962 0.6054922184318402
0 0.762099625 0.7110866703125001 0.761723756460961 0.6861616980763092 0.6679223533359611 0.6875762230763092 0.668298221875 0.7125011953125001
0 0.8548002438862972 0.7149819533192703 0.8544935624774128 0.6940827265857599 0.7728681654661156 0.6952805217039896 0.7731748468749999 0.7161797484375001