0 0.568054798256453 0.8752089111445608 0.5152218750000002 0.83549375 0.43134439611496644 0.947075631507351 0.4841773193714193 0.9867907926519118
0 0.6645191663159539 0.7629476556636708 0.615928125 0.7244562500000001 0.5297090248601408 0.8332981014441108 0.5783000661760948 0.8717895071077816
0 0.7451326953127433 0.659873666962646 0.6937155533943458 0.6221760470688406 0.6112373690794294 0.7346710141261283 0.6626545109978269 0.7723686340199338
0 0.8223296874999999 0.576778125 0.7775571078622638 0.5341946264273373 0.6722539986379323 0.6449110307125007 0.7170265782756685 0.6874945292851634
0 0.8956921174687549 0.21831711194893125 0.8750719725576468 0.1994972375497622 0.5496923550888921 0.5560020006008312 0.5703125000000001 0.5748218750000003
0 0.9368465332625606 0.19101583267706354 0.9151430204401286 0.16997487946774203 0.5954839871775681 0.49969967179067865 0.6171875 0.5207406250000002
0 0.9671630499998194 0.11557342705420112 0.9426192228259943 0.09759813198437217 0.6737715714849456 0.4646880887817451 0.6983153986587709 0.48266338385157403
0 0.9637390625 0.07656250000000027 0.9407375544527513 0.05847718259587742 0.6806123115935931 0.3893131161445731 0.7036138196408418 0.4073984335486959
0 0.9891085535414395 0.049891043883777894 0.9663549034334764 0.02806854564084018 0.6978570075162909 0.30802307286372554 0.7206106576242537 0.3298455711066633
0 0.9175944556598109 0.023970143486242445 0.8964536719308207 0.003584666170757167 0.7490274142090572 0.15647324377117822 0.7701681979380475 0.1768587210866635
0 0.9884324213349485 0.005861539031892437 0.9719679123293519 -0.0075750664910470885 0.8296503729628425 0.16681335360165161 0.8461148819684391 0.18024995912459113
0 1.001542449277095 0.16981683072991954 0.9816390236026908 0.15247144438758292 0.9303094281291667 0.21137095623707794 0.9502128538035709 0.22871634257941453
0 1.0032875068520364 0.012460111098630922 0.9864427923119143 -0.0022946807111597243 0.9091558836312972 0.08593942866811366 0.9260005981714192 0.1006942204779043