0 0.3171335645359207 0.5510184541142331 0.2695345109375 0.5051606109375 0.17271293858555695 0.6056584733010265 0.22031199218397762 0.6515163164777596
0 0.42656010683684914 0.45135002698411225 0.38302217812500006 0.40722377187500003 0.28418125706812025 0.5047468670061637 0.32771918577996945 0.5488731221152758
0 0.5191343152922513 0.35886865299054704 0.47269461270241997 0.31518585178370595 0.3771215203764432 0.41679073655729876 0.4235612229662745 0.4604735377641399
0 0.603759212766391 0.2875468895864898 0.5645099835963314 0.23982439615948556 0.44862233150102143 0.33513586646281934 0.48787156067108084 0.38285835988982353
0 0.5854802223503635 0.05634839181660332 0.5673073433783384 0.03515583520807257 0.3378095288404751 0.2319530449539693 0.3559824078125 0.25314560156250004
0 0.5875522263175146 0.061012354360986044 0.56875 0.03773862656250002 0.39029662993248543 0.181906362826514 0.40909885625 0.20518009062500003
0 0.5899655150095301 0.07437452992963048 0.56875 0.05464506250000008 0.4730597486721468 0.15754282041225257 0.49427526368167685 0.17727228784188295
0 0.5879471479577534 0.023541487374246904 0.5672417607100199 0.0029482806994785447 0.4879999877092704 0.08262171971700663 0.5087053749570039 0.10321492639177499
0 0.7462812418524469 0.0664697209190572 0.658650414893537 0.0483563572472404 0.630926485805609 0.18248223671077804 0.7185573127645188 0.20059560038259483
0 0.9135494086786137 0.007717120320948845 0.7677659515863023 -0.0019825534684422387 0.7581561275481203 0.14245048631762264 0.9039395846404317 0.1521501601070137
0 0.7667228875000001 8.503210422932728e-17 0.621956759375 7.616773545766543e-17 0.621956759375 0.08735781406250008 0.7667228875000001 0.0873578140625001
0 0.33660950106763743 0.8356106935271248 0.23089305307000146 0.8169462915113572 0.22414252206176669 0.8551817602762071 0.3298589700594026 0.8738461622919746
0 0.41872998884873824 0.8026766303007269 0.2903033917691845 0.7869078309428205 0.28546296618933664 0.8263299436558599 0.41388956326889037 0.8420987430137664
0 0.37592007726270416 0.755033849123301 0.3222386805500311 0.7490752247052705 0.31776032141856125 0.7894208743540052 0.3714417181312344 0.7953794987720356
0 0.29186954218750005 0.6500000000000001 0.2546271887608741 0.6446616240532383 0.23792120907337413 0.7612083053032384 0.27516356250000007 0.76654668125
0 0.33420901818173016 0.6500787040771965 0.29733406501559817 0.645551028521009 0.2890831771383943 0.7127491084795234 0.32595813030452625 0.7172767840357108
0 0.24855062955448654 0.6504092146535823 0.2053179291079618 0.6451009063570103 0.1888024722427549 0.7796085045408037 0.23203517268927967 0.7849168128373755
0 0.9737275390625001 0.9981441562500001 0.8982784469559167 0.990625562138318 0.8976075400496445 0.9973581129602357 0.9730566321562281 1.0048767070719178
0 1.0167113733897326 0.7140251323526606 0.945363765983845 0.7032310865778644 0.9034732183950116 0.9801235887724069 0.9748208258008992 0.990917634547203