0 0.9493794233527744 0.4793493443805171 0.9043927668269232 0.44186046394230777 0.8193544300126104 0.5439064681194832 0.8643410865384618 0.5813953485576925
0 0.8442091453111538 0.3892273334820472 0.8010335889423074 0.35400516826923084 0.7179992138681978 0.4557892386096778 0.7611747702370442 0.4910114038224941
0 0.7597764907747346 0.32031488076697584 0.7157622740384615 0.2816537451923077 0.6311423435226362 0.37799028333508006 0.6751565602589095 0.4166514189097482
0 0.67571059375 0.2428940576923078 0.6306465233041975 0.20375946927086802 0.5420929497371932 0.30573024853335795 0.5871570201829956 0.3448648369547977
0 0.5509805430752664 0.12813648101835967 0.5306601119560506 0.11151067351875461 0.2494774078230918 0.4551784184619335 0.2697978389423078 0.47180422596153854
0 0.5107159134615384 0.09104727403846159 0.4892203782442335 0.07317513176033924 0.21182259699423348 0.4068124586834161 0.23331813221153844 0.4246846009615384
0 0.4708015831246553 0.058295462295557154 0.4490076004332453 0.04010520909821791 0.17428444759705153 0.36925464824496845 0.19607843028846156 0.3874449014423077
0 0.4271165817307693 0.021127831730769316 0.40501742516132155 0.0031342525606166127 0.13521958621901378 0.3344916011183089 0.15731874278846159 0.3524851802884616
0 0.3830369375 1.0248212535001446e-16 0.3606685203793369 -0.01922034890691973 0.08700419788652033 0.29926698689576803 0.10937261500718345 0.31848733580268784
0 0.1968384254807693 0.12752698076923083 0.17586034848053805 0.11027597317054494 0.051613347945639064 0.26136646045706324 0.07259142494587029 0.27861746805574916
0 0.2279981754807692 0 0.21196088114749742 -0.013296486083387208 0.011399911057692284 0.22860617067307692 0.027437205390964035 0.2419026567564641
0 0.3024775817307693 5.124106267500723e-17 0.2842163181145303 -0.016226510688044014 0.18845708494145333 0.09154062633118674 0.2067183485576923 0.10776713701923081
0 0.15883873076923075 0 0.14235166960002713 -0.013565303650318904 -0.015727068380742056 0.17856116029198882 0.0007599927884615652 0.19212646394230773