0 0.5537595445889912 0.8583533394510997 0.5026623711937461 0.8205773534416814 0.4260628717090292 0.9241886240034531 0.47716004510427423 0.9619646100128717
0 0.6459769596528221 0.8050651911101593 0.5414484375 0.7187640625000002 0.5060461636174078 0.7616435407802088 0.6105746857702299 0.8479446693903678
0 0.7128737037263331 0.6660392914986322 0.6694277388876164 0.6266699331527906 0.580686552136814 0.7246000656546479 0.6241325169755306 0.7639694240004894
0 0.7921225865959445 0.5719125021442453 0.7482881863941381 0.5326110108710553 0.654122008180565 0.6376380164011016 0.6979564083823714 0.6769395076742917
0 0.8543703125000002 0.21093750000000017 0.8330429799394578 0.19566711596326397 0.5725664174394577 0.5594608659632638 0.5938937500000001 0.57473125
0 0.8995135866103714 0.1998379834946606 0.8760607704661609 0.18162635186092652 0.6183654017072441 0.5134847062503525 0.6418182178514547 0.5316963378840865
0 0.964080621336565 0.4361401716523183 0.6276887029876856 0.1655270300773854 0.6086848503181654 0.18915020823611953 0.9450767686670447 0.45976334981105244
0 1.003129789926059 0.39671967789911894 0.6645487311830428 0.12507809501610087 0.6464218749999999 0.14767187500000006 0.9850029337430162 0.4193134578830181
0 0.9876469876972189 0.07735166583821114 0.9642547883718755 0.057334595059996565 0.6993382906183999 0.36691932844494357 0.7227304899437433 0.38693639922315815
0 0.8794067756019082 0.046859611255111136 0.8571107724257917 0.029569595227360423 0.7384138577144927 0.18263288812140605 0.7607098608906092 0.19992290414915675
0 0.9788618639650618 0.0017648820308253654 0.9615111032468147 -0.011573052758378477 0.7858729095706213 0.21690731692580245 0.8032236702888685 0.2302452517150063
0 1.0136364994054117 0.2725371840576055 0.9085004236411862 0.1831656602670148 0.8933014242357744 0.2010456637094093 0.9984374999999999 0.2904171875
0 0.9708255053010454 0.006578158415204349 0.9530388632766996 -0.007562454323200995 0.8300627873810068 0.14712189210365167 0.8478494294053526 0.161262504842057