0 0.061989503125000026 0.3326834687500001 0.03227259267735001 0.30804552487644427 -0.02301715762032508 0.37473293055855705 0.006699752827324934 0.3993708744321129
0 0.25074295657986223 0.23265581405323205 0.23742847031249997 0.22196303437500003 0.07171729058174528 0.42830406947227867 0.08503177684910752 0.4389968491505106
0 0.2747824805996123 0.26248407173626054 0.25998068614126496 0.25084274377681465 0.119322709375 0.4296875 0.13412450383334734 0.44132882795944595
0 0.29991508488815183 0.28675323857606083 0.28539394394819534 0.2752367447027103 0.16290142187499998 0.4296875 0.17742256281495644 0.4412039938733505
0 0.3263083034527771 0.3098672464834077 0.311882309375 0.29823263125000005 0.207583193877194 0.4275552080867803 0.22200918795497113 0.439189823320188
0 0.3583576365709308 0.3321889397272466 0.3435085163475048 0.3196974546490454 0.2532744789921612 0.4269622082429043 0.26812359921558726 0.43945369332110557
0 0.3810693312500001 0.35581945312499996 0.3674271438748257 0.34507778930048394 0.30080666406250006 0.4296875000000001 0.31444885143767437 0.44042916382451613
0 0.40706629036757846 0.37836468145593877 0.39664593762629585 0.36977169271379934 0.34782711996409776 0.42897220090925253 0.35824747270538043 0.43756518965139196
0 0.657972896875 0.10584745468750008 0.6433245954676974 0.07334952125858876 0.49039454375 0.14228207343750005 0.5050428451573027 0.17478000686641135
0 0.7137396647183224 0.13656582831772696 0.6974319352720956 0.10339353033687862 0.5982628314912731 0.15214574264415162 0.6145705609375 0.18531804062499996
0 0.45758666115573743 0.8286634130565533 0.3992311096520609 0.5464129355602619 0.0031530156838234014 0.6283024537537083 0.06150856718749995 0.9105529312499998
0 0.19478595468750007 0.4296875 5.262154215086284e-17 0.4296875 6.227966823295585e-17 0.58741666875 0.1947859546875001 0.58741666875
0 1.0196876942113164 0.7676917038251678 0.8989793281250001 0.7046706296875003 0.7860919846936714 0.9208911077398729 0.9068003507799876 0.9839121818775407