0 0.5813953485576924 0.8643410865384618 0.5439064681194831 0.8193544300126104 0.44186046394230777 0.9043927668269232 0.4793493443805171 0.9493794233527745
0 0.4910114038224941 0.7611747702370444 0.4557892386096778 0.7179992138681981 0.35400516826923084 0.8010335889423078 0.3892273334820472 0.844209145311154
0 0.41665141890974805 0.6751565602589096 0.3779902833350801 0.6311423435226365 0.2816537451923077 0.7157622740384616 0.3203148807669756 0.7597764907747346
0 0.34486483695479764 0.5871570201829958 0.3057302485333579 0.5420929497371932 0.20375946927086794 0.6306465233041975 0.2428940576923077 0.67571059375
0 0.4718042259615384 0.2697978389423078 0.45517841846193335 0.24947740782309186 0.11151067351875464 0.5306601119560506 0.1281364810183597 0.5509805430752666
0 0.4246846009615385 0.23331813221153858 0.4068124586834161 0.21182259699423353 0.07317513176033917 0.4892203782442334 0.09104727403846156 0.5107159134615386
0 0.3874449014423077 0.19607843028846156 0.36925464824496845 0.17428444759705153 0.040105209098217943 0.4490076004332453 0.05829546229555719 0.4708015831246553
0 0.3524851802884616 0.15731874278846164 0.3344916011183089 0.13521958621901375 0.0031342525606165104 0.40501742516132144 0.021127831730769247 0.4271165817307693
0 0.31848733580268784 0.10937261500718358 0.299266986895768 0.08700419788652038 -0.019220348906919833 0.36066852037933683 3.416070845000482e-17 0.3830369375
0 0.27861746805574905 0.07259142494587031 0.26136646045706324 0.05161334794563911 0.11027597317054491 0.17586034848053805 0.12752698076923075 0.19683842548076924
0 0.24190265675646408 0.027437205390964052 0.22860617067307684 0.011399911057692301 -0.013296486083387191 0.21196088114749742 1.708035422500241e-17 0.2279981754807692
0 0.10776713701923078 0.2067183485576924 0.09154062633118672 0.18845708494145336 -0.016226510688044014 0.2842163181145303 5.124106267500723e-17 0.30247758173076933
0 0.1921264639423077 0.0007599927884615652 0.1785611602919888 -0.015727068380742056 -0.013565303650318904 0.14235166960002715 0 0.15883873076923077