0 0.17995476171875002 0.5147708886718751 0.15417661475305355 0.47477957553294103 0.06346185546875 0.5332537343750001 0.08924000243444646 0.5732450475139342
0 0.11728060560382228 0.4226233444356302 0.09315110329438189 0.38431702792352934 0.0028460078124999955 0.44120104101562496 0.026975510121940383 0.47950735752772583
0 0.06583088275588424 0.3458914586136512 0.03922354655449438 0.3068797925090422 -0.026607336201389886 0.35177878311414096 -2.7755575615628914e-17 0.39079044921875
0 0.150446669921875 0.024453619140624987 0.1390509971057784 0.006420066682998986 -0.011395672816096603 0.10148957840174899 0 0.11952313085937499
0 0.10105582812499998 6.938893903907228e-18 0.08919410729265673 -0.018478938752139313 -0.011861720832343239 0.046389289763485705 1.734723475976807e-17 0.06486822851562503
0 0.8936034193034414 0.4261961772901534 0.807428737767237 0.4178535289555695 0.7930131719794206 0.5667578985404161 0.879187853515625 0.575100546875
0 0.7555224198835448 0.3615846570434015 0.51953125 0.324834513671875 0.48197446434888447 0.5660055396804231 0.7179656342324293 0.6027556830519496
0 0.9381275550606036 0.04447953752279668 0.8743029822623906 0.03674660412489074 0.8366349857955371 0.34764334394584423 0.9004595585937502 0.35537627734375016
0 0.8825362549035761 0.01683052280332241 0.6762968623623409 -0.015286471205189639 0.6248842322013911 0.3148599182897693 0.8311236247426264 0.3469769122982813
0 0.6606797460937501 8.326672684688674e-17 0.5482776680242107 -0.010881743296376846 0.5202644891796818 0.2784780982013616 0.6326665672492212 0.2893598414977385
0 0.4829001981584247 0.6826887420473768 0.376966168843478 0.6692922202281646 0.3404850527343751 0.9577694589843752 0.44641908204932185 0.9711659808035874