0 0.5617521308736351 0.8605263058071158 0.5152598097062401 0.8247563402117759 0.42640933826911614 0.9402405064718465 0.47290165943651113 0.9760104720671862
0 0.6567705682386091 0.7508935139270807 0.611334238537327 0.716731696226127 0.5263016129787136 0.8298278565085748 0.5717379426799957 0.8639896742095285
0 0.7369341945366286 0.6812369274568133 0.6886375000000002 0.6390562500000002 0.6039673321497748 0.736003228559418 0.6522640266864032 0.778183906016231
0 0.8167129638666066 0.6323725513785432 0.711478394580862 0.5437107341847847 0.6702028249475548 0.5927015729682088 0.7754373942332995 0.6813633901619673
0 0.919525199128213 0.5017230410419528 0.5548545941280583 0.2353047902602829 0.5380640624999999 0.25828750000000006 0.9027346675001546 0.5247057507816699
0 0.9541348277539801 0.4922197488212426 0.6039472225175115 0.19926835927696968 0.5840429982116246 0.22306142834078663 0.934230603448093 0.5160128178850595
0 0.9558117356684201 0.13455687575283953 0.9328455670844182 0.11690506815033977 0.6570359460506765 0.47575161782911285 0.6800021146346784 0.4934034254316126
0 0.9784740677422586 0.12413970080097103 0.9571921874999999 0.10432656250000001 0.6659722935349842 0.4171344990005522 0.6872541737772431 0.43694763730152325
0 1.0137417224034908 0.30910991544078936 0.7185321602752145 0.06636286239105749 0.6990295781907389 0.09008034379895453 0.9942391403190151 0.3328273968486864
0 0.9068117232868419 0.036544568332916506 0.8831215270960732 0.018858282476795905 0.765181322349051 0.17683529426808048 0.7888715185398197 0.19452158012420107
0 0.9705908495086065 0.00022322372241925236 0.95361835314567 -0.013387951076652272 0.7906302438544985 0.18985057410451156 0.8076027402174351 0.2034617489035831
0 1.013484217907413 0.24147222008645106 0.9336829398920156 0.17553729945833668 0.9174721594846023 0.19515726687188573 0.9972734374999999 0.26109218750000013
0 0.9769281495311724 0.0069916148643859085 0.9589890976863261 -0.007928498123353922 0.8593412998616909 0.11188205645286065 0.877280351706537 0.12680216944060047