0 0.4338565103307833 0.6593368903376711 0.38964008930864286 0.6236101781770992 0.3007122646459204 0.7336698477654323 0.34492868566806084 0.7693965599260042
0 0.5164022832265898 0.5925204060192845 0.46960709375 0.5486798937499999 0.38160510459436275 0.6426128690665328 0.42840029407095254 0.6864533813358172
0 0.5978377955025123 0.5464700369491486 0.49576158613819593 0.4541895962228805 0.4528014048366262 0.5017100938099683 0.5548776142009426 0.5939905345362365
0 0.7051470027209488 0.41948820944346565 0.3499964076070153 0.14050543206521782 0.33241401875 0.16288816093749997 0.6875646138639334 0.4418709383157477
0 0.7293115231025382 0.40343636924782844 0.4016748540349355 0.10500137860602357 0.38173833093239723 0.1268886781081951 0.709375 0.42532366874999994
0 0.7301528978600246 0.08268541725457723 0.7078867976958483 0.06431688094032748 0.4437947755721132 0.3844457859639247 0.4660608757362895 0.4028143222781745
0 0.728818479076635 0.09203231976944996 0.7093749999999999 0.07268065312500012 0.4559059860528006 0.3273522305041597 0.4753494651294357 0.3467038971486095
0 0.7257525013362773 0.159433153977642 0.5206764082027794 -0.02155682462271291 0.5003579778228988 0.0014655789000349805 0.7054340709563969 0.1824555575003899
0 0.6718850015625 1.3322676295501878e-16 0.6495502865646043 -0.017921500921361754 0.5629593743327928 0.0899926383346897 0.5852940893306884 0.1079141392560516
0 0.7048701296875 4.4408920985006264e-17 0.6883829955250904 -0.01419521521098952 0.5872147576226783 0.10330735776728628 0.6037018917850878 0.11750257297827585
0 0.712327262398391 0.0026350580773852883 0.6949198429233958 -0.012902030129617303 0.6586050199297501 0.027784316538974306 0.6760124394047453 0.0433214047459769
0 0.8681561546875001 0.5243632187499999 0.8676778504574226 0.4862229893802697 0.8388745617397081 0.48658420206990183 0.8393528659697855 0.5247244314396321
0 0.8776001275045067 0.4653041444544909 0.8397067515625001 0.4551886625 0.8353777490579933 0.4714054399205093 0.8732711249999999 0.48152092187500006
0 0.8758374222799794 0.36448027119639137 0.8473331359374997 0.3584612328125001 0.8407032221457135 0.38985843434103706 0.8692075084881932 0.39587747272492846
0 0.8786715112443029 0.3333043788201494 0.8455055265625001 0.32311360625000013 0.8392710061878923 0.3434039233794701 0.872436990869695 0.35359469594961934
0 0.8739796796875 0.27291548906249996 0.8737853164289575 0.2263565869274642 0.8447442671736107 0.22647782073466152 0.8449386304321532 0.27303672286969727
0 0.8836879038986201 0.20498541758445304 0.8576034171875 0.19786660937500009 0.8521036523513799 0.21801865429054718 0.8781881390624999 0.22513746250000008
0 0.8807511624021538 0.10323264113251221 0.8492681958178577 0.10267197524621241 0.8485703427907039 0.14185838567620032 0.8800533093749999 0.14241905156250012
0 0.8833677343783399 0.07634156573672705 0.8636654718750002 0.07475988750000012 0.8621491171841601 0.09364844363827315 0.8818513796874999 0.0952301218750001
0 0.16682848437500003 0.99576353125 0.10163779577908297 0.8615857417788719 0.023898478124999966 0.8993556265624999 0.08908916672091705 1.0335334160336278
0 0.8175063156249998 0.9261294796875001 0.7736693923654615 0.8877882030123816 0.749504378125 0.9154169093750001 0.7933413013845383 0.9537581860501186
0 0.9506873906048371 0.8909293490585343 0.9197720484375 0.8629928546875002 0.9126185198118805 0.8709091587959419 0.9435338619792175 0.898845653166976