0 0.38286440734995986 0.24930236947572748 0.286892896875 0.19572716718750005 0.22978526452504017 0.29802646802427263 0.325756775 0.35160167031250006
0 1 0.4670247328125002 0.8821239640625 0.4670247328125002 0.8821239640625 0.5296875000000002 1 0.5296875000000002
0 0.11359647656250012 0.8885034781249999 1.099050440000019e-16 0.8885034781249999 1.16732236931516e-16 1 0.11359647656250013 1
0 0.5093750000000001 0.717071725 0.3031189468750001 0.717071725 0.3031189468750001 1 0.5093750000000001 1
0 0.7600195578125 0.9132881546875 0.7531590248994477 0.8848021347999543 0.6903725108369478 0.8999235504249544 0.6972330437500001 0.9284095703125
0 0.7610315328124999 0.8753137718750003 0.7584857900415235 0.8609275313287433 0.6818310103540235 0.8744921141412434 0.684376753125 0.8888783546875002
0 0.7399995529271413 0.8060448628286794 0.7342669591126323 0.7790399443493647 0.6727469311854911 0.7920993924581855 0.678479525 0.8191043109375002
0 0.7309327582875385 0.7714990670843088 0.7278656016084557 0.7531030101291408 0.6641730136334173 0.763722413357332 0.6672401703124999 0.7821184703124999
0 0.7139374500000002 0.7053278656249999 0.7104043044577544 0.6741536453016324 0.6448388013327542 0.6815845437391324 0.648371946875 0.7127587640625
0 0.711850184375 0.6639006953125 0.7104790503821355 0.6456697417636048 0.6594922160071356 0.6495044167636049 0.66086335 0.6677353703125
0 0.6965818609375 0.5955194718749999 0.6910082672454264 0.5680122876269722 0.6214167875 0.5821131359375 0.6269903811920735 0.6096203201855277
0 0.6915848306824606 0.5555708954945855 0.6882477029605655 0.540915246135419 0.6435934019656049 0.5510831412658334 0.6469305296875 0.565738790625