0 0.2793316344325292 0.19240100692819825 0.040920386164668844 -0.0588242530782453 -0.05384062927796271 0.07739748080074094 0.18457061898989763 0.32862274080718445
0 1 1.4486061815153865e-16 0.8960510625 1.370267268540529e-16 0.8960510625 0.352438185096154 1 0.352438185096154
0 0.28444255919482087 0.857704016215684 0.269607318359375 0.8356055384615384 0.2372862728364291 0.8684733587843163 0.25212151367187496 0.8905718365384616
0 0.20434291796875004 0.9436211442307694 0.18753599333864612 0.9206922234859907 0.1556837433386462 0.9560592066590675 0.17249066796875012 0.9789881274038462
0 0.9787616015625 0.6825909855769231 0.9779393436944938 0.6753308205361231 0.9505747714471487 0.6800254732290019 0.951397029315155 0.6872856382698018
0 0.9754870839843751 0.6720511514423079 0.9744592219652797 0.6629755942303771 0.9183868005141889 0.6725953510073552 0.9194146625332843 0.6816709082192859
0 0.9716666972656252 0.6597543004807692 0.9706388352267873 0.6506787443477233 0.9145664140625002 0.6602985024038462 0.915594276101338 0.6693740585368921
0 0.9678463105468751 0.6474574495192308 0.967024052147778 0.6401972817670203 0.9112918964843751 0.6497586658653847 0.9121141548834723 0.6570188336175953
0 0.836920818359375 0.6828712403846156 0.8346595964125871 0.6629056691459574 0.802549185279814 0.668414514468894 0.8048104072266018 0.6883800857075522
0 0.7119285242461957 0.6950629632380542 0.7100784568467047 0.6787277075923515 0.64961806640625 0.6891002644230769 0.651468133805741 0.7054355200687794
0 0.7785483203125001 0.6873345552884615 0.7750537368131476 0.6564789678418689 0.7101707695312501 0.6676102596153846 0.7136653530306026 0.6984658470619772
0 0.7078317484379907 0.6772629627222508 0.7068039393449068 0.6681878714106818 0.6747117419886597 0.6736935919943297 0.6757395510817436 0.6827686833058986
0 0.7374467539062499 0.659229951923077 0.7364189448294253 0.6501548616923082 0.706350382582665 0.6553134090283537 0.7073781916594897 0.6643884992591224
0 0.616884970703125 0.6799134759615383 0.6158571616973042 0.6708383854138613 0.5526927789920631 0.6816748338471104 0.5537205879978839 0.6907499243947873
0 0.546359404548973 0.6864463640674578 0.5459250011527157 0.6827779402147023 0.5385092890625001 0.6841081490384617 0.5389436924587574 0.6877765728912172
0 0.613064583984375 0.6676166249999999 0.6120367748282682 0.6585415347606004 0.5205048063954854 0.6742447141816815 0.5215326155515922 0.6833198044210811
0 0.5781720688281728 0.6606509683935304 0.5771442586942382 0.6515758753940872 0.547415962890625 0.6566760504807692 0.5484437730245595 0.6657511434802124