0 0.45495054009199987 0.05121864142852983 0.323408928788994 0.04765228362242429 0.3160712671617663 0.31829473906796574 0.4476128784647721 0.3218610968740713
0 0.3831122927674552 0.03395986659693151 0.25267707988484356 -0.11570714814824574 -0.09697623340667047 0.18901667113778536 0.03345897947594119 0.3386836858829626
0 0.845898389409388 0.26317889374088277 0.8050461137258521 0.2571171344414673 0.7967184471330155 0.313240136798875 0.8375707228165515 0.3193018960982905
0 0.9752562613137441 0.29842711764524116 0.9631166884401038 0.18161767799179254 0.9184009771289098 0.18626481642229412 0.9305405500025501 0.30307425607574273
0 0.9275883494339483 0.3007304664187985 0.915066517029044 0.18250034940155507 0.8265669279973311 0.19187340129150962 0.8390887604022355 0.31010351830875305
0 0.8293745706476505 0.2517289209197747 0.8248325527297492 0.19072034136144436 0.7360579378930039 0.19732950836979546 0.7405999558109052 0.2583380879281258
0 0.7340444588693935 0.21751102021542473 0.7324686585919489 0.1963448280592886 0.709742391584977 0.19803677423414573 0.7113181918624216 0.21920296639028186
0 0.7311986489172981 0.19266917127063696 0.7250849017717262 0.1274170674634722 0.6913916369968556 0.13057393274939644 0.6975053841424275 0.1958260365565612
0 0.8223875280910921 0.18714636577114768 0.8171966475845449 0.11742218376477828 0.7290775131246943 0.12398254609760088 0.7342683936312416 0.1937067281039703
0 0.9149538184495887 0.18275902385987258 0.9070748027225767 0.0769277568988085 0.8170432403730536 0.08363050284571598 0.8249222561000658 0.1894617698067801
0 0.9623780454213717 0.1804672287703782 0.9476294395649646 0.04035625416428775 0.9040121519200607 0.04494757319414096 0.9187607577764678 0.18505854780023143
0 0.17707311120806998 0.9999562934681425 0.13067267754638007 0.3357798505810628 0.011359745179229991 0.3441152437775133 0.05776017884091992 1.008291686664593
0 1.005571065390543 0.7477411967019432 0.9997528276325879 0.6147671478275042 0.6549375735942252 0.6298544310045338 0.6607558113521803 0.7628284798789727