0 0.17901320572916668 0.19631412500000003 0.1650902116491381 0.15840407598337775 0.1301237559199714 0.17689643848337774 0.14404675 0.21480648750000003
0 0.27537476322692106 0.20638151243559916 0.24840145856810147 0.04051893947398418 0.18625580328067634 0.055072157088037456 0.21322910793949598 0.22093473004965247
0 0.3877252516755987 0.17115886394835683 0.30393770389882463 0.11220633510027186 0.19368494022968477 0.33785305107485425 0.2774724880064589 0.3968055799229392
0 0.74207371484375 0.2695360296875 0.7353307048669424 0.2490363775427303 0.6793623593749999 0.2755465328125001 0.6861053693518073 0.29604618495726975
0 0.8599340065579119 0.30571221170558743 0.8505808929260961 0.28009318511491055 0.77744240234375 0.3185436921875 0.7867955159755656 0.3441627187781769
0 0.8966768489583335 0.28724016250000006 0.8923254123993324 0.27389913003713606 0.85552332421875 0.2911844796875 0.8598747607777512 0.304525512150364
0 0.16763397492646284 0.8412306547528932 0.15822538768648434 0.7202601970964116 0.010825188899388308 0.7367686225842286 0.020233776139366822 0.85773908024071
0 0.23868072742325808 0.8349076400617796 0.23255478776041663 0.764966334375 0.1484684796079919 0.7755717271257205 0.1545944192708333 0.8455130328125001
0 0.6784090994076873 0.5982190833853964 0.6737815363775138 0.5453851068897647 0.6427027260323265 0.5493049250668682 0.6473302890625 0.6021389015625
0 0.7705064834683507 0.6584164419491967 0.7601087405136323 0.5571336396262702 0.664377387714986 0.5712857124939336 0.6747751306697044 0.6725685148168601
0 0.9763162955064698 0.7117169240088531 0.9548677594305693 0.5774271321495197 0.6741667840815283 0.6419867675071653 0.6956153201574288 0.7762765593664986