0 0.5098131318947987 0.27847651655749345 0.3269687033788987 0.020292592533679387 0.23590557148410013 0.08478299941368597 0.41875000000000007 0.3429669234375
0 1.0139090928899297 0.08316703691937817 0.7898926194630458 0.05444357978164529 0.7707714074430243 0.20357139764260745 0.994787880869908 0.23229485478034037
0 0.9316429180413968 0.05169006459976657 0.7911738515624999 0.012230270312500036 0.7866823926088603 0.02821897622802001 0.9271514590877574 0.06767877051528655
0 0.3533656046875001 0.9180929031249999 0.18952777656250014 0.9180929031249999 0.18952777656250014 1 0.3533656046875001 1
0 0.8316027281250001 0.6912565203125003 0.8170402501880167 0.6652669690841384 0.7592973265483645 0.6976215120360658 0.7738598044853477 0.7236110632644277
0 0.814875579428314 0.6674595571890556 0.80166741734658 0.6433035299127841 0.6647810546875 0.7181509890625 0.6779892167692341 0.7423070163387715
0 0.7882118671875 0.6505904765624999 0.7807609572580277 0.6371651064610131 0.6538895436244211 0.707577130000246 0.6613404535538934 0.7210025001017328
0 0.7171153671875 0.66974191875 0.7104780234830411 0.6583776830150487 0.647989571875 0.6948744031249999 0.654626915579459 0.7062386388599512
0 0.7311833008256725 0.7310161021892706 0.7217815918922419 0.7159863200370025 0.6754176812499999 0.7449887359374999 0.6848193901834306 0.7600185180897681
0 0.815095434375 0.7394060234375 0.8101929173577099 0.7290893868647578 0.7536792880466796 0.7559449446284345 0.7585818050639694 0.7662615812011767
0 0.8240665625000002 0.7586346843750001 0.8182970093383346 0.7455958527788333 0.7663238484008346 0.7685934590288334 0.7720934015625 0.7816322906250001
0 0.8310237562499999 0.776885340625 0.8226138763726579 0.7631822133603845 0.7765951078125 0.7914248406250002 0.785004987689842 0.8051279678896156