0 0.405899130859375 0.5494791666666667 0.322597345703125 0.4621226901041668 0.2673655601661393 0.4855307685821198 0.3506673453223894 0.5728872451446199
0 0.4388679380788637 0.2889584422852985 0.40046199609375 0.2343880833333333 0.35783612637426127 0.24772122047511813 0.396242068359375 0.3022915794270833
0 0.3964419331482294 0.16496318496151197 0.3468589423625252 0.12238797571949185 0.06587717132367082 0.2678238532579799 0.11546016210937507 0.31039906250000004
0 0.8636615121649369 0.2676836365173576 0.7462409055868069 0.22045679308911817 0.6939452123916628 0.27824494510556047 0.8113658189697929 0.3254717885337999
0 1.0194976999336092 0.397879508552973 0.9321414719460595 0.35232324671505255 0.7752738665794603 0.4860125135241229 0.86263009456701 0.5315687753620432
0 0.6125685923336981 0.9203320499841743 0.17891451344251164 0.8370050558558019 0.12439582671864635 0.9631066531214266 0.5580499056098329 1.046433647249799
0 0.6811422230525443 0.9727201535078334 0.5781250000000002 0.9452910260416668 0.5762507006919109 0.9484196565276645 0.679267923744455 0.9758487839938309
0 0.7669326170183624 0.8577342384499427 0.6101800042026329 0.8121946912333984 0.5359338299577519 0.9257788177130447 0.6926864427734813 0.9713183649295889
0 0.6032316503906252 0.8056345247395833 0.5781250000000002 0.8056345247395833 0.5781250000000002 0.8491158515624999 0.6032316503906252 0.8491158515624999
0 0.864689128224329 0.7250122177494 0.7085639250131068 0.6763438088278139 0.6161353690660232 0.8081238133250356 0.7722605722772453 0.8567922222466215
0 0.7050700418537215 0.6761998518492424 0.6127812397764896 0.6470469018335434 0.5164830250533241 0.7825353343812108 0.608771827130556 0.8116882843969098
0 0.9718708971119904 0.5918169879660553 0.8226976305849936 0.5439558702075479 0.727156385521285 0.6763036137686106 0.8763296520482817 0.724164731527118
0 0.8128721718731406 0.5497416768973525 0.6837161883625602 0.5080739322701561 0.6047660201830779 0.6168379090400783 0.7339220036936585 0.6585056536672748