0 0.47724493707511667 0.06722118583614675 0.426889228125 0.003351142187500056 0.3415696817815104 0.07061782932275742 0.391925390731627 0.13448787297140413
0 0.5400105873514291 0.44787545780665017 0.25365785 0.15622703125 0.1702254375248235 0.23814449598029466 0.45657817487625263 0.5297929225369449
0 0.8907832921874999 0.11141109375000005 0.8479133956466983 0.08135418816469757 0.576302771875 0.4687500000000001 0.6191726684158015 0.49880690558530255
0 0.9401877538006242 0.14518374814647034 0.9006176032630668 0.11714732784872335 0.651498503125 0.4687500000000001 0.6910686536625574 0.4967864202977471
0 1.052173140720543 0.2703175523092554 0.989218357189959 0.2261766927065426 0.819137646875 0.46875 0.8820924304055839 0.5128908596027129
0 0.006879978125000091 0.74076384375 9.071740701725276e-17 0.74076384375 9.339295841708885e-17 0.7844589140625 0.006879978125000094 0.7844589140625
0 0.38024140480119284 0.5020465559687655 0.35385081025434184 0.4965076410445278 0.34400090087889623 0.5434383067446144 0.37039149542574723 0.5489772216688519
0 0.7663905015625001 0.6473713468750001 0.6974411389656509 0.623631002788575 0.6886298078124999 0.64922185625 0.7575791704093492 0.6729622003364251
0 0.9313771296875 0.6819284750000001 0.9121359117970609 0.6732084288376531 0.8943433558004245 0.7124685933351059 0.9135845736908635 0.7211886394974529
0 0.8969311093750004 0.7470154406250001 0.8781323760292654 0.7372960183073672 0.8515676390625002 0.7886759656250002 0.8703663724082352 0.7983953879426332
0 0.8065969844679586 0.7951520879426865 0.7545430265625 0.7721786218750001 0.7403791999070416 0.8042714386198133 0.7924331578125001 0.8272449046875
0 0.7875779640624999 0.8322120734375 0.7393506730172825 0.8107757172515712 0.725295471875 0.8423969625 0.7735227629202174 0.8638333186859288