0 0.23524553593750008 0.4045642671875 0.03905134062500005 0.4045642671875 0.039051340625000056 0.4390625 0.23524553593750008 0.4390625
0 0.48393773308119803 0.037106309268005025 0.3228009182231957 -0.04033152186787348 0.1751367280125497 0.266936087905167 0.33627354287055206 0.3443739190410454
0 1.0250728989946223 0.1747150236893326 0.899493844608841 0.13718836581634916 0.8740916337338884 0.22219422036864947 0.9996706881196697 0.25972087824163287
0 0.6633736846076359 0.20870672962271622 0.5691459767467391 0.16023591599688608 0.5402233999274515 0.21646167156497195 0.6344511077883483 0.2649324851908021
0 0.6895342581120315 0.15182660396920014 0.5687499999999999 0.08807309531250022 0.5455645026287474 0.13199919691774703 0.6663487607407791 0.19575270557444696
0 0.8753399372475243 0.1370002983872751 0.5817823359224269 0.013844076292756146 0.5524533999329959 0.08375310688860338 0.8460110012580934 0.20690932898312236
0 0.20720925312499996 0.7241624687499999 0.18600612372852976 0.6885711393980685 0.1466127909160298 0.7120392690855686 0.16781592031249998 0.7476305984374999
0 0.3232081048396387 0.7200626002578289 0.2708678562543718 0.5593809979015859 0.19862252451782805 0.5829141128740907 0.2509627731030949 0.7435957152303336
0 0.452731207039598 0.6686719941713971 0.34575109116642516 0.6224122461725126 0.24193335662992604 0.8625007410487229 0.34891347250309884 0.9087604890476074
0 1.0435436956334794 0.9273015171336756 0.9933686877412441 0.76021631934494 0.834850778045265 0.8078186053362645 0.8850257859375003 0.974903803125
0 1.0164296625867857 0.712812539276457 0.9501490067067134 0.49209475019584337 0.7367133708138278 0.5561886050413806 0.8029940266939001 0.7769063941219942
0 0.9789924302530689 0.5789580135200676 0.9518388016439294 0.42597291261911996 0.8780913156250001 0.4390625 0.9052449442341397 0.5920476009009477