0 0.38188166437639975 0.1968825531156322 0.28241726807265544 0.0434689312984886 0.18848958763951798 0.1310556586095013 0.2879539839432623 0.28446928042664493
0 0.5369959938271635 0.3272045678139208 0.460306991495861 0.23398637432506583 0.3295378743244635 0.3887178156707848 0.406226876655766 0.48193600915963974
0 0.9891167429003233 0.16175306558494953 0.9836171181181181 0.111218849939976 0.974975379221799 0.11257151304650305 0.9804750040040041 0.1631057286914766
0 0.9650087342221125 0.15558456514239785 0.9588414975318937 0.09891588766013615 0.9357973549013728 0.10252291195351262 0.9419645915915916 0.15919158943577436
0 0.9401623015312871 0.15608957429734843 0.9326822691687423 0.08735803523301963 0.8894743189061763 0.09412123235892911 0.8969543512687211 0.16285277142325794
0 0.8909106804233563 0.14800500223403823 0.8882837403051946 0.08362946628914297 0.8374117891834421 0.08661518358320315 0.8400387293016037 0.15099071952809842
0 0.839304481933247 0.1445899632636766 0.8318244472587343 0.07585839930189717 0.7842959972665814 0.08329786952313166 0.7917760319410941 0.1520294334849111
0 0.9637598963951842 0.0633541266299209 0.9601613470814794 0.03028827543991502 0.9385577402856404 0.03366981902460909 0.9421562895993453 0.06673567021461498
0 0.7902767007746174 0.07986875595104914 0.6807065779217158 0.06275984417523636 0.6746372530939124 0.11866490403021823 0.784207375946814 0.135773815806031
0 0.9417924897389898 0.029866596329056187 0.8580727612468361 0.016511414481576447 0.8541044919047298 0.05228974903932005 0.9378242203968834 0.06564493088679979
0 0.6791537547547548 0.0566191512605043 0.6296296296296297 0.056619151260504284 0.6296296296296297 0.11680509723889566 0.6791537547547548 0.11680509723889566
0 0.8585587104712625 0.015474403179759335 0.7816800178170973 0.003210910610762796 0.7774486515246058 0.04136256830870413 0.8543273441787712 0.053626060877700665
0 0.7836429675246456 0.035802432228563635 0.7787008248248248 0.004964954381752701 0.7138825254318708 0.01990579512973188 0.7188246681316914 0.05074327297654281
0 0.7114292618696214 0.028998389126535663 0.7101113572002593 0.020775068647607264 0.6914319804407997 0.025080732651457393 0.6927498851101618 0.03330405313038579
0 0.4236209973155975 0.5749372363591705 0.3315456038964509 0.5355087435520803 0.21709728699027653 0.919909108241589 0.30917268040942314 0.959337601048679
0 0.636169232682919 0.734597260164683 0.6190545784663768 0.6061447094543133 0.5499749766914049 0.619382521040644 0.5670896309079472 0.7478350717510136
0 0.7105273543543543 0.7341824921968788 0.7030647137137137 0.6815127274909966 0.6305187980462325 0.6962964938718448 0.6379814386868732 0.7489662585777269