0 0.2693681209876001 0.273193506085064 0.1364821282548835 0.07007757161906514 0.002253450322898265 0.1578949610675421 0.13513944305561487 0.36101089553354104
0 0.9527905127983987 0.25415690779397 0.9521040353060048 0.23542023042977833 0.9252664553201058 0.23640351013580826 0.9259529328124996 0.25514018749999995
0 0.7521491099635158 0.26932520557305095 0.7511766084158065 0.24278184420085963 0.7050481071119841 0.2444719104393608 0.7060206086596934 0.2710152718115521
0 0.9095309886252003 0.2542380194497508 0.9089053046874997 0.2354396 0.8910434863747995 0.23603411023774923 0.8916691703125 0.2548325296875
0 0.7960514197430189 0.2474069036789012 0.7953754116004144 0.22709650470010567 0.7894209637059095 0.22729469161241606 0.790096971848514 0.24760509059121158
0 0.8168461157407065 0.24506629172596472 0.8161024508322491 0.2247687566484981 0.8041851850915425 0.22520538367253345 0.8049288499999999 0.24550291875000005
0 0.7782060273611906 0.24804574685485906 0.7772907424794033 0.2230640425275124 0.7609034776182126 0.22366444254765333 0.7618187624999999 0.24864614687499995
0 0.7537634797174725 0.23017944797920173 0.7533630538802064 0.21925025202325318 0.7042371179127339 0.22105013685655148 0.70463754375 0.23197933281250002
0 0.9857813415796676 0.21702362884638166 0.9851566527740202 0.19825513126364566 0.9672940726733362 0.19884966760198003 0.9679187614789836 0.217618165184716
0 0.958990508015682 0.2179952102905341 0.9583659859375 0.1992316984375 0.941992207691906 0.19977668095984027 0.9426167297700878 0.21854019281287437
0 0.926195346267925 0.21764339918419343 0.9256226285449305 0.20043634842910701 0.9152029166520054 0.20078315705741367 0.9157756343749999 0.21799020781250006
0 0.9083875589377003 0.2198841600747507 0.9077100566667085 0.19952887987518148 0.889848238354008 0.20012339011293076 0.8905257406249998 0.22047867031249999
0 0.7516777014019429 0.2114948384672334 0.7512772609375001 0.20056524375 0.7036134251605571 0.2023115599702666 0.704013865625 0.2132411546875
0 0.8141533278493297 0.20924578839210045 0.8134243515625 0.18734402031250003 0.8015162190256705 0.1877403694203996 0.8022451953125002 0.2096421375
0 0.923511131018578 0.18177724452460126 0.9229903843750004 0.16613164218749998 0.9140594752314225 0.16642889766289873 0.9145802218750001 0.18207449999999997
0 0.9073480721214668 0.18865319755199247 0.9066184328125002 0.16673148124999998 0.8887566138160334 0.16732599151050748 0.8894862531250001 0.18924770781249997
0 0.9577579869404627 0.18049254486747532 0.9571287242775627 0.16331752186808107 0.9407410795246001 0.16391793637560576 0.9413703421875 0.18109295937500003
0 0.9830461511708494 0.17962594894626044 0.9824204671875 0.160827528125 0.9645582675791504 0.16142205105373963 0.9651839515624998 0.18022047187500007
0 0.7004007984668666 0.2837737267834447 0.696397284375 0.1634897359375 0.6770466641137357 0.16413379904479705 0.6810501782056023 0.2844177898907418
0 0.8146063233003898 0.17635644812915036 0.8139198603510522 0.15762016911952884 0.7588091355476048 0.1596393251466826 0.7594955984969426 0.17837560415630416
0 0.7466689562841156 0.1507036052379464 0.7463257171498453 0.1413352661597575 0.7031318780532296 0.14291781092181116 0.7034751171874999 0.15228615000000004
0 0.9940000635906291 0.14945900644750248 0.9931419818184433 0.1260385578437279 0.9633697374413741 0.12712935762511676 0.9642278192135599 0.15054980622889133
0 0.8420064126186089 0.15033731979359444 0.8413199492747063 0.13160104081322382 0.8219658742285059 0.13231013908659364 0.8226523375724085 0.15104641806696423
0 0.9527856988218742 0.12802485252255877 0.9127667322818247 0.12716029918760127 0.9122556886205982 0.15081579660133765 0.9522746551606478 0.15168034993629514
0 0.782358647357395 0.14941597302851814 0.7816303375 0.12753414999999999 0.7756762704302063 0.12773232387851413 0.7764045802876013 0.14961414690703229
0 0.7644984420581025 0.1500703382250524 0.7637702966214108 0.12819350470802043 0.7563278079892757 0.12844121944840553 0.7570559534259674 0.1503180529654375
0 0.8136658858187531 0.1498322854558906 0.8128337997662802 0.1248325534753787 0.8068797333218954 0.12503072742571267 0.8077118193743683 0.15003045940622456
0 0.7972939342491902 0.1504321227199205 0.7964616812499999 0.12542740468750002 0.7905076157508096 0.12562557884257952 0.79133986875 0.150630296875
0 0.7460920044677841 0.13352666481810904 0.7458059810651366 0.1257199808918652 0.7026226033636822 0.1273021451942346 0.7029086267663297 0.13510882912047847
0 0.868735261891808 0.14782962102186822 0.8677465828125 0.1181251984375 0.8573268709206919 0.11847200710313177 0.85831555 0.14817642968750003
0 0.9436581263120074 0.11378059172065787 0.9430288687500001 0.09660556249999999 0.9117212951646492 0.09775260726909914 0.9123505527266564 0.11492763648975701
0 0.9035729456331613 0.1199996045010258 0.9026873921874998 0.09339354375 0.8848251934293385 0.09398806737397418 0.885710746875 0.12059412812499999
0 0.9958701444498983 0.11499473560403599 0.9948976427541295 0.08845137346514323 0.9636367645665423 0.0895967165791606 0.9646092662623111 0.11614007871805336
0 0.8108263045658315 0.10928675879578795 0.8102019359374998 0.09052783281249999 0.8042478704341682 0.09072600682921203 0.8048722390625 0.1094849328125
0 0.7811786045629382 0.11191637724327749 0.780434925 0.09161844218750001 0.7550702861374259 0.0925477565976391 0.7558139657003641 0.11284569165341658
0 0.7959945802762423 0.11139351944170098 0.79526626875 0.08951169687500002 0.787823781047171 0.0897594115962653 0.7885520925734133 0.11164123416296626
0 0.7217380579424545 0.11722087514748444 0.7208227736145578 0.09223917122048117 0.6924864781721033 0.09327736169799669 0.6934017625 0.11825906562499999
0 0.8405423293393994 0.10666422286953389 0.8398130343750003 0.0847528796875 0.8249276769106008 0.08524832244296611 0.8256569718749999 0.10715966562500001
0 0.9024069279600587 0.08402290471246396 0.9020636890053295 0.07465456562709463 0.8841720938577706 0.07531008122713068 0.8845153328124999 0.08467842031250002
0 0.9916197134598832 0.07762760586816804 0.9911048546303295 0.06357509687709464 0.9627894810142303 0.06461252159090343 0.9633043398437839 0.07866503058197682
0 0.9544700647603186 0.08218031401515331 0.9536399680051705 0.057240424545781377 0.9149383469675932 0.05852856538063615 0.9157684437227414 0.08346845485000809
0 0.9018871891281247 0.06840762356794308 0.9015439499999998 0.059039284375 0.8851409936843752 0.05964025924455689 0.8854842328125001 0.06900859843749999
0 0.8111219691497654 0.07340130047873776 0.8094553015624999 0.023326954687499995 0.7781965480377345 0.024367366708762234 0.779863215625 0.0744417125
0 0.9939126389484544 0.038440401065299126 0.9924018606935772 0.013944475957446634 0.9073431472478388 0.019190444586754597 0.9088539255027162 0.04368636969460708
0 0.8645466637290472 0.06675345944106871 0.8629839468749999 0.019802290625000003 0.8302363915001131 0.020892256178651248 0.8317991083541603 0.06784342499471996
0 0.46334236406249996 0.4906498375 0.4606158405781476 0.4125724289317578 0.405961654641718 0.41448099536866245 0.4086881781260704 0.49255840393690464
0 0.3848336875 0.6153407093750001 0.3811794640129714 0.5755868983573018 0.24295906545036816 0.588292302289243 0.2466132889373967 0.6280461133069413
0 0.43439830213499964 0.545771479786485 0.4185610974041837 0.42106314443112014 0.22515062495668414 0.4456251052696352 0.24098782968750004 0.570333440625
0 0.7977476969104689 0.6310964791982496 0.7707252859375002 0.620074725 0.7525650421520312 0.6645988145517506 0.779587453125 0.6756205687500001
0 0.8320535743557549 0.6577306009613872 0.8013840828125 0.6263934265625 0.7894698536595914 0.6380538061997434 0.8201393452028466 0.6693909805986307