0 0.23183701130732995 0.4596784260501554 0.1697605260669998 0.21635413696778982 0.03612419618648207 0.24002988470107212 0.09820068142681224 0.48335417378343765
0 0.5842433761889387 0.3590043151241234 0.459375 0.3418564466145834 0.4418861861856696 0.43029470504121425 0.5667545623746083 0.4474425735507543
0 0.7766475379115567 0.348348653155455 0.7016112577061923 0.3380441030506632 0.6769840487008079 0.462580118209796 0.7520203289061724 0.4728846683145878
0 0.6964160098571315 0.3345795562695881 0.6086481805367416 0.3234458365597999 0.5853629691171102 0.4509172399256287 0.6731307984375 0.46205095963541676
0 0.5881400796489915 0.26684525399555464 0.4593750000000001 0.24916225911458342 0.4425999693704362 0.333991017292435 0.5713650490194276 0.35167401217340627
0 0.5901369810213636 0.17442529394538206 0.4725347728628348 0.15827527005293676 0.45540285106331063 0.24490877766331484 0.5730050592218394 0.26105880155576017
0 0.8183700057431755 0.12345364199561375 0.7431402082258307 0.11391042553576693 0.703698622742435 0.32982750174168946 0.7789284202597799 0.33937071820153625
0 0.74018172081405 0.10669486679689348 0.6252477088488385 0.09211500494337795 0.5847331198872573 0.31390609879274667 0.6996671318524688 0.3284859606462622
0 0.6084602553580858 0.08239410933349153 0.49099095000000015 0.06626233854166673 0.4735021377645009 0.15470059681514117 0.5909714431225865 0.170832367606966
0 0.8378290680838767 0.011929303040189706 0.7501714069122434 -0.00010850824755912851 0.7341102544533669 0.08111029027475124 0.821767915625 0.09314810156250007
0 0.7447051059537017 3.5883281531331096e-10 0.6423085912481354 -0.012989430191804069 0.6275993780001488 0.06753395320137741 0.7299958927057151 0.0805233837520143
0 0.6224917308231845 0.0018555745886736457 0.5012884354849219 -0.013519573844345831 0.49022710003203035 0.04703405600139523 0.6114303953702931 0.0624092044344147
0 0.8386401469554794 0.7604275655848687 0.7584180395659629 0.7534635408738953 0.7335156785479835 0.95267384377861 0.8137377859375002 0.9596378684895835
0 0.9329824935575607 0.760713111473259 0.8526583406913281 0.7546379651588268 0.8288713245545939 0.9730451329211336 0.9091954774208265 0.9791202792355661