0 0.37442128125 0.19553267968750004 0.23452738671874998 0.19553267968750004 0.23452738671874998 0.27929687500000006 0.37442128125 0.2792968750000001
0 0.7238854702454799 0.15402368252741133 0.7235525060604502 0.14717562657990219 0.702524890625 0.1494760234375 0.7028578548100297 0.15632407938500914
0 0.8173422070312499 0.15906406640625004 0.8173382916648556 0.15248063508159465 0.7951587747395835 0.152510314453125 0.795162690105978 0.15909374577778038
0 0.730679409364515 0.19219600522926936 0.7303462577308307 0.18534679511600685 0.7093174960937499 0.18764822460937497 0.7096506477274342 0.19449743472263747
0 0.8240849114583334 0.18407044921875002 0.8240809964225617 0.17748714093366946 0.8019012742983708 0.17751681862822122 0.8019051893341426 0.18410012691330177
0 0.7290776779219325 0.17890055081098571 0.7287445262813534 0.17205134055597515 0.70771551953125 0.17435279687499994 0.708048671171829 0.1812020071300105
0 0.8095490568538346 0.19973474700468308 0.8092740481668258 0.1931748728022008 0.7297251957400746 0.20067843243814273 0.7300002044270834 0.207238306640625
0 0.7619966302083331 0.17230437890625022 0.7500994140805485 0.1261047088234103 0.7343786614583331 0.13521353320312518 0.7462758775861179 0.1814132032859651
0 0.8207143880208334 0.17156688671875003 0.8207103750226459 0.1649835778915563 0.7985307513020835 0.165013998046875 0.798534764300271 0.17159730687406874
0 0.7754991236979167 0.16873153125000007 0.7668916122038266 0.13000464960377273 0.75653672265625 0.13518301953125006 0.7651442341503402 0.1739099011774774
0 0.7911043246590274 0.1915852586146251 0.790847296875 0.18411529296875 0.7436576037263894 0.18776864177599994 0.7439146315104167 0.19523860742187504
0 0.8266460064778182 0.2077425725234513 0.82632842766612 0.2002860999736606 0.7159861230112186 0.2108601817470843 0.7163037018229167 0.218316654296875
0 0.7272575317672433 0.16652650341789238 0.7269243800321655 0.159677291220099 0.7058956184895834 0.16197872070312502 0.7062287702246611 0.1688279329009184
0 0.8155223046875002 0.1466899921875 0.8155183893218062 0.14010656281422293 0.7933386674566559 0.1401362424634804 0.7933425828223499 0.14671967183675746
0 0.8105997044270832 0.134056822265625 0.8105956916867846 0.12747351343984978 0.7884160677083333 0.127503931640625 0.7884200804486318 0.13408724046640022
0 0.2722687543261645 0.5469855803924049 0.10704222887394106 0.507395215335769 0.09428252663110999 0.6272108029121142 0.25950905208333336 0.66680116796875
0 0.3079853795077066 0.5404449632867623 0.27177318335828643 0.5350681534547623 0.2630910199964132 0.6666332409492501 0.2993032161458334 0.6720100507812501
0 0.47825508151029816 0.6005660593396651 0.3149869341390375 0.5553986312871035 0.299987072034362 0.6773947146386038 0.4632552194056227 0.7225621426911655
0 1 0.5441263535156252 0.9764599427083334 0.5441263535156252 0.9764599427083334 0.6140352402343752 1 0.6140352402343752
0 0.9305065551681658 0.7228224862008628 0.885670283987254 0.7108406484044898 0.8589511524569643 0.9358035511396301 0.9037874236378762 0.947785388936003
0 0.8476531738577537 0.5099102738745097 0.6796657318488211 0.46712536790808074 0.6651550936366543 0.5953156984759719 0.8331425356455869 0.6381006044424009