0 0.2122709399764818 0.14776407735864788 0.140947328125 0.12541737656250002 0.11849334857794697 0.22861643347635607 0.18981696042942878 0.25096313427250394
0 0.18243469826838352 0.25356458318237873 0.12195169467245122 0.23500729756598565 0.1000384088541667 0.33785365000000006 0.160521412450099 0.35641093561639314
0 0.15157146910023064 0.3426828245789003 0.0960756068770688 0.3296016960135608 0.0793291792420165 0.43190744952840554 0.13482504146517835 0.444988578093745
0 0.12666233464847995 0.4466811201344939 0.06834491927083337 0.42758751093749997 0.051942999324404736 0.4997260625774188 0.11026041470205132 0.5188196717744127
0 0.26513357367471085 0.4038410873176369 0.2083623072916667 0.3823721953125 0.18326711767792422 0.4779312674612445 0.24003838406096836 0.4994001594663814
0 0.2913165735310022 0.2997575494450414 0.23913593507699074 0.2784763926923568 0.21017256461322872 0.3807410928402684 0.2623532030672402 0.40202224959295296
0 0.33559833766130565 0.19944809689479728 0.25956650144732957 0.16916430648269998 0.2302767514057242 0.2750563683598604 0.3063085876197002 0.30534015877195764
0 0.8234896426611775 0.286783485310974 0.7977342391106284 0.2760887028946997 0.7611519052068791 0.4029503387474027 0.7869073087574283 0.41364512116367697
0 0.6713064050612799 0.4614140096798313 0.5267860293619687 0.40500351914622607 0.5068650807577296 0.47849579774630246 0.6513854564570407 0.5349062882799076
0 0.1673161516085098 0.6731684777033216 0.12185425130208342 0.6436715546874999 0.06454764464499563 0.7708571876356977 0.11000954495142201 0.8003541106515193
0 0.13893055129501788 0.8818192397541422 0.12706438541666676 0.874048290625 0.09223945261123227 0.9506236649333577 0.1041056184895834 0.9583946140624999
0 1.0060379230649643 0.8122323770611655 0.9387025273146117 0.787945303888588 0.9289275860329177 0.826970481205992 0.9962629817832703 0.8512575543785698