0 0.750159847321036 0.525672995000415 0.6737839693083345 0.49310092947133277 0.6333833094872984 0.5878335113939948 0.7097591875 0.620405576923077
0 0.653467998452046 0.476898019544863 0.590530689600271 0.44683840929381735 0.5487959447115386 0.53422053125 0.6117332535633135 0.5642801415010458
0 0.5716096322115384 0.42775665144230773 0.5154993215824796 0.39928276301162857 0.47240679994786416 0.48420038080009015 0.528517110576923 0.5126742692307692
0 0.4930291514423078 0.3808618509615385 0.4334600745192309 0.35044359855769247 0.39014273806446825 0.43527338144983163 0.44971181498754514 0.4656916338536777
0 0.4093614854646368 0.33034779500327566 0.3544243119579711 0.3020468286989392 0.3088144130317959 0.39058369715720204 0.3637515865384616 0.4188846634615385
0 0.3461447350579438 0.4457665839117983 0.29348002078383534 0.4131646198955729 0.2420785817307693 0.4961977187500001 0.2947432960048778 0.5287996827662256
0 0.42965779326923076 0.49619771875 0.3768610794243925 0.4607114032638308 0.3230015286149021 0.5408439065384661 0.3757982424597404 0.5763302220246354
0 0.5057034230769231 0.5380228125000001 0.45202307691450894 0.5071159472756311 0.40386084614527806 0.5907661395833235 0.4575411923076922 0.6216730048076923
0 0.5892465466424803 0.5881760246788607 0.5385863215828304 0.5557218182815181 0.4841571610576923 0.6406844110576924 0.5348173861173423 0.6731386174550347
0 0.6894803557692307 0.643219264423077 0.616156872274932 0.5977793586624321 0.5589353605769232 0.6901140697115385 0.632258844071222 0.7355539754721835
0 0.4224697115555781 0.8250628842363639 0.36882129326923074 0.7915082379807691 0.23980456493870955 0.9977849888869952 0.2934529832250569 1.0313396351425899
0 0.3477987303135468 0.7745440158256701 0.23954372596153847 0.7103929014423078 0.06866624048996564 0.9987486550593163 0.17692124484197394 1.0628997694426787