0 0.3651718664729223 0.4159580263028221 0.2902408125000001 0.37959442307692315 0.24699543400784696 0.4687061035048703 0.32192648798076917 0.5050697067307692
0 0.4512040552884616 0.4657794687500001 0.3865983293381353 0.43606083393060907 0.34616828212349576 0.5239522383097716 0.4107740080738222 0.5536708731291625
0 0.5272496826923075 0.5164765504807691 0.47148288942307687 0.48732573076923075 0.42737231685604066 0.5717111856440944 0.48313911012527133 0.6008620053556328
0 0.6099008151009186 0.5648055618750185 0.5503556400639533 0.5343405921428854 0.5069708485576924 0.6191381490384615 0.5665160235946578 0.6496031187705946
0 0.6910415684987061 0.6097030688155275 0.6362484134615387 0.5811153365384616 0.5903272512128326 0.6691308999344725 0.64512040625 0.6977186322115384
0 0.7579214182692307 0.5038022812500002 0.7065779337898961 0.4693058799928844 0.6520785708091269 0.5504212165313459 0.7034220552884616 0.5849176177884616
0 0.6755386562500001 0.4581749062500001 0.6220450394655361 0.42366289394325973 0.5703422067307693 0.5038022812500002 0.6238358235152331 0.5383142935567405
0 0.5956907451923077 0.4100126754807692 0.5424588076923077 0.37832699519230767 0.4930933389244878 0.46126097433315405 0.5463252764244877 0.4929466546216156
0 0.5158428389423076 0.35931558894230775 0.4652111468930167 0.3268206231519394 0.41071178150840126 0.4117382409404009 0.46134347355769223 0.44423320673076927
0 0.44106463942307694 0.30988593028846156 0.36335142534016673 0.26510204827164596 0.3105196442307693 0.3567807355769231 0.38823285831367943 0.4015646175937387
0 0.7566539927884615 6.832141690000964e-17 0.7024570245480078 -0.03261702058426316 0.5769817384903158 0.17587474143496762 0.6311787067307691 0.20849176201923084
0 0.9302915072115384 0.0006337139423076693 0.8218169961451218 -0.06311884896178335 0.6519817629720447 0.22585453565360122 0.7604562740384615 0.2896070985576923