0 0.6394921800807916 0.2678052414602726 0.553859834316742 0.22932938689283605 0.507734926608767 0.3319855615142839 0.5933672723728165 0.37046141608172045
0 0.5838985204923256 0.399423880946202 0.4840471030690138 0.3482474699590527 0.4483886893397481 0.41782138272968705 0.5482401067630599 0.4689977937168363
0 0.5147668858051897 0.45685276988108975 0.4550789229487287 0.42424424469521893 0.3980119377146458 0.5287019616746443 0.45769990057110677 0.561310486860515
0 0.45840781250000007 0.5453421875000002 0.39485104791692827 0.5125309079989149 0.3405459448950722 0.6177220709435179 0.4041027094781439 0.6505333504446031
0 0.4094272448327122 0.651766274660263 0.3452070476746963 0.6193171212796991 0.294165476273785 0.720333617463073 0.3583856734318009 0.7527827708436371
0 0.5319684561691179 0.7265586583902339 0.4782009557888669 0.6869741908248107 0.4073389497058087 0.7832259070495924 0.4611064500860597 0.8228103746150156
0 0.5886276755848462 0.6372131026388999 0.529295054599529 0.5965576516659861 0.4667107342640584 0.687893294715723 0.5260433552493756 0.728548745688637
0 0.6403497523224412 0.5475447721388067 0.5805984375000002 0.5102906250000001 0.5219582889622347 0.6043425962734179 0.5817096037846758 0.6415967434122245
0 0.7029089871747911 0.45313865277458093 0.6414763190712333 0.4166810326380042 0.5849096043848049 0.5119983955383219 0.6463422724883627 0.5484560156748987
0 0.7735657500531798 0.3499100655959664 0.695092402527267 0.2966343353962418 0.6215377967711998 0.40497778030048837 0.7000111442971126 0.45825351050021296
0 1.0033003992451242 0.6548274567753009 0.9376828125 0.6160546875 0.8502906567292575 0.7639539082498347 0.9159082434743817 0.8027266775251356
0 1.0084837789380159 0.7994860125673877 0.8878015625 0.7179859375000002 0.7319203088960389 0.948808978712022 0.8526025253340548 1.0303090537794095