0 0.22032987890625 0.011094951171875006 0.1938841957145665 -0.04373109344429246 0.15041631640624997 0.0034446601562499873 0.17686199959793347 0.058270704772417456
0 0.25343354988480093 0.0725925292825493 0.23067627147299177 0.02741100879754188 0.18877348721319084 0.07489911818686766 0.21153076562499998 0.12008063867187509
0 0.28659128855072674 0.12654975063536575 0.2657883394882627 0.08604903327422572 0.22492435041670258 0.13327550138886002 0.2457272994791667 0.17377621875000004
0 0.32041270572916675 0.18643843164062504 0.2985834348958334 0.14306554296875 0.25740644757548364 0.18969474338960868 0.279235718408817 0.23306763206148373
0 0.3534954817708333 0.24251992968750005 0.3330918994952213 0.20271026028169062 0.2904604127604167 0.2518724082031251 0.31086399503602863 0.29168207760893455
0 0.2988070065104167 0.3050853593750001 0.2755759926281061 0.2688696155874204 0.23743220747185614 0.3239221175405454 0.2606632213541667 0.3601378613281251
0 0.2664612091496846 0.2479791575887037 0.24301962760416662 0.2100451738281251 0.20513340933989868 0.26272231897379644 0.22857499088541666 0.30065630273437505
0 0.2348668492657139 0.19141170581023184 0.21269627881908792 0.15363333465271106 0.17320242955337398 0.20578229095185427 0.195373 0.24356066210937505
0 0.20099088802083334 0.13123370117187502 0.17889446546128662 0.09530512095304486 0.1387224003571199 0.15089408579679484 0.16081882291666663 0.186822666015625
0 0.17099596478858126 0.07066727038311767 0.13856018825480618 0.02042057856316838 0.0949818172162249 0.08371571443005074 0.12741759374999997 0.13396240625000003
0 0.09121215885416668 0.30038899218750004 0.06871527977115288 0.2616248539981958 -0.022496879083013788 0.38072914110757083 1.850371707708594e-17 0.419493279296875
0 0.14664189843749997 0.39238675781250004 0.10243083753562325 0.3145849890700976 0.00517385708707722 0.4389346960151236 0.04938491798895395 0.5167364647575261
0 0.6930011019100366 0.36529644878743933 0.6704231728098223 0.29738291606439876 0.49611522525731594 0.42776787364510915 0.5186931543575303 0.4956814063681497
0 0.4142505494791667 0.9696315 0.412714479783876 0.9521478287175182 0.39807300375981086 0.9550421428644679 0.3996090734551015 0.9725258141469496
0 0.39605669111543396 0.973228043661656 0.3933685451873042 0.9426313407165103 0.32871705729166667 0.9554115878906252 0.3314052032197965 0.9860082908357709
0 0.3296186328125 0.9863614589843749 0.32635449779787823 0.9492087991128046 0.24276300418064953 0.9657330890267274 0.2460271391952713 1.0028857488982976
0 0.8296201371789619 0.7848357730993855 0.7739627426725523 0.6533101833390643 0.7072339870919279 0.7168444699546284 0.7628913815983376 0.8483700597149495