0 0.5050697067307692 0.3219264879807693 0.4687061035048703 0.24699543400784696 0.37959442307692304 0.29024081250000006 0.4159580263028219 0.3651718664729223
0 0.5521123958346693 0.4070783382945058 0.520393469621508 0.3450195677970212 0.43406054253683873 0.38914528479097704 0.46577946875 0.45120405528846164
0 0.6008649181500554 0.4831080776022713 0.5716987866846106 0.4273492935576864 0.48731041901532446 0.47149089864772287 0.5164765504807692 0.5272496826923079
0 0.6495564014423076 0.5665399254807691 0.6191381490384615 0.5069708485576923 0.5343083661463224 0.550288185012455 0.5647266185501686 0.6098572619355319
0 0.6977186322115384 0.6451204062500001 0.6691308999344725 0.5903272512128324 0.5811153365384615 0.6362484134615385 0.6097030688155274 0.6910415684987062
0 0.5849176177884616 0.7034220552884617 0.5504212165313459 0.652078570809127 0.4693058799928843 0.7065779337898961 0.50380228125 0.7579214182692307
0 0.5383142935567403 0.6238358235152331 0.50380228125 0.5703422067307693 0.42366289394325973 0.6220450394655361 0.45817490625 0.6755386562500001
0 0.49296202303305986 0.5451434885249157 0.4607275864059082 0.49224594940559174 0.3777782388536177 0.5427932060729839 0.41001267548076925 0.5956907451923078
0 0.44423320673076927 0.46134347355769223 0.4117382409404009 0.41071178150840126 0.3268206231519394 0.4652111468930167 0.35931558894230775 0.5158428389423076
0 0.40264354513983147 0.3783168431957821 0.35441061051648953 0.3070159809832362 0.26165299566511957 0.36976377721053083 0.3098859302884615 0.44106463942307683
0 0.20849176201923078 0.6311787067307691 0.17587474143496754 0.5769817384903158 -0.03261702058426323 0.7024570245480082 0 0.7566539927884615
0 0.2896070985576924 0.7604562740384618 0.22585453565360122 0.6519817629720447 -0.0631188489617833 0.8218169961451216 0.0006337139423078744 0.9302915072115385