0 0.32292776219630304 0.2405260084097197 0.22306450576354284 0.2174707548684919 0.2033862498608468 0.30270663014725746 0.30324950629360703 0.32576188368848524
0 0.452177527743067 0.28441832124445365 0.3650442619122733 0.2536210563793978 0.3284611490633756 0.35712395219654397 0.4155944148941694 0.3879212170615998
0 1 0.15362006562500014 0.7525648140625 0.1536200656250001 0.7525648140625 0.3593750000000001 1 0.3593750000000001
0 0.3725112562500001 0.9706011953125 0.3199733359375001 0.9706011953125 0.3199733359375001 1 0.3725112562500001 1
0 0.311815946875 0.9991144578125001 0.3014828894269458 0.9569293359128096 0.273206410063806 0.963855533409235 0.2835394675118603 1.0060406553089254
0 0.2275617906250001 0.9751142140625 0.16455287500000013 0.9751142140625 0.16455287500000013 1 0.2275617906250001 1
0 0.34721885837299016 0.9656581670974941 0.33988836607827516 0.9357311426293826 0.3116118883151579 0.9426573408080582 0.3189423806098729 0.9725843652761696
0 0.2817620343750001 0.9370377453125001 0.2182789750000001 0.9370377453125001 0.2182789750000001 1 0.2817620343750001 1
0 0.22020804225038532 0.9702517692159439 0.21380497277168428 0.9408258868128554 0.1536046140625 0.9539254796875001 0.16000768354120104 0.9833513620905887
0 0.14704105625000002 0.9938772046875002 0.13244546068352273 0.9342900978114729 0.091315451073303 0.944364709877554 0.10591104663978028 1.0039518167535815
0 0.0994934015625 1 0.08536452062434374 0.9423182774980694 0.057087518257437256 0.9492446032456512 0.0712163991955935 1.0069263257475818
0 0.1587587747042493 0.9193463502450836 0.14008046013530678 0.8430913777347117 0.11180332249295018 0.8500177361688633 0.1304816370618927 0.9262727086792353
0 0.208525140625 0.9111555875000003 0.1868442595950337 0.8226425157912471 0.14314299001305453 0.8333469463163 0.16482387104302082 0.9218600180250531
0 0.11230923103592902 0.9188285615407231 0.0918229313266435 0.8351924158187334 0.048122125000000016 0.8458967328125002 0.06860842470928555 0.92953287853449
0 0.06647351894498485 0.9316345022182876 0.042786752391557534 0.8464420540924523 0.030053643446775035 0.8499823465210596 0.053740410000202354 0.9351747946468949
0 0.9921849969971932 0.9624122942264991 0.9866738194333367 0.8330590668721681 0.9168298614242361 0.8360348136874857 0.9223410389880925 0.9653880410418166
0 1 0.6622397109375002 0.9059640484375 0.6622397109375002 0.9059640484375 0.844543853125 1 0.844543853125
0 0.9821862677665427 0.4999966485908254 0.9640624888070682 0.3429912465884552 0.8221308407522754 0.35937500016567386 0.8402546197117499 0.516380402168044
0 0.7778652615821688 0.6174790033621378 0.7292538146115397 0.40225462306290255 0.6579096450123848 0.4183687050842376 0.7065210919830139 0.6335930853834728