0 0.5 0.041153876562500066 0.08963150156250002 0.04115387656250004 0.08963150156250003 0.37968750000000007 0.5 0.37968750000000007
0 0.498188571875 0.72970211875 0.496256789243127 0.7292848939085508 0.485135723618127 0.7807762704710507 0.48706750625 0.7811934953125
0 0.512630474478774 0.6253865253259056 0.4372860109375001 0.6091136890625002 0.41580328645872616 0.7085803293615947 0.49114775 0.7248531656250001
0 0.08080355184806451 0.463303567993794 0.042387475000000084 0.45275369687500006 0.0043437303540318824 0.5912853814283874 0.04275980720209631 0.6018352525471813
0 0.06221230000000004 0.37968749999999996 0.058348486702264245 0.3788529971277715 0.05548523206566858 0.3921100891137329 0.05934904536340437 0.39294459198596143
0 0.4518421237967458 0.4358436321538994 0.3988490846895655 0.4182274474055525 0.37557023592914823 0.48825492272745485 0.4285632750363286 0.5058711074758018
0 0.856121821875 0.6146574625000001 0.8306690106288335 0.5969983949925866 0.6445058406250002 0.8653237765625003 0.6699586518711668 0.8829828440699139
0 0.820909896875 0.5935383937500001 0.7940357677531458 0.5751478004322514 0.6103101958781458 0.8436255301197514 0.637184325 0.8620161234375001
0 0.7875398884331054 0.5724728131239792 0.7666843171118788 0.5579460030467243 0.58023971875 0.8256171984375003 0.6010952900712268 0.8401440085147552
0 0.7438821324586163 0.5421435008133474 0.7216999371743029 0.5266978969446712 0.5359590984656869 0.793449497693824 0.5581412937500001 0.8088951015625003
0 0.7183438974825473 0.5251862430546973 0.6982635468749999 0.5110064109374999 0.5116876259549525 0.7752203928828028 0.5317679765625 0.7894002250000002
0 0.6931628686170156 0.5038506020711467 0.6721550351073298 0.4891377306396283 0.4848384630121477 0.7565984624550867 0.5058462965218335 0.771311333886605