0 0.5137179887617418 0.2072080631511851 0.19513697729284657 0.06341967661721487 0.09257412532560275 0.2906604010351058 0.411155136794498 0.434448787569076
0 0.7578470499958082 0.22920901696837376 0.6811831437500001 0.2086517078125001 0.6777070843791919 0.22161489709412643 0.754370990625 0.2421722062500001
0 0.7458509507345285 0.2954727637406954 0.6691865437500001 0.2749153203125001 0.6657100352029717 0.28788018469680476 0.7423744421875 0.3084376281250001
0 0.7604891087890439 0.21362417791676164 0.6838247015625 0.19306673281250009 0.6803481927734562 0.20603159708323857 0.7570126 0.2265890421875001
0 0.7630784057824717 0.1961096524498901 0.6864126703125 0.17555185000000006 0.6829362739050282 0.18851629442511006 0.7596020093749999 0.2090740968750001
0 0.7698440991720283 0.1629437293656954 0.6931796921875001 0.14238628593750008 0.6897031836404717 0.15535115032180477 0.766367590625 0.1759085937500001
0 0.7484925602467307 0.27988960174513816 0.6718281515625 0.25933215625000006 0.6683516428782692 0.27229702012986196 0.7450160515625 0.29285446562500006
0 0.7552589689614573 0.24672432055224344 0.6785937328125 0.2261666515625001 0.6751177857260428 0.23912942007275678 0.751783021875 0.25968708906250015
0 0.7526165319446115 0.2623072610370246 0.6759521250000001 0.2417498171875001 0.6724756164928887 0.25471468115047563 0.7491400234375001 0.27527212500000015
0 0.7672560183914271 0.18045903098744867 0.6905902828125 0.15990122968750012 0.6871138862960728 0.1728656752625516 0.763779621875 0.19342347656250014
0 0.33263548080732264 0.8132825642942226 0.3310734432691983 0.799233380234433 0.27919938124999993 0.8050009203125 0.28076141878812433 0.8190501043722896
0 0.997913718675645 0.8639703481767069 0.9898266309682707 0.6323865093973721 0.6213293704221947 0.6452547202434789 0.6294164581295689 0.8768385590228137