0 0.27427733975263185 0.26981972570401114 0.17191547265624998 0.19828102929687502 0.0840722409765348 0.481086625858489 0.1864341080729167 0.5526253222656251
0 0.437406049139627 0.28133827783041576 0.38932291666666674 0.2766347441406251 0.38796988908150776 0.3077560393288485 0.436053021554468 0.3124595730186392
0 0.4453452839114502 0.2240732284580807 0.39208377339799677 0.21886313836684113 0.39024753124999995 0.2610989375000001 0.4435090417634533 0.2663090275912396
0 0.46597331770833333 8.135084223794253e-17 0.4184238932291667 7.698349845121425e-17 0.4184238932291667 0.01484471875000008 0.46597331770833333 0.014844718750000084
0 0.39758433134328747 0.8173680416624984 0.10507852520791015 0.7142761196789889 0.09606065130140322 0.7718461596808801 0.3885664574367806 0.8749380816643897
0 0.3977453054700589 0.7362291396026306 0.11744739269731969 0.6432372387741118 0.10824722176358821 0.7056327220960809 0.3885451345363274 0.7986246229245997
0 0.6027198621459523 0.6417186427466907 0.5750759735359295 0.6396649756201062 0.5744617199854499 0.6582686734360328 0.6021056085954727 0.6603223405626173
0 0.7410667709733959 0.6469101877152359 0.6055038787372311 0.6368392091720299 0.6046104244238794 0.6638989743307211 0.7401733166600443 0.6739699528739271
0 1.0006799715484094 0.645852272932242 0.7457580648155003 0.6269141119554315 0.743859468239335 0.6844163258603014 0.9987813749722442 0.703354486837112
0 0.9651339063301915 0.6415162770920518 0.8912527874279793 0.6360276431135973 0.8904151705188655 0.6613962809339068 0.9642962894210777 0.6668849149123613
0 0.8897161042260643 0.6325229322446774 0.856359607789417 0.6300448752400059 0.8555220050956738 0.6554130791340762 0.8888785015323211 0.6578911361387477
0 0.8543236015625001 0.6298936191406251 0.7826218837984408 0.6245668930014404 0.7817842812135267 0.6499350968077791 0.853485998977586 0.6552618229469638
0 0.7807793750000002 0.6244300117187501 0.7470358890222412 0.6219232054986316 0.7461982863940033 0.6472914101514708 0.7799417723717622 0.6497982163715894
0 0.74569271484375 0.6184324355468751 0.7095763344748741 0.6157493463249946 0.7087387173974052 0.6411179839516967 0.7448550977662811 0.6438010731735773
0 0.7075409870502608 0.6155981404080164 0.6741844904555349 0.6131200840755935 0.6734027252604168 0.6367971621093751 0.7067592218551426 0.639275218441798
0 0.6721484856770835 0.6129688281250001 0.6004467172036739 0.6076420981208415 0.5996091002604167 0.6330107363281251 0.6713108687338263 0.6383374663322837
0 0.6363689962081678 0.6103107673319835 0.6012207472429291 0.6076995996168093 0.6006064934895834 0.6263032968750002 0.6357547424548221 0.6289144645901744
0 0.567532443587747 0.6035016170720228 0.44431170040501405 0.5943475365186991 0.44252479154256785 0.6484670663483322 0.5657455347253009 0.6576211469016559
0 0.43515886197916664 0.5936675722656252 0.4168794991514571 0.5875517744244143 0.41019538671875 0.632502240234375 0.42847474954645953 0.6386180380755858
0 1.0013960169759522 0.5967394483650196 0.9769610351755093 0.5949241738711692 0.9755650181995571 0.6372049481623998 1 0.6390202226562501
0 0.9735482110771675 0.6011507984277064 0.678294309597303 0.5632081759207432 0.6759251302263952 0.6046891322775396 0.9711790317062597 0.6426317547845027
0 0.6715859440104167 0.5683593750000001 0.4174265 0.568359375 0.4174265 0.6005258085937502 0.6715859440104167 0.6005258085937503