0 0.4219556782226562 0.29527635116479733 0.19243762424119243 0.16952985598912684 0.1675456042694497 0.3113944884569932 0.3970636582509135 0.4371409836326636
0 0.77472505078125 0.4262317635893012 0.7499929040547297 0.27359043295616253 0.6961539815736815 0.3008286742720368 0.7208861283002017 0.4534700049051756
0 0.6269998847656248 0.5371111829163071 0.6117500343853942 0.41053543559013983 0.5583651035156248 0.4306183528904228 0.5736149538958555 0.5571941002165901
0 0.374590415172238 0.7903945139866231 0.27279503268018124 0.7375040844932882 0.23010073005087536 0.9940788506179885 0.33189611254293205 1.0469692801113233
0 0.266900175165644 0.7361475294136156 0.10547039875429987 0.6631320113193458 0.05996388378906256 0.9772805789473682 0.2213936602004067 1.0502960970416382
0 0.10663589679271128 0.6605477369059285 0.02519968622237591 0.6182354445337338 -0.008336543279564623 0.8197740584784208 0.07309966729077075 0.8620863508506155
0 0.7078249907226564 0.8703900509059534 0.5710945336914063 0.827754412424504 0.5685880706610895 0.8528528583027494 0.7053185276923396 0.895488496784199
0 0.7043929262695313 0.8997044745470233 0.5686918168945314 0.8561290526315791 0.5659036166953848 0.8832408795826171 0.7016047260703847 0.9268163014980614
0 0.7014286064426714 0.9320822481611258 0.5656927177734375 0.8838310690250217 0.5638925283972708 0.8996434761189559 0.6996284170665046 0.9478946552550602
0 0.6990331186665957 0.9548814920613772 0.5621407329101563 0.9099415944779983 0.5594779731302795 0.9352679229515652 0.6963703588867188 0.9802078205349439
0 0.6953318935546876 0.9870030362381366 0.5583644609375001 0.9371796341673858 0.55665959650334 0.9518137611718805 0.6936270291205274 1.001637163242631
0 0.6652053266601563 1.0000000000000002 0.5644835301521722 0.9643742334344579 0.5616192060546876 0.9896599016393445 0.6623410025626716 1.0252856682048868