0 0.4768008925781251 0.44619645898437515 0.4194523320875051 0.3912554570408994 0.28668359409139377 0.5298422270831857 0.34403215458201375 0.5847832290266615
0 0.35746435937499993 0.3360158750000001 0.2807631305674028 0.26600331364023944 0.14866039257812502 0.41072651953124995 0.22536162138572213 0.4807390808910106
0 0.20054004101562506 0.19662308789062505 0.13329153440027658 0.14036591766471687 0.014585576171875003 0.28226424609375 0.08183408278722348 0.33852141631965815
0 0.081275400390625 0.030269669921875002 3.706965438107113e-18 0.030269669921875 1.316534930712756e-17 0.18473680078125 0.08127540039062502 0.18473680078125
0 0.51953125 0.17287784179687504 0.4629125078125 0.17287784179687504 0.4629125078125 0.43367370898437513 0.51953125 0.43367370898437513
0 0.6880857925019553 0.3354133826008286 0.6711662865569079 0.20406709220652874 0.6262432890996537 0.20985389379997782 0.6431627950447011 0.34120018419427767
0 0.6354226806597181 0.34329341247533296 0.6081977968749999 0.149112515625 0.5669402335045378 0.1548969794225239 0.594165117289256 0.34907787627285686
0 0.8999432109375001 0.300293880859375 0.8949335874226108 0.1339714454788382 0.7875690081573065 0.13720526128801086 0.7925786316721958 0.3035276966685476
0 0.8340415081343935 0.06498380205934776 0.8217505462800117 -0.015650413848570882 0.7190768203125001 0 0.7313677821668819 0.08063421590791864
0 0.4533053447195343 0.9190152277205059 0.40635776325832307 0.8764848672201397 0.29446396679687503 1 0.3414115482580863 1.0425303605003662
0 0.5474871577207078 0.8158413281235083 0.5034152243400194 0.7736250373536703 0.4597561056818117 0.8192032189957872 0.5038280390625001 0.8614195097656252
0 0.8982249140625002 0.9756268222656251 0.7046046390841524 0.9668456272451524 0.7031010000000001 1.0000000000000002 0.8967212749783479 1.0087811950204728
0 0.9022654697133672 0.9044596865552497 0.7052692417265335 0.8918722679536957 0.7023707480468752 0.9372344140625 0.8993669760337089 0.949821832664054
0 0.905687816634808 0.8229544190037718 0.7138290519089068 0.8125486341259083 0.7112518828125002 0.8600657109375001 0.9031106475384014 0.8704714958153635