0 0.4209729469114311 0.23302459883495533 0.31737935312500004 0.1432471848958334 0.2584595916668145 0.1904604782965391 0.36205318545324555 0.28023789223566103
0 0.3101298064395638 0.3113308618169634 0.214825209375 0.22607639843750005 0.16618311440240116 0.2638376607383011 0.2614877114669649 0.34909212411776447
0 0.5799536640625 0.1396197473958334 0.55 0.1396197473958334 0.55 0.22722438020833338 0.5799536640625 0.22722438020833338
0 0.7959220766762375 0.000012675274132368611 0.7419066376964517 -0.002361024176777096 0.7333592448799431 0.13271036048641385 0.7873746838597289 0.1350840599373233
0 0.9188884734244536 0.0034000364179731977 0.8362692348671065 -0.0007790768056871455 0.8250894192551531 0.15270707557842308 0.9077086578125002 0.1568861888020834
0 0.8720766312845811 0.13724151487819494 0.7706954195021688 0.1318202512740875 0.7668518069526762 0.1817355947081464 0.8682330187350885 0.1871568583122539
0 0.5386373024417648 0.8860469547733242 0.3194683460368005 0.8796047497193435 0.31437237031250015 0.9999999999999999 0.5335413267174645 1.0064422050539805
0 0.2841846476175164 0.8304636271601719 0.2393845447367296 0.8246968093560857 0.208114850172702 0.9933924763781451 0.2529149530534888 0.9991592941822313
0 0.5620504428295365 0.3328985526706482 0.38370716129114585 0.32765636869230297 0.36373733877410946 0.7994544905008212 0.5420806203125001 0.8046966744791665
0 0.38808534687500007 0.3258811757812501 0.2629108343745191 0.3083234834343997 0.17936326163766675 0.7219609017133619 0.3045377741381477 0.7395185940602121
0 0.7265434210678443 0.6868595772521783 0.6327739765624999 0.6466374088541665 0.5977512826220144 0.7033373907346524 0.6915207271273587 0.7435595591326641