0 0.48981308411257524 0.3460818862222285 0.4890605830826128 0.12130386564901866 0.2980864409477292 0.1219431996830413 0.2988389419776916 0.3467212202562512
0 0.8376938412727487 0.5331063995794929 0.8295996575436828 0.49777219631920744 0.7474493378560331 0.5165907833991293 0.755543521585099 0.5519249866594148
0 0.8256830038317118 0.46963579519110377 0.8178324046875 0.43574023125000005 0.7344973975413676 0.4550415692339641 0.7423479966855793 0.4889371331750678
0 0.8147248057310611 0.40847849168122086 0.8061410687809305 0.37520538719854046 0.72689208125 0.3956499015625001 0.7354758182001306 0.4289230060451804
0 0.8004233423315915 0.3475457223911303 0.7929616484375 0.3125667375 0.7129847605523143 0.32962735426342843 0.7204464544464056 0.3646063391545587
0 0.791804272945701 0.2837235394841987 0.7864235421875 0.2509736796875 0.7027805187893448 0.26471604657093784 0.7081612495475459 0.29746590636763653
0 0.8499976981639759 0.20927960024711836 0.8443773468749999 0.17825499687499996 0.690182844501164 0.20618854560647631 0.6958031957901399 0.23721314897859463
0 0.8396122437500001 0.150571746875 0.8347728478569435 0.11581077249009449 0.6797645914181967 0.13739090172620863 0.684603987311253 0.17215187611111413
0 0.8321543609375001 0.09224585468749999 0.8254920706467563 0.05650785429472893 0.6701888343965187 0.08545953686285315 0.6768511246872622 0.12119753725562421
0 0.8175788109374998 0.03183692656250001 0.8121615500493 -0.004695231393745347 0.6591120105245862 0.018000095978299213 0.6645292714127862 0.05453225393454457
0 0.9920838846558582 0.8662652497501225 0.971528332999932 0.782975036026662 0.6869804858440738 0.8531998284640396 0.7075360374999999 0.9364900421875001