0 0.057740071875 3.535559710212843e-18 0 0 5.954042821525032e-18 0.0972368984375 0.05774007187500001 0.0972368984375
0 1 0.40259977968750016 0.9579983015625 0.40259977968750016 0.9579983015625 0.46019540156250016 1 0.46019540156250016
0 1.009410838507489 0.3412915860879437 0.9955086124639072 0.3309464320229048 0.8983827890969298 0.46146794408814085 0.9122850151405115 0.4718130981531797
0 0.41809708970392573 0.9170679931204463 0.4124538195565289 0.7380949451035221 0.2981973277383042 0.7416976118545688 0.30384059788570106 0.9206706598714932
0 0.31102736806275083 0.9107464100355722 0.305713159375 0.7422097046875 0.22704442539618763 0.7446902448683536 0.23235863408393848 0.9132269502164257
0 0.14837262129347736 0.8065159301752217 0.1465390640625 0.7483656781250001 0.09034704673544737 0.750137489528401 0.09218060396642476 0.8082877415786228
0 0.4835652789374885 0.9121782214099744 0.47760348593749996 0.7231034421875001 0.42890370700001146 0.7246390145275259 0.4348655 0.9137137937500001
0 0.4119433065538904 0.7219043887040162 0.4073526765625 0.5763152171875 0.34928772164848415 0.5781460863428121 0.3538783516398745 0.7237352578593281
0 0.47741825537035065 0.7172289571915164 0.47184881718750005 0.5405974999999998 0.4231490383796494 0.5421330724959836 0.42871847656250006 0.7187645296875
0 0.35952925024510946 0.7245603085359065 0.3537417171875 0.5410120421875001 0.2076428605360495 0.5456187430807911 0.21343039359365895 0.7291670094291974
0 0.18160578294189134 0.730718913837802 0.17577561406250003 0.5458184609375001 0.08212289316273275 0.5487714617024821 0.08795306204212405 0.7336719146027841
0 0.07621196308150642 0.7180896260961293 0.07091884951442422 0.5502216024695767 -0.003798710413086778 0.5525775516349247 0.0014944031539954217 0.7204455752614771
0 0.47068225428641564 0.5036006569099805 0.4695368079120974 0.46727349908169324 0.42271045 0.46875 0.42385589637431825 0.5050771578282871
0 0.382423110056863 0.5095282952328749 0.3816014372622436 0.46602084524118714 0.23709310625 0.4687499999999999 0.23791477904461944 0.5122574499916877
0 0.1690066686054643 0.5024746063653561 0.1678038765625 0.47137419375 0.11327513764453567 0.473483063947144 0.1144779296875 0.5045834765625001
0 0.11111514568723643 0.5088663966264717 0.109751984375 0.47361931874999985 0.029198852919372954 0.4767346667162807 0.030562014231609397 0.5119817445927526
0 0.006967757664762137 0.48382385136136274 0.006727197696920065 0.47760374816562284 -0.00024055996784207168 0.4778732233667601 0 0.4840933265625
0 0.9592512546874999 0.823640321875 0.9582799901356671 0.7963617810888373 0.9174546938071678 0.7978153838842645 0.9184259583590008 0.8250939246704274
0 0.5284711546875 0.570285946875 0.5228891326622082 0.46642805356564754 0.47703631897412074 0.468892492307594 0.4826183409994127 0.5727503856169465
0 0.6773815062499999 0.5723895609374999 0.6727885378741427 0.47446348658265763 0.6211937667636047 0.4768834054207355 0.6257867351394619 0.5748094797755778