0 0.5117509698015671 0.18444197937886223 0.5093555274844495 0.07388785558257113 0.383686571875 0.07661079999999998 0.3860820141921176 0.18716492379629107
0 0.5103357724657325 0.3336192662576417 0.509375 0.22521238906249996 0.31478744587606294 0.22693695090777827 0.31574821834179545 0.33534382810292
0 0.4904024484375 0.3793219015625001 0.24000750156250011 0.37932190156250006 0.24000750156250011 0.41875 0.4904024484375 0.41875
0 0.8179529987841523 0.06603728111870337 0.7967188375 0.04481116093750002 0.7508670277693744 0.09068034073478333 0.7721011890535265 0.11190646091598669
0 0.83476673125 0.08303784531250007 0.8139073659125252 0.06508678594944181 0.7121275956000253 0.1833562078244418 0.7329869609374999 0.20130726718750008
0 0.8379754843695982 0.1065359879809975 0.8265817921874999 0.09623778593750006 0.7292998671929016 0.20386825420650262 0.7406935593750001 0.21416645625000008
0 0.8013165466365774 0.16997048769370654 0.7917020277696296 0.16099298033854406 0.7422751889455522 0.2139269692073375 0.7518897078125001 0.22290447656249998
0 0.7424831234375 0.14081400468750008 0.7287746701537898 0.13047536903033602 0.6955213295287898 0.17456744090533607 0.7092297828125 0.18490607656250013
0 0.7550178487821657 0.05719779093103874 0.7460900703125002 0.050064092187500096 0.7070571121553344 0.09891359031896148 0.7159848906249999 0.10604728906250012
0 0.7399541075132008 0.04682202004428615 0.7293723015625 0.036997385937500085 0.6909146480735673 0.07841892104159993 0.7014964540242682 0.088243555148386
0 0.7239536192137764 0.036254991972280506 0.7123025974462049 0.02531300079529051 0.6750927797949283 0.06493397913551009 0.6867438015624999 0.07587597031250008
0 0.12192606093750002 0.48612646406250004 0.11812239107912008 0.4443015066010648 0.0910155953125 0.44676666874999993 0.09481926517087994 0.48859162621143515
0 0.5110241009355024 0.8953118980786174 0.5093652589976748 0.8493972344015763 0.40241229531250006 0.8532613171874999 0.4040711372503277 0.899175980864541
0 0.48203587499999995 0.7523361453125001 0.47964017693044336 0.7006643080469936 0.37953174687499996 0.7053057062500001 0.38192744494455655 0.7569775435155066
0 0.5093750000000001 0.6994489265625 0.49330661875 0.6994489265625 0.49330661875000004 0.752028215625 0.5093750000000001 0.752028215625
0 0.7102059679368906 0.7548354876437194 0.7066251484374998 0.7443203640625 0.6774638617506091 0.7542509467312808 0.68104468125 0.7647660703125002
0 0.702811796629898 0.7260610759668797 0.6992308279626153 0.71554606046068 0.6700709250827173 0.7254766876188004 0.67365189375 0.7359917031250001
0 0.7065375524326761 0.7414181066658069 0.702957328125 0.7309025484375 0.6737965835048237 0.7408308855216932 0.6773768078125 0.7513464437499999
0 0.7079481133022002 0.6850442747237939 0.7046275324897843 0.6765497772994492 0.662765766062584 0.6929139447631554 0.666086346875 0.7014084421875001
0 0.6968862407940842 0.6428521956864517 0.6935653375000002 0.6343558453125 0.6517032482684157 0.6507181590010483 0.6550241515625 0.659214509375
0 0.6931610036524803 0.6274956028340378 0.6898404225849518 0.6190011056315659 0.6479786564324714 0.6353652746725279 0.6512992375 0.643859771875
0 0.6894919217372681 0.6140778921183989 0.6861710187499999 0.6055815421874999 0.6443089267002318 0.6219438563191012 0.6476298296875 0.6304402062500001
0 0.7042231987098677 0.6696895358684106 0.7009019960427629 0.6611934476551797 0.6590402301453953 0.6775576149117691 0.6623614328125 0.686053703125
0 0.7000308220611208 0.6586397040514849 0.6972903043837156 0.6497123990104148 0.6802394948225949 0.6549466824589298 0.6829800125000001 0.6638739874999999