0 0.39559612406869066 0.1403465049896035 0.28302544010416664 0.08924601562500001 0.2681314900427878 0.1630691800198711 0.38070217400731177 0.2141696693844746
0 0.34517309895533205 0.22601457447710316 0.23315786328125 0.17977771289062505 0.21967542969050127 0.25326962669477193 0.3316906653645833 0.29950648828125004
0 0.29542497552770325 0.31334060160134364 0.18051133203125 0.2746314140625 0.169225093113514 0.3500171703959518 0.28413873660996725 0.3887263579347954
0 0.2457261912767269 0.4220366775110361 0.1212267200520833 0.371413818359375 0.1081241042961898 0.443917717020214 0.23262357552083338 0.4945405761718751
0 0.46700991015624993 0.619787267578125 0.35796949800603023 0.5377343376948879 0.32219983150754467 0.6446868031558695 0.4312402436577643 0.7267397330391066
0 0.42844340885416665 0.739317935546875 0.3160086070883563 0.6580149332983636 0.29802012185392185 0.7139869928754774 0.4104549236197322 0.7952899951239889
0 0.3816466287881102 0.776811072606123 0.297345293236645 0.7157777319381344 0.27263212799020153 0.7925807355038864 0.3569334635416667 0.853614076171875
0 0.35359835546875 0.8596111777343749 0.2674351511852412 0.7947211092857536 0.22388927604166672 0.9248198671875001 0.3100524803251756 0.9897099356361214
0 0.29775385937500015 0.9966231171875002 0.21739236396791503 0.9361119264172078 0.2058355742187501 0.9706447460937502 0.2861970696258352 1.0311559368640426
0 0.32167826432291674 0.602448650390625 0.26585441175082636 0.5557068422513181 0.25315079557291675 0.58984375 0.30897464814500714 0.636585558139307
0 0.30630876953125 0.6506904140625 0.20577606999528278 0.5658103075052199 0.19241426953125 0.6014184179687501 0.29294696906721723 0.6862985245260302
0 0.27075977604166673 0.7397192285156252 0.1700120703125 0.6603802753906252 0.15747382808969754 0.6962037637044407 0.2582215338188643 0.7755427168294409
0 0.25654441015625 0.786913419921875 0.20584032421874998 0.745226310546875 0.1923642774921551 0.7821059105845504 0.2430683634296551 0.8237930199595503
0 0.2229774635416667 0.882417619140625 0.16848208096942804 0.8405161694156167 0.15707093359375005 0.8739081738281251 0.21156631616598873 0.9158096235531334
0 0.2028931458333334 0.9290286328125001 0.10366816051893639 0.8497497485574204 0.09164529314064533 0.8836071862986147 0.19087027845504234 0.9628860705536944
0 0.7442519791666666 0.9250997343750003 0.5954196250000002 0.9250997343750001 0.5954196250000002 1 0.7442519791666666 1