0 0.20785979648885933 0.16584164149822006 0.19598338594284653 0.08831754586601658 0.12208257187586223 0.12366765415209331 0.133958982421875 0.20119174978429682
0 0.19636694147719197 0.27501363820933694 0.18310132507025975 0.20222982481656318 0.10663151054619278 0.24574850325951264 0.11989712695312499 0.31853231665228643
0 0.17945075528254867 0.420073356353094 0.17080379296875 0.3417071069887834 0.10026410458073262 0.36601017341394665 0.10891106689453126 0.4443764227782571
0 0.16810919977589342 0.5536479574491922 0.160825064453125 0.47557044176013796 0.08129446379832533 0.4987379493670288 0.08857859912109377 0.5768154650560829
0 0.785897820440531 0.2701051956025553 0.7845052109374999 0.2447175099223469 0.6463142924204928 0.2683864482378695 0.6477069019235239 0.293774133918078
0 0.7869504560619907 0.3020821720873282 0.7857787172851561 0.27456735375323554 0.6482848760094205 0.29285005786845997 0.649456614786255 0.32036487620255266
0 0.788644921875 0.3216541742881795 0.787850740470425 0.30558652450671814 0.6499311559977689 0.32687214573191226 0.6507253374023438 0.3429397955133736
0 0.7906244506835938 0.3558602424503882 0.7893585847051344 0.3302014889683085 0.6505304705756957 0.35158714761618587 0.651796336554155 0.37724590109826567
0 0.7913013002067012 0.37569336882198595 0.7905857577958874 0.36080574694728856 0.6512061655969987 0.3817228854592112 0.6519217080078126 0.39661050733390857
0 0.7934630290986566 0.41067602219276755 0.7922126109723711 0.3849968362610161 0.6613174632213707 0.4048985552244177 0.6625678813476563 0.4305777411561691
0 0.7939559463078149 0.42883181800177517 0.793236541015625 0.41369615185504743 0.6545089979546282 0.43428479925582597 0.6552284032468181 0.44942046540255376
0 0.795550094551517 0.46391720395171265 0.7943149204101562 0.4362147955133736 0.6537812399211391 0.4557799875927222 0.6550164140625 0.48348239603106125
0 0.7958282885742187 0.48214987489214844 0.7951324466236126 0.4679024851657095 0.6556885022876752 0.4891676128619994 0.6563843442382813 0.5034150025884383
0 0.7971910841988944 0.5161146357998897 0.7960652495404624 0.49169580535743757 0.6566840662204743 0.5117611643806712 0.6578099008789062 0.5361799948231234
0 0.7969691697296324 0.5340427221764453 0.7960720958053913 0.5180490781325195 0.6576268430679464 0.5422957373193183 0.6585239169921875 0.5582893813632442
0 0.7978895357818087 0.5748588886144758 0.7967446035156248 0.5486309620362382 0.6681871988421559 0.5661538613059872 0.6693321311083398 0.5923817878842248
0 0.7985262941765384 0.5927895306842763 0.7978207119140627 0.5770842571182053 0.6610582058234618 0.5962692760456633 0.6617637880859375 0.6119745496117343
0 0.8022642440593056 0.6455425895024061 0.7997753396608807 0.5967066621823418 0.6610903540039063 0.6187760992234687 0.6635792584023312 0.6676120265435329
0 0.8050721000976561 0.7185508032786886 0.8017029082260365 0.6482238822040661 0.6642217446264795 0.6687894342476525 0.667590936498099 0.7391163553222748
0 0.25495931889955736 0.9172493342892073 0.2441671018796792 0.864712672932669 0.16097523828125002 0.9180734426229508 0.17176745530112822 0.9706101039794892
0 0.08297020840650499 0.8797142591936755 0.05360895795941431 0.8611630349678076 0.05082177855543499 0.8749370302403368 0.08018302900252566 0.8934882544662048
0 0.1405545329908179 0.8334228697423968 0.10749823705189901 0.8124873857395476 0.10380056701008192 0.8307176250435498 0.13685686294900082 0.8516531090463991
0 0.2511216458275372 0.8336662235867045 0.211028289096776 0.8103770647691363 0.20729986874089196 0.8304188552994681 0.24739322547165316 0.8537080141170363
0 0.24831348046875004 0.983152484037964 0.2455899634184473 0.970904301425498 0.21648359126582556 0.991113056309347 0.2192071083161283 1.003361238921813
0 0.7077885700116126 0.9160903914183931 0.7074175211525001 0.8892094103012022 0.3878181320649205 0.9029841993909103 0.38818918092403304 0.9298651805081013