0 0.46875 4.7610561176446575e-17 0.3069821625 3.770513795647837e-17 0.3069821625 0.08877818593750006 0.46875 0.08877818593750006
0 0.4697423879705938 0.12975652781414318 0.22274438906250005 0.10502120000000004 0.2118908858005523 0.21340034124229829 0.458888884708646 0.23813566905644143
0 0.376267229243484 0.2657460697007098 0.12887747343750003 0.255707315625 0.12439690590117883 0.36612405661926073 0.37178666170716274 0.3761628106949705
0 0.22332446102685455 0.34916329116617356 0.11710364503758922 0.33987017401238623 0.09613786262157101 0.5795101655490529 0.20235867861083637 0.5888032827028401
0 0.7585213468750002 0.3212439859375001 0.6760680018388288 0.32119702274739226 0.6760503640625001 0.35216369375000006 0.7585037090986715 0.3522106569401079
0 0.09717345219807372 0.8581901686416258 0.041922616456108196 0.8538558422652605 0.03948108992474001 0.8849786442028013 0.09473192566670553 0.8893129705791665
0 0.1021296390625001 0.7912348671875 9.689832474749529e-17 0.7912348671875 1.0083934769563468e-16 0.85559665625 0.1021296390625001 0.85559665625
0 0.2341319419262014 0.7169825506683698 0.11760612842502509 0.7056130254570896 0.1063474234375001 0.821003046875 0.22287323693867642 0.8323725720862802
0 0.1086187047789983 0.7045038089319883 0.008399824280438239 0.6945798868669592 -0.002751842369654656 0.8071974124825392 0.09746703812890542 0.8171213345475683
0 0.2887764412826221 0.6759266727934788 0.258093473592458 0.6113133569473248 0.11604897103472815 0.6787661230756192 0.14673193872489226 0.7433794389217734
0 0.27304276406250005 0.5796875 0.009190387500000077 0.5796875 0.009190387500000084 0.6951235328125 0.27304276406250005 0.6951235328125
0 0.974490753125 0.7471320921875 0.9518536151979046 0.7446288668226689 0.9463249316768028 0.7946257920619142 0.9689620696038983 0.7971290174267452
0 0.9476066646560865 0.7453563196512857 0.9249689990418934 0.7428530349063381 0.9194496515524341 0.7927655121533228 0.9420873171666271 0.7952687968982703
0 0.9875562956542889 0.6854933461335546 0.9566868020210482 0.682079782384392 0.9505874839698059 0.7372370530801936 0.9814569776030467 0.7406506168293562
0 0.9503539968750003 0.682833125 0.9318325102255457 0.680785010058912 0.9257798998481809 0.7355198982479301 0.9443013864976354 0.7375680131890181