0 0.37863326289125354 0.3107141026507262 0.2464746773828787 0.303899899997971 0.23894163906250004 0.45 0.3711002245708749 0.45681420265275524
0 0.9293408501188802 0.2794627894799128 0.9130913937499999 0.2751603718750001 0.8972991146974933 0.3348049654485918 0.9135485710663737 0.3391073830535046
0 0.9072867057829894 0.2725523402061597 0.8918855000000001 0.2686670078125001 0.8716884730910988 0.3487267134212596 0.8870896788740881 0.3526120458149191
0 0.8850995062534304 0.26465105218243107 0.8704077172216479 0.26148250015932006 0.8522085078124999 0.3458677156250001 0.8669002968442824 0.349036267648111
0 0.8659615281249999 0.26936137031250007 0.8509584701204298 0.2653144878605689 0.8209836232822394 0.3764406130033625 0.8359866812868095 0.3804874954552937
0 0.843153934375 0.26673443125000007 0.8279911255103611 0.262770942804854 0.7985022421875 0.3755842656250001 0.8136650510521388 0.3795477540701461
0 0.7293869953125002 0.2081866625000001 0.7068892735105966 0.2020084754120405 0.6810480281250002 0.2961087578125001 0.7035457499269038 0.3022869449004597
0 0.7045722890625 0.3060014593750001 0.679826665758044 0.2999729907746767 0.6561833656249999 0.3970238734375 0.680928988929456 0.4030523420378234
0 0.6969931920970098 0.20430304579007622 0.6825246060648961 0.2009383385614893 0.6608817889678863 0.29400467089641324 0.6753503750000001 0.29736937812500014
0 0.6706727859375001 0.30086826093750013 0.6583519959006062 0.2979746634086175 0.6365303062500001 0.3908903000000001 0.648851096286894 0.39378389752888265
0 0.1547562096659775 0.8834871078141692 0.1259093105332355 0.5115541621314388 0.05989736715229569 0.5166740093898492 0.08874426628503769 0.8886069550725797
0 0.2362277527430309 0.8479679306442947 0.21241476879745794 0.5276689402552222 0.13927463751487643 0.5331066244948557 0.16308762146044936 0.8534056148839284
0 0.6581894737290291 0.6442987884302216 0.5710984604183927 0.6213947952491831 0.5366898898143637 0.7522312505689615 0.6237809031250001 0.77513524375