0 1.0137424982260606 0.20586540155554323 0.645435546875 0.08257233906250008 0.6312452835410705 0.12496217448153055 0.9995522348921311 0.24825523697457372
0 1.0139127919539406 0.2690208846284481 0.635822265625 0.1406543218750001 0.621471197479706 0.18292391912875172 0.9995617238086465 0.3112904818821997
0 1.0139091081823561 0.3283091920018294 0.624794921875 0.1982269046875 0.6108858136926438 0.23983311737317065 1 0.36991540468750006
0 1.0038098115652416 0.386114337391326 0.614708984375 0.25613908750000014 0.6001843290597584 0.2996208688586742 0.9892851562499999 0.42959611875000014
0 0.7316713146884445 0.5501555900200623 0.57130859375 0.49548105468750003 0.5566998213270102 0.5383292011065135 0.7170625422654547 0.5930037364390758
0 0.9567174588077411 0.6233998408559028 0.820060546875 0.5785445062500001 0.805136177857922 0.6240133050080002 0.9417930897906631 0.668868639613903
0 0.9017167968749998 0.66875 0.55839453125 0.5523796625 0.5430286062688654 0.5977130721237962 0.8863508718938654 0.7140834096237961
0 0.9802017264817682 0.50873194571254 0.5904453125 0.37725859375000004 0.5748998360182316 0.4233435917874601 0.9646562499999998 0.5548169437500001
0 0.9681687803155796 0.5672572458620823 0.580609375 0.43863991718750006 0.5654581728094202 0.4842946588254177 0.953017578125 0.6129119875000001
0 0.9933091841182202 0.4431143225614923 0.6044375000000002 0.3099290531250001 0.5893197221317801 0.3540696383760079 0.97819140625 0.4872549078125002
0 0.5036492143467282 0.7690471074982111 0.1412407713172825 0.7089547652674385 0.1374726562500001 0.7316797359375001 0.4998810992794457 0.7917720781682728
0 0.5037022541953287 0.8002862310881099 0.1297915376907433 0.7374057100708225 0.12597265625000004 0.7601141843750001 0.4998833727545854 0.8229947053922876
0 0.5036927179072049 0.8296787118088147 0.11939416005870751 0.7660428475455452 0.11570144215150271 0.7883432622992304 0.5000000000000001 0.8519791265624999
0 0.4987890625000002 0.8591721671875001 0.10970560487731613 0.7947947766870943 0.10584991502434711 0.8180977581818851 0.4949333726470312 0.882475148682291
0 0.22642578125000004 0.9403711187500001 0.06522197777473122 0.9131472980907198 0.061332031250000106 0.9361813234375 0.22253583472526897 0.9634051440967804
0 0.4512753906250001 0.9766520500000002 0.31567470788302776 0.954605713073106 0.3117229881067579 0.9789116057682987 0.44732367084873026 1.000957942695193
0 0.40171679687500006 1.0000000000000002 0.05388479319516863 0.9416014656126033 0.04979687500000003 0.9659498296875002 0.3976288786798315 1.0243483640748972
0 0.47428906250000014 0.9197508062499999 0.08537163954795837 0.8547686733623981 0.08123895933875902 0.8795027235608854 0.4701563822908007 0.9444848564484871
0 0.46253906250000004 0.9488024656249999 0.07495012601311604 0.8850899624600347 0.07093196514035174 0.9095340609013641 0.45852090162723574 0.9732465640663295
0 0.4874375000000001 0.8872404296875 0.09789763727895802 0.8211568020531793 0.09386935596419921 0.8449021109371898 0.4834092186852413 0.9109857385715108
0 0.7597655000000001 0.804614175 0.5000000000000002 0.804614175 0.5000000000000002 0.94436026875 0.7597655000000001 0.94436026875