0 0.15150238465487367 0.3351205780120896 0.13831327610454155 0.22250875071582665 0.10768987143013663 0.23210576535549418 0.12087897998046876 0.34471759265175717
0 0.204907205078125 0.2670369392971246 0.19313351416015626 0.15487028514376994 0.1620435422863392 0.1636024201405043 0.17381723320430792 0.275769074293859
0 0.2594202719726562 0.19979684664536745 0.24830932770826378 0.08918447775834179 0.21561052399732628 0.09797329405227148 0.22672146826171874 0.20858566293929717
0 0.34578500239386845 0.31190682882156223 0.3290434414947045 0.20201122477099678 0.29901449902343746 0.2142519432907348 0.3157560599226015 0.32414754734130025
0 0.294091298828125 0.38120352555910547 0.2768085481378439 0.2692368966451583 0.24667451367187498 0.281682982428115 0.26395726436215616 0.3936496113420622
0 0.24043750575891232 0.44407798568704665 0.22530956267313712 0.33373820070289983 0.19291400369156858 0.3456227980829458 0.20804194677734375 0.45596258306709253
0 0.9614158842773438 0.015664412939297313 0.8655526441513048 0.00931804455623392 0.863098097855202 0.10852663995511341 0.958961337981241 0.1148730083381768
0 0.8591872036132814 0.008896636581469821 0.6814541690484804 -0.002869702545467016 0.6793129751960251 0.08367371262018997 0.857046009760826 0.0954400517471268
0 0.6677868334960937 1.2169579530122987e-16 0.5471248911132812 1.0960995665950093e-16 0.5471248911132812 0.02780369728434517 0.6677868334960937 0.027803697284345185
0 0.27339503515625 0.7528302052715656 0.2241241558594822 0.6717714747635721 0.20816905336276315 0.6977217136645859 0.25743993265953097 0.7787804441725793
0 1 0.5399361022364219 0.7131540961914062 0.5399361022364219 0.7131540961914062 0.5885442731629394 1 0.5885442731629394
0 0.8454061884765626 0.7612738274760386 0.7008788947566842 0.7369242359955195 0.6956610487054553 0.819794877262217 0.8401883424253337 0.8441444687427363
0 1.0050950292778786 0.7947825000504734 0.8755653505563881 0.77281961461065 0.8704703212785095 0.8532236457103364 1 0.87518653115016