0 0.5080902215250671 0.4181406978278017 0.49994744328967483 0.24483497886602748 0.2401558485576923 0.25704130048076923 0.24829862679308468 0.43034701944254344
0 0.9564401994509899 0.49798438215043933 0.9395527855168659 0.43025263167538513 0.6212461435005566 0.5096153527627459 0.6381335574346807 0.5773471032378001
0 1.0354742359584024 0.2056645176404614 0.996510816302179 0.04939077585440929 0.4662988036691852 0.18158747709724155 0.5052622233254087 0.3378612188832936
0 1 9.184850993605148e-17 0.5 6.123233995736766e-17 0.5 0.15336533413461545 1 0.15336533413461548
0 0.522707573897329 0.903833030846057 0.4998977270009248 0.8354396025360068 0.4063826771420573 0.8666277447668728 0.4291925240384615 0.935021173076923
0 0.5212822819424047 0.7519805536764153 0.4997566639308006 0.6877396598424357 0.3240501680460882 0.7466147888583283 0.34557578605769235 0.8108556826923079
0 1.0103588745114076 0.9086432244135617 0.9796625661753419 0.8437294349206417 0.9134397858537616 0.8750447363304369 0.9441360941898274 0.9399585258233569
0 0.9387850743687607 0.9453012592783387 0.9070722632092998 0.8813410479073529 0.8403906442307691 0.9144031899038463 0.87210345539023 0.978363401274832
0 0.8991791817979417 0.87272815129159 0.8671498798481143 0.808369279478858 0.8000772341078649 0.8417491378026527 0.8321065360576922 0.9061080096153847
0 0.8570028461538463 0.7987865649038463 0.8268695335759108 0.7357861979979826 0.7605451104989875 0.7675094191518288 0.7906784230769232 0.8305097860576924
0 0.9261599302884616 0.8042891129807693 0.8743632403846153 0.7077726250000003 0.8283645694310896 0.7324583439399966 0.8801612593349358 0.8289748319207658
0 0.9864626899038461 0.6181175793269232 0.9645465561423895 0.5784089566781805 0.8614299134615384 0.6353214855769233 0.8833460472229949 0.675030108225666
0 0.924429173076923 0.5947132908653848 0.8938404446885759 0.537268760786161 0.8225391971153845 0.5752360745192308 0.8531279255037317 0.6326806045984544
0 1.0039371157783885 0.55519864240334 0.9688096985315298 0.4963744603320197 0.9024773470011601 0.5359854520555853 0.9376047642480186 0.5948096341269057