0 0.42613282387409274 0.160923895509648 0.11812146254681649 0.11466366260162603 0.10227045477049136 0.2389914225114796 0.4102818160977676 0.2852516554195016
0 0.6602857525916915 0.2890282736733182 0.6508526563682997 -0.004160009975751056 0.5410951048689139 0 0.5505282010923057 0.29318828364906924
0 0.6746549840823969 0.4796747967479674 0.6676705140143198 0.33110745149006293 0.5916788249123719 0.3353159628508733 0.5986632949804491 0.4838833081087777
0 0.7320147629835093 0.2692258840383925 0.7216744485018727 0.08909843292682926 0.679060297133766 0.09198020744177078 0.6894006116154027 0.27210765855333396
0 0.7070577209737828 0.4796747967479675 0.7000529007490637 0.3329826636178862 0.6733052614378349 0.3344872874504135 0.6803100816625539 0.4811794205804948
0 1.0023838227431503 0.07466471209199264 0.9998437361202034 0.010679168020451298 0.7234115622534575 0.023606459993499307 0.7259516488764044 0.08759200406504065
0 0.22938721844443516 0.6259944928622718 0.22854298677428816 0.5975513824908506 0.16357198498225592 0.5998231109843465 0.1644162166524029 0.6282662213557677
0 0.38967770224719095 0.6773351504065042 0.3870847042767114 0.5899741687469211 0.23958780908923336 0.5951314386240926 0.24218080705971293 0.6824924202836756
0 0.740795870950168 0.9017503124328251 0.7291018220723332 0.8378236632448448 0.5145326599236635 0.88406203983641 0.5262267088014981 0.9479886890243903
0 1.0081551603824142 0.8480180723805274 0.9966028655612718 0.7831521368215691 0.7714836087369101 0.8303819831402285 0.7830359035580525 0.8952479186991869
0 0.9989342274445425 0.9437317591563774 0.9874441643936788 0.8787038047068099 0.7887651195334059 0.9200586776642536 0.8002551825842696 0.9850866321138212
0 0.75385983271045 0.9958472666328047 0.7454429073033707 0.9287749065040651 0.525385011140819 0.9613060369425859 0.5338019365478983 1.0283783970713254