0 0.37890625 0.06261767187500003 0.299078037109375 0.06261767187500002 0.299078037109375 0.25761020052083333 0.37890625 0.25761020052083333
0 0.09516484901074938 0.7368563406289117 0.044411841796875004 0.5541803997395834 -0.010097429088874371 0.5609112244752551 0.04065557812500001 0.7435871653645835
0 0.14435711400117096 0.6883093509603966 0.095696 0.5107287591145834 0.04318101490507906 0.5171244472166868 0.09184212890625001 0.6947050390625001
0 0.19645319310585146 0.6447146379897547 0.14728774414062504 0.46650605859375 0.09396084009727357 0.47304481643732865 0.1431262890625 0.6512533958333334
0 0.24819582764373693 0.6004033866139128 0.19760942578125001 0.4206027369791667 0.14376616063751307 0.4273354701569206 0.19435256250000002 0.6071361197916667
0 0.2982035348533693 0.5541089375987647 0.249699109375 0.37350707682291656 0.19647740459975566 0.37985988010956856 0.244981830078125 0.5604617408854167
0 0.3493117174758577 0.507284174606272 0.30007867382812503 0.3282693880208333 0.2460125813522674 0.33487799987289474 0.29524562500000007 0.5138927864583334
0 0.3651363690020213 0.4694481039929402 0.3511618756143034 0.30875159539738 0.30751787216901344 0.3104384268672942 0.32149236555673133 0.4711349354628544
0 0.03561025976562508 0.37459077473958335 6.881120899124369e-17 0.37459077473958335 8.415250726285827e-17 0.54161905078125 0.035610259765625096 0.54161905078125
0 0.09712300523008094 0.49737489784882816 0.055934931640625025 0.34411024088541664 0.003325934223044086 0.35039381829700506 0.04451400781249999 0.5036584752604166
0 0.14829167282452121 0.4502484463236453 0.11477999023437502 0.3271354140625001 0.06345747951922884 0.3333443557596882 0.09696916210937503 0.4564573880208334
0 0.19962509372821882 0.4051231171947883 0.17488639137305523 0.3098561837014811 0.12297549491046145 0.31584734124627617 0.147714197265625 0.41111427473958345
0 0.2519483451780364 0.35872141119710704 0.23595232077268852 0.30340404734049126 0.18355961817277713 0.3101375163517175 0.199555642578125 0.36545488020833333
0 0.14969472809517487 0.9369387978989846 0.09685994140625 0.7567143007812498 0.043076885186075164 0.7637218974135153 0.09591167187500002 0.94394639453125
0 0.1988556012793413 0.8912002812808067 0.148144103515625 0.7132626562500001 0.09661826395503363 0.7197891692400266 0.14732976171874995 0.8977267942708332
0 0.24805194674787837 0.8466583843034559 0.20065860156250004 0.6667267812500001 0.14963159704820114 0.6727002620311725 0.19702494223357947 0.8526318650846282
0 0.3017171457222539 0.8037097692576802 0.25280763281249996 0.6202963307291666 0.19867997732462103 0.6267113635548195 0.24758949023437493 0.8101248020833332
0 0.35100941107720535 0.7551032530417339 0.30276384375 0.5744984361979165 0.25016500493841964 0.580743282114516 0.29841057226562506 0.7613480989583333
0 0.4017362892327624 0.7098013926798811 0.353930771484375 0.5297159505208334 0.30135008967348764 0.535919540913869 0.349155607421875 0.7160049830729166
0 0.37360520507812506 0.5668335729166667 0.36940112186603136 0.5184896650730555 0.36122253894815765 0.5188057655077897 0.36542662216025135 0.5671496733514009
0 0.161886294921875 1 0.14861342773437497 0.9512606093749999 0.09677904554687403 0.9575342561381303 0.11005191273437406 1.0062736467631304
0 0.22470927720304407 0.9975492509732646 0.19966604882812503 0.9051464361979168 0.14698040917005595 0.9114926522339807 0.172023637544975 1.0038954670093287
0 0.2860798648168238 0.985227692198385 0.25193084765625007 0.86004725 0.1993055394800513 0.866427737489115 0.23345455664062503 0.9916081796874999
0 0.3450303982466705 0.9682031666066577 0.302809814453125 0.8119361796875002 0.2506623205033296 0.8181981055287593 0.2928829042968751 0.9744650924479168
0 0.4008783028910649 0.9449049084511348 0.3519011523437501 0.7691170924479166 0.30078171468706016 0.7754471592571986 0.34975886523437505 0.9512349752604168
0 0.3789062500000001 0.7434953085937499 0.3609730488281251 0.7434953085937499 0.3609730488281251 0.82642311328125 0.3789062500000001 0.82642311328125
0 0.6238769087245705 0.7990215079217405 0.5789937988281249 0.4314772005208334 0.5194722152310669 0.434707666706516 0.5643553251275125 0.8022519741074232