0 0.18371980468750002 2.7755575615628914e-17 0.08017022414411788 -0.014746437380765864 0.06151033508161787 0.11628342668173412 0.16505991562500003 0.1310298640625
0 0.4126701062769314 0.2692183952505284 0.3369297046875 0.22086643124999994 0.3023140171605686 0.2750897938119715 0.37805441875000007 0.3234417578125
0 0.3318316889968555 0.48147481342123666 0.22090451562500002 0.3994169671875 0.18147310475314454 0.4527210100162634 0.292400278125 0.53477885625
0 1.0407433405858566 0.037283642816509664 0.9697877053095091 -0.027646834739378612 0.6405627996124741 0.33212816171619935 0.7115184348888216 0.3970586392720876
0 0.3857654390625001 0.9969346296874999 0.3292735828125001 0.9969346296874999 0.3292735828125001 1 0.3857654390625001 1
0 0.6118902750000002 0.9459559859374999 0.355666980071782 0.9363329647078139 0.35357241629235003 0.9921029791548135 0.6097957112205681 1.0017260003844994
0 0.6260392234375002 0.8765313703125 0.42250174346483477 0.8688870790297262 0.4205141319254529 0.9218093747567391 0.6240516118981183 0.9294536660395127
0 0.6316744067749656 0.8057268569706209 0.4944512827546417 0.8005731447670122 0.4924239111409861 0.8545540919726319 0.6296470351613099 0.8597078041762405
0 0.47785636255782665 0.7733633359270506 0.4434147539764567 0.7362934482193868 0.17196624101964259 0.9884960852217294 0.20640784960101258 1.025565972929393
0 0.6302837856799545 0.7410182604357033 0.5724488529259466 0.7388461432532847 0.5718525671875001 0.7547228859375001 0.629687499941508 0.7568950031199189
0 1.0092602961570354 0.737778523924929 0.9700450088981365 0.7343476314233055 0.9607847127411011 0.8401933184358764 1 0.8436242109375
0 0.9716014656094462 0.734483802475734 0.8268416238597208 0.7218189586771986 0.8177174991646468 0.8261081917679716 0.9624773409143721 0.8387730355665071