0 0.3177819479173433 0.1051992718111348 0.2999543922372474 -0.021650337711414072 0.14590428385416665 0 0.16373183953426262 0.12684960952254887
0 0.15692821284787598 0.5779750101046534 0.04950859161014076 0.44306681232259054 -0.0162712555025248 0.4954435127610139 0.09114836573521042 0.6303517105430766
0 0.46936754200814024 0.32903611351356904 0.45454660067535557 0.11238387818401215 0.3824801214679127 0.1173138668304212 0.3973010628006974 0.3339661021599781
0 0.48566517317708335 0.49739474609375006 0.4744427062724146 0.355625928055878 0.42308456865249444 0.35969145535378505 0.4343070355571632 0.5014602733916571
0 0.5156260931672848 0.31404680423778514 0.5056466783854167 0.20369438802083328 0.47757008777781246 0.2062334166433071 0.4875495025596807 0.316585832860259
0 0.5051778955982015 0.4729407408331559 0.49565440885416673 0.35383987369791664 0.47803325566553245 0.3552488879464528 0.4875567424095672 0.47434975508169214
0 0.7483157833021582 0.17734047425532884 0.7442175661638508 0.13841999000584176 0.5043361292158591 0.16367882825051297 0.5084343463541665 0.20259931250000004
0 0.866191731744379 0.45723284536787073 0.85652231640625 0.31800030859374995 0.834973240029994 0.3194968479405344 0.8446426553681231 0.4587293847146552
0 0.8171427471402984 0.29555098876898545 0.738509953125 0.2953093567708334 0.7381662828076183 0.4071478445643481 0.8167990768229166 0.40738947656250013
0 0.7694243571947491 0.5209221637557465 0.7656140854220714 0.48409204393650557 0.533031879268989 0.508153910128676 0.5368421510416667 0.5449840299479168
0 0.07095254120185517 0.740030820629208 0.06276040523614212 0.6055517885664309 -0.005057273854652923 0.609683076838431 0.0031348621110601125 0.7441621089012082