0 0.3136293046875 0.15398427604166673 0.21653056999508305 0.1197817932414849 0.18175686096961108 0.16365753130363073 0.278855595662028 0.19786001410381257
0 0.20942982031250004 0.3108535885416667 0.0742938382606593 0.25321503222471414 0.03257084802628432 0.2966911559226308 0.16770683007812506 0.3543297122395834
0 0.6490364994058782 0.4498070074846809 0.6369590721862186 0.44598604211852627 0.6133452310489981 0.47915909545067187 0.6254226582686577 0.48298006081682643
0 0.6658986164830698 0.42583334998919903 0.6550351892532067 0.4219344597061796 0.6403581688904999 0.44010974447669754 0.651221596120363 0.4440086347597169
0 0.7479417709117758 0.41697991063013856 0.690429322036656 0.39939180769082067 0.6346544668572822 0.4804503509594847 0.6921669157324021 0.4980384538988026
0 0.6737275067746417 0.4025909805430888 0.666624586216812 0.4006424038787961 0.6584066321765454 0.41395616161695736 0.6655095527343751 0.41590473828125
0 0.6837064156468097 0.390282922722682 0.6679004155301272 0.38922546957160997 0.6667576741077161 0.39681694686050234 0.6825636742243986 0.39787440001157437
0 0.6593412317169067 0.3793383475455549 0.645122843384281 0.37504013757550436 0.57618438176802 0.47639435248447065 0.5904027701006457 0.48069256245452113
0 0.5748584515362828 0.2605595762133213 0.541794420379867 0.24640667003735253 0.5120744284552835 0.27726527883927987 0.5451384596116993 0.29141818501524863
0 0.7559397747076481 0.23635396422530464 0.7353370938588001 0.22845389934140894 0.706766050807177 0.2615698063434292 0.727368731656025 0.26946987122732485
0 0.7646171507440317 0.21740489118990722 0.7466709906258973 0.21620425682211408 0.7446710465968155 0.22949031319956412 0.7626172067149499 0.23069094756735722
0 0.5614987002898697 0.20964066157704442 0.5275324023855242 0.19510173274059442 0.4969617796386433 0.22684397274932222 0.5309280775429888 0.24138290158577222
0 0.6919496903466688 0.21306274718150964 0.6574416645863781 0.19919244728518215 0.6289606507467468 0.23068495098343542 0.6634686765070374 0.2445552508797629
0 1 0.21834569010416674 0.99817765625 0.21834569010416674 0.99817765625 0.2235670703125001 1 0.2235670703125001
0 0.5765898608740162 0.16748215589482693 0.5497638291820823 0.15688497597260634 0.5209253048546857 0.1893306380673423 0.5477513365466196 0.19992781798956286
0 1.0221570545873375 0.18465707051289845 0.9884258201556346 0.17109787295072956 0.9517645432585102 0.21163223249728777 0.9854957776902131 0.22519143005945663
0 0.6258932907766529 0.14895220615751922 0.5714882502992064 0.12566380879760852 0.5454686857127157 0.15267955960559407 0.5998737261901622 0.17596795696550474
0 0.7788983551297352 0.15140767808907532 0.7455337370503072 0.137124499514711 0.7143370498098967 0.1695127323564407 0.7477016678893246 0.18379591093080502
0 1 0.1610077903645834 0.994105234375 0.1610077903645834 0.994105234375 0.17180511718750005 1 0.17180511718750005
0 0.7392931662154482 0.1355821724166684 0.7043969644911467 0.1215558474532803 0.67677565234375 0.1520977473958334 0.7116718540680514 0.1661240723592215
0 0.835766078756965 0.12233201802530318 0.8171303103772276 0.11435516600307132 0.78659523260682 0.14606049622053516 0.8052310009865573 0.15403734824276702
0 0.9780386157689622 0.1206212230880223 0.943143212053431 0.10659492488438387 0.9142183649214539 0.1385775209867235 0.9491137686369852 0.15260381919036192
0 0.9402974379428881 0.10577630587472653 0.8980384374646969 0.08828901341857505 0.8342824319021324 0.15676451613161232 0.8765414323803236 0.1742518085877638
0 0.7274751995989022 0.08535362665495232 0.6929077164303947 0.07055717810515416 0.6623371522530389 0.10229895298957968 0.6969046354215463 0.11709540153937782
0 0.8566847763469237 0.0865100652285848 0.8395514124713446 0.07917584414397143 0.8091109260198478 0.11078098363132301 0.826244289895427 0.1181152047159364
0 0.5855246426793966 0.07430656476092955 0.5489640911248923 0.06161200993564266 0.5280119952257847 0.08843086408520541 0.5645725467802889 0.1011254189104923
0 1 0.09112710937500007 0.9800632890625001 0.09112710937500007 0.9800632890625001 0.12387761718750007 1 0.12387761718750007
0 0.6887816448624139 0.06984791161737301 0.6531119995364155 0.05550951131032824 0.6242123483592951 0.0874622562457118 0.6598819936852934 0.10180065655275657
0 0.8313140446840055 0.07617937643215407 0.7950859298805175 0.06308222656609978 0.767760406861385 0.09667569945063548 0.8039885216648731 0.10977284931668978
0 1.0038850609656962 0.08264948419671603 0.9702201893911417 0.06823867760581796 0.9395161479333346 0.10011745801895999 0.973181019507889 0.11452826460985806
0 0.7929143821074277 0.06122999767852144 0.7578583692013823 0.04738203365835769 0.7290205041163441 0.07982773611787952 0.7640765170223895 0.09367570013804327
0 0.8840025345229126 0.05021255413298601 0.8656671159713267 0.0423640880780611 0.8357187984858426 0.07345947422920795 0.8540542170374286 0.08130794028413287
0 1.0135451716220913 0.06070989634727486 0.9874545529606017 0.0504037792200962 0.9728205925986196 0.06686904174763786 0.9989112112601093 0.07717515887481652
0 0.857248073444268 0.04025644629846603 0.8232204266543184 0.026519014349261072 0.7937857573856485 0.058923341218333834 0.8278134041755981 0.07266077316753879
0 0.7156387225991112 0.031385383129050294 0.6807443877359085 0.01735881298108573 0.6514016751871357 0.0498018257512353 0.6862960100503385 0.06382839589919986
0 0.9850273313795679 0.04846307681670473 0.9442360642983201 0.030099444359047284 0.8932571578887855 0.08042824726533819 0.9340484249700333 0.09879187972299563
0 0.9058485534927876 0.02067951913389939 0.8835374575204842 0.013431945012499483 0.864956732923104 0.03885386613676319 0.8872678288954073 0.046101440258163096
0 0.7372132959421965 0.00015037295334226672 0.7035105964574686 -0.013884956618516927 0.6782074788127365 0.013119384759700611 0.7119101782974644 0.027154714331559804
0 0.6889802098205144 0.0024074131330260595 0.6539992766715319 -0.011654080878510978 0.6123817620934704 0.034360296133001476 0.6473626952424529 0.04842179014453851
0 0.6379469812196458 0.0015485030128807493 0.6038284863311829 -0.012166369482026504 0.5750595042506934 0.019641901864732043 0.6091779991391562 0.033356774359639296
0 0.5871386604704587 0.00044092556580492087 0.5553462573531622 -0.012338907717258929 0.5400873962451529 0.004531973588439635 0.5718797993624494 0.017311806871503483
0 1.0333243509838592 0.8698710301668576 0.9978345665197124 0.7798040844124481 0.7844806042570185 0.8171683216317837 0.8199703887211655 0.9072352673861932