0 0.589794218929324 0.39627280538331194 0.4906665288919637 0.26679737342218585 0.35420489256698995 0.37127377162933295 0.4533325826043503 0.500749203590459
0 0.9107871031249999 0.22223154218750008 0.76875 0.22223154218750008 0.76875 0.4890625000000002 0.9107871031249999 0.4890625000000002
0 0.6180398843749999 0.7360061203124999 0.6084554701528686 0.6779156379641804 0.2561119203439544 0.7360491977720636 0.26569633456608577 0.7941396801203829
0 0.6604952890625 0.868758134375 0.6474294899600253 0.8003277501568414 0.28992648196203186 0.8685878152492819 0.30299228106450665 0.9370181994674406
0 1 0.8493841218749999 0.9606871781249999 0.8493841218749999 0.9606871781249999 0.9380385609375 1 0.9380385609375
0 0.8609297984375001 1 0.8525146343750001 0.9125269828124999 0.8021878419010287 0.9173685697272402 0.8106030059635287 1.0048415869147402
0 0.8073667390624998 1 0.8012669609374997 0.9365946906249999 0.7847963772386938 0.9381792094475129 0.7908961553636937 1.001584518822513
0 1 0.7473619578125001 0.9523679828124999 0.7473619578125001 0.9523679828124999 0.8595342078125 1 0.8595342078125
0 0.9489495727373478 0.8781915233858693 0.9381751749999999 0.7661950062499999 0.8933386458882329 0.7705084135787859 0.9041130436255808 0.8825049307146552
0 0.9029728391746683 0.8994519942488068 0.8920411843749999 0.7858208406250002 0.8472046561378315 0.7901342479386932 0.8581363109375 0.9037654015625
0 0.8557961110016169 0.9274366652818455 0.8443279468749999 0.80822865 0.7729553030608829 0.8150949097181546 0.7844234671874999 0.9343029250000001
0 0.9387449022230466 0.7721171504014644 0.9299114968750001 0.6802966421875001 0.8850749679551184 0.6846100493124727 0.893908373303165 0.7764305575264372
0 1.0030463509651715 0.7589451785395649 0.9924579305448218 0.6488818139800232 0.9403011439820563 0.6538994507396396 0.9508895644024061 0.7639628152991812
0 0.8939023876040949 0.7955687101816238 0.8846609843750002 0.6995070421875 0.8398244565148645 0.7038204425479164 0.8490658597439591 0.7998821105420403
0 0.8407080176795378 0.8090010585091933 0.8233269515625 0.6283303234375 0.7711702057579621 0.6333479586783068 0.7885512718750001 0.8140186937500001
0 0.9934680345176956 0.6593815421246803 0.9828796132715961 0.5493181780507703 0.9316377990664005 0.5542477921760901 0.9422262203124999 0.66431115625
0 0.9316163637741793 0.6884193056744181 0.9210288578125002 0.5783654640625 0.8752773541350528 0.5827668944064663 0.8858648600967319 0.6928207360183843
0 0.8854509234993436 0.7077182303856825 0.8750826656249997 0.5999434078125001 0.8302461370689708 0.6042568149623344 0.8406143949433147 0.7120316375355168
0 0.7861770684290035 0.8277375837574594 0.7744624603448098 0.7059678942410772 0.7625670497283064 0.7071122682961178 0.7742816578125 0.8288819578125001
0 0.9809394884504175 0.5291511876749299 0.9770489629513737 0.48871038459793936 0.9733888323134563 0.48906250004800944 0.9772793578125001 0.5295033031249999
0 0.9686616357897962 0.5455199627173319 0.9628830492901177 0.485453324970781 0.9253667796875 0.4890624999999999 0.9311453661871786 0.5491291377465509