0 0.14926717067307693 0.23543890384615385 0.10587961778846154 0.1628725625 0.048217915611870325 0.19734860340538038 0.09160546849648571 0.2699149447515342
0 0.5974818592638624 0.48931323133363047 0.5696036231351478 0.4769562323336025 0.5395164070809428 0.5448350525562863 0.5673946432096575 0.5571920515563142
0 1.028433159716211 0.5800131160618921 1 0.41634743750000003 0.6282214028015415 0.4809354459700541 0.6566545625177524 0.6446011245319462
0 0.691976733178762 0.2866996093729806 0.5917258401020594 0.2414980298496607 0.498776677963608 0.4476465010619029 0.5990275710403107 0.4928480805852228
0 1.0194387545625856 0.39535470865299344 0.9905811338161621 0.22924578457376293 0.6906715774484341 0.2813482004064 0.7195291981948576 0.4474571244856306
0 0.8140025913452467 0.24733990080043716 0.7855693187067391 0.08367359758160484 0.5196436504384154 0.12987209341578304 0.548076923076923 0.29353839663461534
0 1.0047738445622874 0.21168078184377162 0.9763405745192308 0.04801447836538459 0.8116880426212492 0.07661908299828958 0.8401213126643058 0.24028538647667658
0 0.9750970793035596 0.03368519712420434 0.9720409359018236 -0.0015319368470761386 0.9367351787136488 0.0015318972787195305 0.9397913221153846 0.036749031250000015
0 0.835408475669653 0.05739950111881523 0.8235259263326663 -0.010998290923556198 0.5366187233077415 0.03884526240296934 0.5485012726447283 0.10724305444534075
0 0.5521783325587606 0.9751005232184237 0.5448544725227166 0.9154524698990502 0.31857289441360426 0.9432363541095351 0.32589675444964833 1.0028844074289085
0 0.21547931730769246 0.9558946538461538 0.02874864903846166 0.9558946538461538 0.02874864903846166 1 0.21547931730769246 1
0 0.3634493086830768 0.9183510355468534 0.3441142307692307 0.7608794639423077 -0.01904206663249689 0.8054694507800559 0.0002930112813491502 0.9629410223846017
0 0.5480769230769232 0.7334142524038462 0.4253171418269232 0.7334142524038462 0.4253171418269232 0.9080548413461538 0.5480769230769232 0.9080548413461538
0 0.4239068990384617 0.6394230769230769 7.830674244547979e-17 0.6394230769230769 8.710433907257768e-17 0.7830987331730769 0.4239068990384617 0.7830987331730769
0 1 0.8458070817307692 0.7857921009615385 0.8458070817307692 0.7857921009615385 1 1 1
0 1 0.6633889807692307 0.9189057043269231 0.6633889807692307 0.9189057043269231 0.8346715961538462 1 0.8346715961538462