0 0.3767767524038462 0.046448584134615375 0.37238795276989184 -0.005828522359712984 0.3029616153846154 4.270088556250602e-18 0.3073504150185697 0.05227710649432837
0 0.3696532644295351 0.6879722177890772 0.32059531670071156 0.6738486789558688 0.2341297897201173 0.9741856804009612 0.2831877374489409 0.9883092192341697
0 0.31412528894558744 0.6555859519017518 0.26565515815216983 0.638170075942364 0.16655995736543255 0.913961965729225 0.21503008815885016 0.9313778416886128
0 0.2586954304447457 0.6177414841235046 0.21243612570416961 0.5975161547322343 0.09411396906114679 0.868142189830296 0.14037327380172288 0.8883675192215663
0 0.20413803819543974 0.5763756073571114 0.1476184720762203 0.5476069388842103 0.014183806427175418 0.8097556516357619 0.07070337254639486 0.8385243201086628
0 0.14922655384003006 0.5384751418633494 0.10614058295571628 0.5120673993900302 -0.042216657350639064 0.7541220067755335 0.0008693135336747068 0.7805297492488528
0 0.41150447666889506 0.6152869765345645 0.17648722853124427 0.4443032118122232 0.14531601720471204 0.48714805336179967 0.3803332653423629 0.658131818084141
0 0.4496421548387727 0.4978606211536328 0.31452298482112284 0.40864601781819154 0.2898111048250079 0.44607317200388247 0.4249302748426577 0.5352877753393237
0 0.15548322344473073 0.4094670531879289 0.1415269242483574 0.4002522119734255 0.10558018988530132 0.45469518806223286 0.11953648908167466 0.46391002927673625
0 1.0094304271157546 0.6337602191436663 0.9749669287045535 0.6245257445361063 0.9581686824402845 0.6872175984901632 0.9926321808514857 0.6964520730977231
0 0.9870194039092526 0.6324819751527815 0.9108956641781016 0.5822228476885758 0.8752951507865525 0.6361442815145751 0.9514188905177033 0.6864034089787808
0 0.9164570594201545 0.5870714673903341 0.8338175158675427 0.5400853456173527 0.8015770995237312 0.5967900318111136 0.884216643076343 0.6437761535840949
0 0.8430292433649913 0.5476422162242304 0.7603603342896492 0.4965866314842994 0.7261215613753456 0.552025855602912 0.8087904704506877 0.6030814403428428
0 0.7622961930112856 0.5005453403690076 0.6061164675607995 0.40992398472489494 0.573726962430383 0.4657450876292874 0.7299066878808691 0.5563664432734
0 1.0164410217774669 0.5513312470491911 0.8969743238560206 0.48164550090597075 0.8761537051398266 0.5173396091615248 0.9956204030612729 0.5870253553047452
0 0.5969632477185759 0.40989808936804945 0.5180173914337342 0.3887446025174141 0.5039916632381796 0.4410893119374244 0.5829375195230213 0.46224279878805974
0 0.8967010456585833 0.480021774180389 0.7872503828330382 0.41617892982684207 0.7650487946316075 0.4542408076932123 0.8744994574571526 0.5180836520467592
0 0.7819693999212064 0.4160274425442232 0.6937354934622545 0.3923852378201259 0.6844030677841929 0.42721432351338756 0.7726369742431446 0.4508565282374848