0 0.3178040585937501 0.000546214843750073 0.15679276945560214 -0.046175511107002146 -0.0018701795563395018 0.5006049307328542 0.15914110958180847 0.5473266566836064
0 0.7714081689064461 0.41751900268125397 0.7617087480468749 0.3654743964843751 0.747311864296679 0.3681575070843712 0.7570112851562502 0.4202021132812501
0 0.8454875090635902 0.3954569525289996 0.83578808984375 0.3434123417968751 0.8213912057801598 0.34609545176787543 0.831090625 0.3981400625
0 0.9543366191406252 0.004415269531250113 0.898290896484375 0.0028453613281251115 0.8970625546994372 0.04669716289758478 0.9531082773556874 0.04826707110070978
0 0.8221526143884028 0.40357984693023996 0.8124544179687501 0.35153680273437504 0.7980575482895379 0.3542196525202497 0.8077557447091906 0.4062626967161146
0 0.8904270358996107 0.0026250854341711392 0.8576195339250144 0.001706107685068202 0.8570667714629039 0.02143972537589717 0.8898742734375001 0.022358703125000108
0 0.7960853763166504 0.4116272106932801 0.78638595703125 0.3595825996093751 0.7719890729676598 0.3622657095803754 0.7816884922530603 0.4143103206642805
0 0.4326991789970963 0.7792764125034412 0.2393718476562501 0.7230413535156252 0.22782955638814706 0.762721944388742 0.42115688772899323 0.818957003376558
0 0.4165853808593751 0.8243761523437501 0.2260587094952733 0.7733935186670818 0.2161502038926895 0.8104224921529455 0.4066768752567913 0.8614051258296138
0 0.40983616350277385 0.8873951925830701 0.21147831640625012 0.8241324414062501 0.2001241532118012 0.8597329697572632 0.3984820003083249 0.9229957209340833
0 0.3975680156250001 0.9343188125 0.1960805996093751 0.8746526582031251 0.1905709238814435 0.8932583541556643 0.3920583398970685 0.9529245084525393
0 0.422945138257134 0.6649789067998223 0.32307420526786224 0.639688830557737 0.3148050162294783 0.6723439960235397 0.41467594921875006 0.697634072265625
0 0.5357362265625 0.6987060136718751 0.4325560722656251 0.6705259785156251 0.42279395463500735 0.7062696104098521 0.5259741089318822 0.7344496455661021