0 0.5025981314979998 0.043176034019256626 0.2997042473885192 -0.029063938656004595 0.2658561158905194 0.0660022499809888 0.46875 0.13824222265625002
0 0.5031659588503112 0.24801870532010384 0.23071192478385005 0.14584680320083432 0.19501781944916383 0.2410295568651055 0.467471853515625 0.34320145898437504
0 0.439522728515625 0.42763989453125006 0.164134099609375 0.32495715429687505 0.12909429880904688 0.41893168864924235 0.4044829277152969 0.5216144288836174
0 1.0111408827188622 0.24792326898061115 0.9199665675325693 0.22656447410428493 0.8724535988762071 0.42938314457679894 0.9636279140624999 0.45074193945312513
0 1.0163175216863536 0.058959012585089954 0.98824041015625 0.05238157226562512 0.9719228880372642 0.12203615918356024 0.999999999567368 0.1286135995030251
0 0.7573521960963985 0.9352880388448377 0.7183083350485691 0.9108304757791151 0.6723182997202783 0.9842486059549355 0.7113621607681078 1.008706169020658
0 0.9311741482990429 0.866339553610401 0.8807995597448698 0.8510108029964388 0.8355968195050566 0.99955972902748 0.8859714080592297 1.0148884796414421
0 0.8763607909414828 0.853853690204933 0.7765718725747126 0.8236603127792737 0.7300838362768747 0.9773029740078256 0.8298727546436448 1.0074963514334851
0 0.7693655214843751 0.8301292167968751 0.6680647095362628 0.8049053124478424 0.6458581367187501 0.8940883281250002 0.7471589486668624 0.9193122324740329
0 0.6650224804786838 0.8060557633013412 0.6391661248278849 0.7991757649758806 0.631230258879354 0.8290002740317814 0.6570866145301529 0.8358802723572419
0 0.69487393359375 0.7098775468750003 0.6570835595147252 0.6998220801964358 0.6323463787807956 0.7927891540756064 0.6701367528598204 0.8028446207541708
0 0.801418322265625 0.72567586328125 0.6999817297644282 0.6986850706082428 0.6727204441738575 0.8011382275425691 0.7741570366750543 0.8281290202155763
0 0.9225595418330087 0.7005704267755289 0.8222919177015949 0.6708301568566185 0.7768067533636995 0.8241807946895241 0.8770743774951133 0.8539210646084345
0 0.9911927397999613 0.6658800022661656 0.9420258699054204 0.650975856275438 0.8820431120403147 0.8488512966867285 0.9312099819348556 0.8637554426774563