0 0.18157512500000003 0.26425348177083335 3.883406167370334e-17 0.26425348177083335 5.386022206287098e-17 0.46875 0.18157512500000006 0.46875
0 0.4654992585284898 0.03480389040725184 0.3332497713478357 0.01949333501121067 0.32324329380217093 0.07951689980339988 0.455492780982825 0.09482745519944104
0 0.17369339350972135 0.7408201580411896 0.15460242758199622 0.7401398356384444 0.15119528563477497 0.8065356749930883 0.1702862515625001 0.8072159973958334
0 0.15027128452011201 0.7906649031566241 0.1415934250000001 0.79035566015625 0.14079134360488826 0.8059860096037927 0.14946920312500014 0.8062952526041668
0 0.14009723286841774 0.7348118403883909 0.12013904944658546 0.7341006132615288 0.116904793579236 0.7971273148473895 0.13686297700106825 0.7978385419742516
0 0.13406137065943802 0.852434199889924 0.12191301718750011 0.8520012825520832 0.12126001215306222 0.8647265370892426 0.13340836562500014 0.8651594544270834
0 0.5521933031250001 0.9058956992187498 0.4225640641234751 0.8961227923253529 0.41380105781250015 0.9768406901041665 0.5434302968140252 0.9866135969975636
0 0.7039205186783917 0.9027574334630758 0.5606075697453816 0.8881745784435497 0.5467583024441881 0.9826909802404812 0.690071251377198 0.9972738352600072
0 0.6371097046875003 0.7432810742187502 0.4679998036393692 0.7260732479110805 0.44437067656250023 0.8873338242187504 0.6134805776106312 0.90454165052642
0 0.27745728750000015 0.7161664375000001 0.2602596903895069 0.7144164901968271 0.2451279867472113 0.8176850533747819 0.26232558385770455 0.8194350006779549
0 0.4580139186429137 0.7276923318550429 0.28530504264669554 0.7146715981373436 0.2736210534325569 0.8222952825409734 0.446329929428775 0.8353160162586728
0 0.7297745791953608 0.7461692540773782 0.6437862235537533 0.7374194807858286 0.6226133858791676 0.8819166766971995 0.7086017415207752 0.8906664499887489
0 0.7582725490372422 0.5667061013031919 0.6087380462389796 0.55543251248533 0.5903133234375002 0.7251465208333334 0.7398478262357626 0.7364201096511952
0 0.5866413796875 0.5516795924479166 0.4433284306057247 0.5370967359121411 0.4176919356237262 0.7120568228440955 0.5610048847055015 0.7266396793798712
0 0.41718773140898796 0.53681778028208 0.2882059309051938 0.5236931931891692 0.2623437060946815 0.7001937892692726 0.3913255065984757 0.7133183763621834
0 0.7719755421875001 0.47801413281250005 0.6260936794041363 0.46701592165071243 0.6191282106011469 0.5311763280057776 0.7650100733845107 0.5421745391675653
0 0.5987928609375001 0.46875 0.44610727968749997 0.46875 0.44610727968749997 0.5289778893229167 0.5987928609375001 0.5289778893229167
0 0.4358887343750001 0.46875000000000006 0.3269706154872191 0.4576670007718486 0.318602159375 0.5147787786458333 0.42752027826278105 0.5258617778739848