0 0.39307043580770573 0.3189769487998546 0.15096642343750005 0.22787473437500005 0.0969603479340658 0.32754214621728556 0.33906436030427145 0.4186443606421401
0 0.2831752461359313 0.406346458369941 0.24600798750000008 0.3924468059895834 0.23465776401321198 0.41352330689992006 0.2718250226491432 0.4274229592802776
0 0.2492791657720333 0.3918166375433678 0.20783654687500003 0.3800921302083333 0.19819818110296672 0.40375097313371544 0.23964080000000001 0.41547548046875
0 0.21218388758877788 0.378855022076453 0.1293863375 0.34785812369791663 0.11048586795243014 0.382917916772379 0.19328341804120802 0.4139148151509153
0 0.47499023930109796 0.3490305046029121 0.4424291492755721 0.3440146087408864 0.41889130528697416 0.45012419267964104 0.4514523953125001 0.45514008854166677
0 0.968476350141698 0.23737518384227907 0.7971004546874999 0.15231445182291667 0.7874094512494147 0.1658734273453304 0.9587853467036128 0.2509341593646928
0 0.9174257832892032 0.16345308923568272 0.9020725144312571 0.15647993165111182 0.8071544121427952 0.30161017715229393 0.8225076810007412 0.3085833347368649
0 0.8974874588533954 0.1933931311423085 0.8840513245110719 0.1879368445347849 0.8000446820345573 0.33159434244503455 0.8134808163768807 0.3370506290525581
0 0.9888656436641533 0.27431883386011363 0.8740521687499998 0.22196185416666667 0.7066378848671018 0.476907907462216 0.8214513597812554 0.529264887155663
0 0.7866581505777216 0.4705194182961449 0.6522398353850294 0.3963346242697711 0.6438412983016519 0.4069024271655221 0.7782596134943441 0.4810872211918959
0 0.7993806483710941 0.39542084731678084 0.784019962641462 0.3884623413434796 0.6622078351264601 0.5751960126543567 0.6775685208560922 0.5821545186276579
0 0.8127464578125 0.57580127734375 0.6055730638048622 0.4708472272374821 0.5971935703125 0.48233378906249996 0.8043669643201377 0.5872878391687678
0 0.7532143544616435 0.47408170262611504 0.7362321796875 0.46655383203125006 0.6646192294023929 0.5787428212410523 0.6816014041765366 0.5862706918359173
0 0.3374911931363723 0.7169027842774621 0.11382070468750002 0.61767683984375 0.014422417450132442 0.7732733506393137 0.23809290589900473 0.8724992950730258
0 0.38684300198861166 0.9060399027294567 0.32571742277617777 0.8875653028734263 0.29242381309772375 0.9640626436490848 0.3535493923101577 0.9825372435051151
0 0.692668243170768 0.8215761492905075 0.5511857640097334 0.7240657029730712 0.5138062911514656 0.7617293349325638 0.6552887703125002 0.8592397812500002
0 0.9567782010278529 0.7268946840000926 0.9310451482529828 0.7099145877854828 0.8651476133893524 0.7792664042097147 0.8908806661642226 0.7962465004243245