0 0.19126534891339192 0.3116877008173108 0.03089177540106955 0.27863756875000006 -0.03603680000419691 0.7222609584985696 0.12433677350812546 0.7553110905658804
0 0.1234800223956212 0.6530129519417006 0.0892698021390375 0.6459628359375001 0.07940876771133079 0.7113248355582995 0.1136189879679145 0.7183749515625
0 0.05906362235005141 0.6316639539274692 0.024005915361265583 0.6228167471277434 0.009456058978042041 0.701571955041374 0.044513765966827865 0.7104191618410998
0 0.38706468324976706 0.5906811578339782 0.361735153259063 0.5854611924003158 0.3541679910201362 0.6356186826149757 0.3794975210108403 0.6408386480486381
0 0.9932211778074866 0.17584852343750015 0.8929832423974561 0.14877509527804617 0.8753879922260891 0.23776229802147028 0.9756259276361197 0.26483572618092427
0 0.6714440385354324 0.054770579812789565 0.6531171359771865 0.05096931362519386 0.6363926027893474 0.16111260256240437 0.6547195053475935 0.16491386875000008
0 0.7511424111698201 0.0959568007969192 0.720585769263555 0.08970007578220683 0.7065769780676787 0.18315505958602776 0.7371336199739437 0.18941178460074012
0 0.2001213068615862 0.7866666351906343 0.16494206876186135 0.7386489519908792 0.13978926932024954 0.763820782748741 0.17496850741997438 0.811838465948496
0 0.2331080307486632 0.7422501171875002 0.2223925593349132 0.7281353702464625 0.20291299754172876 0.748335800350398 0.21362846895547877 0.7624505472914358
0 0.2380882033077103 0.7789846554685023 0.21683145517079414 0.7540767863198246 0.18586131310080137 0.7901800694013705 0.20711806123771756 0.8150879385500481
0 0.7290079071192815 0.8148861963884076 0.4236571683037855 0.8053792563930278 0.42335272602857904 0.8187361795979033 0.7287034648440751 0.8282431195932831
0 0.7807554157754012 0.7981076625000001 0.42981769198614433 0.7838730991746506 0.4294137633689841 0.7974760703125 0.780351487158241 0.8117106336378495