0 0.5 5.016048687249316e-17 0.313893396875 3.876474408163225e-17 0.313893396875 0.30937500000000007 0.5 0.30937500000000007
0 0.4364344720749928 0.28827536134961407 0.39218081449094816 0.28611363563662934 0.39104453125000005 0.30937500000000007 0.4352981888340448 0.3115367257129848
0 0.31287757812500006 0.309375 0.31185056875000006 0.2505376875 0.23968187474382083 0.25179739706484205 0.24070888411882083 0.31063470956484207
0 0.7886315590688959 0.011404302704373736 0.7861427721647849 -0.008181664719157034 0.721755653125 0 0.7242444400291111 0.01958596742353077
0 0.7864557062499998 0.053609573437500016 0.7829678207751436 0.025786175682182156 0.7236575031249999 0.0332211984375 0.7271453885998562 0.06104459619281786
0 0.9259633656249999 0.020421337500000015 0.9236724163026574 -0.002118825718105677 0.8734210866151576 0.0029886461568943033 0.8757120359375001 0.025528809374999996
0 0.9294989154630541 0.04681661922820888 0.9255419597290861 0.024861620090410284 0.8761747473910321 0.03375908679970141 0.8801317031249999 0.055714085937500005
0 0.9487881515625002 0.130241278125 0.9411674625000002 0.0717341171875 0.8972136445055543 0.07745920065896099 0.9048343335680544 0.13596636159646097
0 0.5020804619314829 0.9912769982827921 0.49999999998626554 0.9049858806803389 0.002324204437608382 0.9169847466408523 0.0044046663828257145 1.0032758642433055
0 0.5027408025934259 0.886032477428102 0.4983848325727719 0.705360279296509 -0.0012873363587224602 0.7174072738564325 0.003068633661931541 0.8980794719880256
0 0.5004935720254525 0.6837241176611204 0.49620262654136427 0.5057490350608574 0.06326654851399398 0.5161870417849946 0.06755749399808221 0.6941621243852575
0 0.49585770365897386 0.48883290213348374 0.4942143259242563 0.30815180160641575 0.18378685351528246 0.3109752822854319 0.18543023125000002 0.49165638281249996
0 1.0018854322091149 0.9912816971035934 0.9994148738518984 0.8888106506578298 0.7777708616722534 0.8941544476191234 0.7802414200294702 0.996625494064887