0 0.30557318359375 0.19222717968750008 0.20227643138447635 0.14983061987055246 0.13867497295831085 0.4984934422555445 0.24197172516758456 0.540890002072492
0 0.15556522395833336 0.361165349609375 0.13374440882824357 0.3522708783643219 0.1238016974951156 0.40715392141520346 0.1456225126252054 0.41604839266025656
0 0.16587168028742977 0.2939094356511998 0.14231136895155752 0.2869235662382215 0.13365163658079446 0.35263599972764675 0.1572119479166667 0.35962186914062505
0 0.19262682031250003 0.16156857421875004 0.15632235141454806 0.14675295208608968 0.1330557172999647 0.2750321610704647 0.1693601861979167 0.28984778320312504
0 1.0012564759394442 0.26425857003187414 0.9836157656017432 0.25526208584122045 0.9339043398437501 0.4745839785156253 0.9515450501814512 0.4835804627062789
0 0.9751732916666667 0.21443625195312516 0.7178999518229167 0.21443625195312513 0.7178999518229167 0.5000000000000002 0.9751732916666667 0.5000000000000002
0 0.3164931864078329 0.9337057037206012 0.06296460546875005 0.732841689453125 0.013065313239724818 0.8745520788842899 0.2665938941788077 1.075416093151766
0 0.5234530429687501 0.7016683398437502 0.5146328231770622 0.6971701675073452 0.5094706580187712 0.719945133150479 0.518290877810459 0.7244433054868841
0 0.5929916802866665 0.7140114328089953 0.5475236551079167 0.7033194041499601 0.5448654843750002 0.7287532109375003 0.59033350955375 0.7394452395965355
0 0.5340667530196197 0.6635242620846156 0.5234824626136675 0.6581264377328042 0.5192873704459181 0.6766347587711985 0.5298716608518704 0.68203258312301
0 0.6010668177083335 0.6718115917968751 0.5644868225937426 0.6632096276316735 0.5616242459082869 0.690599225879899 0.5982042410228776 0.6992011900451007
0 0.6132874348958333 0.62657732421875 0.5956471761942089 0.6175810700121138 0.5869440254694721 0.6559785085736267 0.6045842841710964 0.6649747627802631
0 0.5559858853933731 0.5755017718135114 0.5436375221787566 0.5692043007863379 0.5369726278641905 0.5986091531013991 0.5493209910788072 0.6049066241285727
0 0.6232084752604167 0.5828066718750001 0.6055682160255028 0.5738104191327942 0.59676063671875 0.6126685937500002 0.6144008959536639 0.6216648464922061
0 0.5790029453125 0.5 0.5581087825520833 0.5 0.5581087825520833 0.509312740234375 0.5790029453125 0.509312740234375