0 0.328659706671211 0.28182290691933015 0.32865332812500003 0.06934966249999999 -0.000006378546210961264 0.06935952901816991 0 0.2818327734375
0 0.1836910953899467 0.3454702698575394 0.1788137005880106 0.27572027974815455 0.1348367130105639 0.27879545051561516 0.13971410781250002 0.34854544062500004
0 0.10296600019966103 0.35581406404853844 0.09695713285570293 0.269883273398202 0.05211039476106388 0.2730192633964374 0.05811926210502201 0.3589500540467738
0 0.6942115681863054 0.29737421493041305 0.6281617297941217 0.28568476173954543 0.5921822151436109 0.4889826482439409 0.6582320535357946 0.5006721014348084
0 0.46959547540188395 0.9824523835350295 0.45946940000000003 0.8282089328125 0.352862757410616 0.8352076539649704 0.36298883281250005 0.9894511046875
0 0.357443059502691 0.9908057591903814 0.34731806638851503 0.8365787449256052 0.24071094586471112 0.8435774952182908 0.2508359389788871 0.9978045094830671
0 0.2246690817139229 0.9997827115755081 0.21369416000467942 0.8326092761076621 0.00796168631631174 0.8461155953710066 0.01893660802555524 1.0132890308388525
0 0.4438391106062136 0.8053649455378767 0.4346509181172268 0.6820042038849212 0.21890460465078734 0.6980734867893291 0.2280927971397741 0.8214342284422849
0 0.4233353932542566 0.6783644787628649 0.4101376876808285 0.47733286671904757 0.20627574609990887 0.4907163831484236 0.21947345167333698 0.6917479951922408
0 0.22214348896081063 0.8182555850724723 0.20068251890902217 0.4913554889494822 -0.014401298941833757 0.5054757276042451 0.007059671109954685 0.8323758237272351
0 0.8460125890625001 0.768824359375 0.8415223489718329 0.6936281342362343 0.7215665573169745 0.7007911308335021 0.7260567974076416 0.7759873559722678
0 0.9843085578125 0.7428593828125001 0.9588327421875003 0.5968871546875001 0.9151419551058068 0.6045122930477314 0.9406177707308065 0.7504845211727312
0 1 0.8732831984375 0.7717317390625003 0.8732831984375 0.7717317390625003 1 1 1