0 0.4365756242818201 0.26636421325316817 0.4195191534518334 0.20448509519574962 0.3338482203162643 0.22809958450777681 0.350904691146251 0.2899787025651953
0 0.6796875 0.3222256843750001 0.49341745000000004 0.3222256843750001 0.49341745000000004 0.409375 0.6796875 0.409375
0 1.0195939691542986 0.38549709770357354 0.9995752852515432 0.2977860403711436 0.8354743115104071 0.33523953393704026 0.8554929954131625 0.42295059126947016
0 0.8228534950631033 0.3819409059586898 0.7830848966270361 -0.0003109128325817334 0.6671249446953642 0.011753293369546159 0.7068935431314316 0.3940051121608177
0 0.08645959511690629 0.9998402534135357 0.08115141703803261 0.9118261492058439 0.012276781249999997 0.9159800156250002 0.01758495932887368 1.003994119832692
0 0.2896098419307763 0.9999845968436128 0.28751076674093673 0.8526991840071089 0.11519979918746814 0.8551549171986249 0.1172988743773078 1.0024403300351288
0 0.9954483741201564 0.5721657668708237 0.9931446541864645 0.4999018937619991 0.7212597701163365 0.508569386938826 0.7235634900500282 0.5808332600476506
0 0.7411223604682537 0.5375303992040881 0.7403681468750001 0.5109943406250002 0.7228413363179987 0.5114924914234343 0.7235955499112523 0.5380285500025224
0 0.7172412793869292 0.5812070689256806 0.7165441502013924 0.5040710355898101 0.6789903708144631 0.5044104338516295 0.6796874999999999 0.5815464671875
0 0.8457530140838717 0.49387945887136253 0.8448682562500001 0.4847237765625 0.7355383359161284 0.4952888551911375 0.73642309375 0.5044445375000001
0 0.7173217375855444 0.4936244854713513 0.7166330062500001 0.46939234687500003 0.6991059389769557 0.4698905051536489 0.6997946703125 0.4941226437500001
0 0.6973271575375524 0.49547125622450927 0.696640846875 0.4713242859375 0.6803657862124478 0.4717868594004906 0.681052096875 0.4959338296874999
0 0.9929090240349379 0.4915475622572374 0.9916309483924385 0.44658003735187296 0.8564228884427324 0.4504229468394418 0.8577009640852318 0.4953904717448062
0 0.8530994837976944 0.47699791155760785 0.848454474309467 0.4289302603162922 0.7227291427127314 0.44107970683793607 0.7273741522009589 0.4891473580792517
0 0.7164704422385528 0.4636727649863749 0.715781715625 0.439440803125 0.6982546498601993 0.43993896157864754 0.6989433764737522 0.4641709234400224
0 0.6964758621906422 0.46551953842133215 0.695738598136092 0.4395797871058244 0.6794635384494448 0.44004235963964244 0.6802008025039951 0.4659821109551502