0 0.3068722003120108 0.39915709459491594 0.1864739466145833 0.075180175 0.11910152885465584 0.08419361868633414 0.23949978255208335 0.40817053828125005
0 0.6664595351269379 0.2774762922039745 0.5544464778645832 0.23014801718750005 0.540556316435562 0.2419827312335257 0.6525693736979167 0.28931100625000006
0 0.6359629106546366 0.3531141147122344 0.52394834765625 0.3057852046875 0.5100563901266135 0.31762144935026565 0.6220709531250002 0.36495035937500003
0 0.6733762063834575 0.2596398508175757 0.5613616458333333 0.21231094062500006 0.5474696881477924 0.22414718511992446 0.6594842486979167 0.27147609531250005
0 0.6806038917031653 0.23949428155070246 0.5685877044270834 0.19216468437500003 0.5546961955364181 0.20400054657429764 0.6667123828125002 0.25133014375000007
0 0.6969594585559707 0.20183757462285384 0.5849448971354166 0.15450866406250008 0.5710529398815293 0.16634490818964642 0.6830675013020834 0.21367381875000016
0 0.6428777873883733 0.3352792057507063 0.5308632252604166 0.28795029609375 0.5169712672991266 0.2997865411242936 0.6289858294270833 0.34711545078125
0 0.659233026662742 0.29762293064379486 0.5472183437499999 0.2502939687500001 0.5333286308893412 0.26212830060620534 0.6453433138020833 0.3094572625000001
0 0.6523180287905187 0.31545778782018313 0.5403034661458334 0.2681288773437501 0.5264115089698983 0.279965121554817 0.6384260716145835 0.32729403203125007
0 0.6897329503675453 0.2219842125270463 0.5777167617187501 0.17465461562500004 0.5638252527574549 0.18649047809795372 0.67584144140625 0.233820075
0 0.1807857461793068 0.8892281827878297 0.10686839504751293 0.8829951391796849 0.0794617942708336 0.9999999999999998 0.15337914540262745 1.0062330436081446
0 0.06014561197916685 0.874102309375 1.7848079963899708e-16 0.874102309375 1.9132914995932626e-16 1 0.06014561197916687 1
0 0.7491904270833333 0.9065920304687503 0.7422255019233317 0.796058134482039 0.5372190390625 0.8007085421875001 0.5441839642225016 0.9112424381742112
0 0.981638104166667 0.9175251843750001 0.5520022617187501 0.9175251843750001 0.5520022617187501 1 0.981638104166667 1
0 0.5261791523437501 0.8454496960937501 0.3294270833333335 0.8454496960937501 0.32942708333333354 0.992763790625 0.5261791523437501 0.992763790625