0 0.34579594999999996 0.17144813906250006 0.3113505042805754 0.15548124185286372 0.2534128821392036 0.28047028589698264 0.2878583278586282 0.29643718310661893
0 0.41905911898409176 0.20343789958757083 0.38477849963431965 0.18896519960234387 0.33079879471272794 0.3168237000147731 0.3650794140625001 0.3312964000000001
0 1.0050371982794464 0.36260385083549695 0.7448002877326299 0.25737089436597727 0.707962138223298 0.3484701710583222 0.9681990487701146 0.45370312752784187
0 0.5779493921875 0.9426039046875003 0.3615204569169985 0.9132827205150594 0.35170350933401406 0.9857447159275315 0.5681324446045155 1.0150659000999724
0 0.2704262179492164 0.894077130426204 8.881784197001253e-17 0.8574405500000003 -0.010730154667874903 0.9366432242421674 0.2596960632813414 0.973279804668371
0 0.2781836164887951 0.8841574050609763 0.00022639093275129697 0.8405522139789652 -0.001421405273989329 0.851055937286724 0.2765358202820545 0.8946611283687351
0 0.6125382109375002 0.8185822984375001 0.3891227902863811 0.7883146097733253 0.3724567528304275 0.9113319240493345 0.5958721734815466 0.9415996127135091
0 0.299007865887126 0.7108945130641879 0.01240248169412721 0.6720660238848366 -0.009514520359033529 0.8338423619954977 0.2770908638339653 0.8726708511748491
0 0.6373636650592733 0.6589159814791088 0.41878731486460125 0.6293038705727715 0.3973268852258417 0.7877100848033745 0.6159032354205138 0.8173221957097117
0 0.5795664671875002 0.6013189921875002 0.43804143868284323 0.582145579689026 0.43187726695147094 0.6276452829922066 0.5734022954561279 0.6468186954906807
0 0.3391473766119717 0.571584714948904 0.22712575355428025 0.5455233188899087 0.19633151437046892 0.6778884710248282 0.3083531374281604 0.7039498670838235
0 1.043497155038187 0.577204990480353 0.7894203978608257 0.527817471656937 0.7069445676761108 0.9521188331763923 0.9610213248534721 1.0015063519998084