0 0.9843895234375 0.46555142031249996 0.9763060835761099 0.39170842499190917 0.8417664042336274 0.40643620522636575 0.8498498440950175 0.48027920054695655
0 0.5803308953125 0.5542159203125 0.5636086233056659 0.46153782235009616 0.541007934375 0.465615753125 0.5577302063818342 0.5582938510874038
0 0.6810103171875 0.5229975718750001 0.6668211578377193 0.4443584938213173 0.6291533456065894 0.451155045908821 0.6433425049563701 0.5297941239625037
0 0.19726666509540933 0.8117444636242492 0.16751906875000014 0.8085984249999999 0.16649876146709092 0.8182460145007507 0.19624635781250013 0.8213920531250001
0 0.20038822298375775 0.786060134526273 0.17064204375000006 0.7829138296874999 0.1696216065403026 0.7925613717064397 0.19936778577406025 0.7957076765452127
0 0.19894276600551464 0.7997267931698773 0.16919590468750006 0.7965824906250001 0.16817611524448553 0.8062302693301229 0.19792297656250007 0.8093745718750001
0 0.20294426552695413 0.7571552697606864 0.15940071093750008 0.7508333031250001 0.158251340723046 0.7587497739893136 0.20179489531250008 0.765071740625
0 0.20774385933612743 0.7194531948567753 0.16420030468750008 0.7131312265625 0.16305071872525376 0.721049181357638 0.20659427337388112 0.7273711496519132
0 0.2091886684297824 0.70578629785343 0.16564511406250007 0.69946433125 0.16449574407021775 0.7073808005840702 0.20803929843750008 0.7137027671875
0 0.21086683558502592 0.6937685996381017 0.1673232796875001 0.6874466328125001 0.1661736942610798 0.6953645859835922 0.20971725015860562 0.7016865528091938
0 0.20438901742384266 0.7434867645618827 0.16084551875000008 0.7371664062500001 0.15969620601365753 0.7450844854381174 0.20323970468750008 0.75140484375
0 0.1798753050673309 0.728155102595034 0.16275571406250014 0.7267996703125 0.1621136839951693 0.7349087380299661 0.17923327500000008 0.7362641703125001
0 0.5270614625000001 0.6184731921875 0.2296875000000001 0.6184731921875 0.2296875000000001 0.87889521875 0.5270614625000001 0.87889521875