0 0.33299669295231976 0.3286967620414711 0.291123603125 0.19560188541666668 0.17087154454768022 0.2218745244168622 0.212744634375 0.35496940104166663
0 0.17325629016178032 0.2006481500398957 0.1631508368886167 0.1449896295838237 0.1322432015625 0.14888660286458333 0.1423486548356636 0.20454512332065533
0 0.09745529153001185 0.054980586787715786 0.0910293328125 0.026428674479166664 0.06265855065748814 0.030862836389367543 0.069084509375 0.059414748697916665
0 0.11308775929019906 0.46436259078963243 0.06329565625000001 0.33105984114583337 -0.027977740540199015 0.3547355550437011 0.021814362500000017 0.4880383046875001
0 0.469016025820443 0.041567064896438945 0.4634153572795487 -0.000792737388452619 0.4437639205216056 0.0010116000588584518 0.44936458906249993 0.04337140234375001
0 0.4844775765624999 0.5224637864583334 0.48409546156532135 0.4859363041028036 0.4546095912528213 0.4861505072278036 0.45499170624999985 0.5226779895833333
0 0.9240067591674729 0.43182261481989453 0.9052912633247837 0.34310956180642077 0.7123045123288698 0.371383012409143 0.7310200081715589 0.4600960654226168
0 0.27339766814685884 0.853616553890252 0.1788795365592483 0.717835106403064 -0.03134813524120332 0.8194604629877236 0.06316999634640723 0.9552419104749116
0 1.0048205219955695 0.9574389788071226 1 0.9310878255208336 0.9705197090794895 0.9348329280721064 0.975340231075059 0.9611840813583954
0 0.9645408703125001 0.9546256236979169 0.9605709770013433 0.9329243946987712 0.74806490625 0.9599206393229167 0.7520347995611567 0.9816218683220624
0 1 0.8898491158854167 0.9780083609375 0.8898491158854167 0.9780083609375 0.9284755117187501 1 0.9284755117187501
0 0.977930352602035 0.9291331098879155 0.9521262664632285 0.7880763145063986 0.8980900874254092 0.7949409362214227 0.9238941735642158 0.9359977316029399
0 0.9055920065568124 0.9383227920878334 0.8797879146533327 0.7972659956190592 0.7204390379681924 0.8175092847371269 0.7462431298716719 0.958566081205901
0 0.9904754782433327 0.7459846653747807 0.9828710211028499 0.6970822199030197 0.7708390492493356 0.719979109976964 0.7784435063898184 0.7688815554487252
0 0.77817554375 0.7118368020833333 0.7668330946878931 0.6498338589047744 0.7006728197234793 0.6582386968027037 0.7120152687855862 0.7202416399812627
0 0.9797163656250001 0.6909919479166667 0.9607607970279887 0.5949980147336104 0.9299554227370128 0.5992223368554376 0.9489109913340243 0.6952162700384941
0 0.9452762444201228 0.6969531295746632 0.9255213628930218 0.5889640246626625 0.7664142006806418 0.6091766034517975 0.7861690822077432 0.7171657083637982
0 0.8463640531250002 0.6365580481770835 0.8377667380697649 0.5895612405971824 0.7637957328125001 0.5989583333333334 0.7723930478677354 0.6459551409132344
0 0.765342990625 0.6468507630208334 0.7559854892678467 0.5956984348610811 0.6916667674257003 0.6038693256725276 0.7010242687828537 0.65502165383228