0 0.3297271628196975 0.400623042792306 0.00960694080165618 0.32554784150100663 -0.019790687702679083 0.45089915860366675 0.30032953431536225 0.5259743598949661
0 0.1509222866380425 0.5876303710790044 0.0870400481057392 0.5579346398627061 0.06791398412394661 0.5990791320649516 0.1317962226562499 0.62877486328125
0 0.20962671289062504 2.7755575615628914e-17 0.14552129406581119 -0.00987207666578557 0.1412199307845612 0.018059300287339434 0.20532534960937504 0.02793137695312503
0 0.38275836328125 0.18992643164062506 0.3046695974190497 0.17615727642129117 0.2987685310127997 0.20962388970254117 0.376857296875 0.22339304492187506
0 0.6933504458403632 0.4356935422186331 0.6171973483366213 0.412039766779987 0.6081886308593751 0.44104324414062523 0.684341728363117 0.46469701957927134
0 0.7100331158626595 0.3847103356824759 0.6312739451063472 0.36176642170168727 0.622125634765625 0.393169666015625 0.7008848055219372 0.41611357999641363
0 0.7155997343750001 0.3321777949218751 0.6438284670882605 0.31140071534857877 0.6340816132812501 0.3450697421875001 0.7058528805679898 0.3658468217607964
0 0.8813476132812499 0.4004320957031251 0.8204877538565044 0.3836396385657048 0.8067348808096294 0.4334833221594548 0.8675947402343749 0.450275779296875
0 0.8908740551700484 0.36853555567382545 0.8316646191406251 0.34789723632812514 0.8224861733499829 0.37422935135103674 0.8816956093794062 0.394867670696737
0 0.93100186328125 0.2693104785156251 0.8778555232745983 0.2536473655272705 0.8570062693683482 0.32439074443352045 0.910152609375 0.3400538574218751
0 0.2837652753906252 0.8302690585937502 0.20435689397444706 0.8090655528208323 0.16172489983382202 0.9687248887583323 0.24113328125000014 0.9899283945312503