0 0.29689105539569993 0.302726907616119 0.28210037113444714 0.17492006533125148 -0.012663476171694322 0.20903215916907472 0.002127208089558491 0.3368390014539422
0 0.17820937890625005 0.408677443359375 0.10886211523437506 0.408677443359375 0.10886211523437506 0.44921875 0.17820937890625005 0.44921875
0 0.4422485791044014 0.6475334263805145 0.39593023877710215 0.43800819814526093 0.34389659326645067 0.4495109280147464 0.39021493359375 0.6590361562499999
0 0.309021997199378 0.6816399134249205 0.2521837439682688 0.41922957097870445 0.11231125203877933 0.44952604497528126 0.16914950526988853 0.7119363874214973
0 0.08576052539062498 0.731326107421875 0.03731084038026565 0.4429502011219411 -0.048449685010359345 0.4573587226063161 -1.3877787807814457e-17 0.74573462890625
0 0.538892327228903 0.5833790791746846 0.51651975 0.5481824648437501 0.456143047771097 0.5865606571534406 0.478515625 0.6217572714843751
0 0.7529926015624999 0.9051291992187503 0.5214956038894046 0.5895859550838707 0.39053263731366594 0.6856663945550645 0.6220296349867612 1.0012096386899443
0 0.8166573247797386 0.9558944678147588 0.7714885305174441 0.8910534681983752 0.6248976621848903 0.9931699193884826 0.6700664564471847 1.0580109190048663
0 0.6476648613281251 0.4492187500000001 0.4864338671875 0.4492187500000001 0.48643386718750004 0.5374666328125 0.6476648613281251 0.5374666328125
0 0.9473949414944411 0.7292703813480199 0.7055096849484639 0.4029727352376071 0.5676475540008977 0.5051702757645873 0.809532810546875 0.8314679218750001
0 1.0074360620826905 0.8040101745289782 0.9418757480468749 0.72345383203125 0.7753749554954344 0.8589595403147717 0.84093526953125 0.9395158828124999