0 0.37689520575163515 0.212961913078788 0.355193087987409 -0.014254014623560619 0.205957 0 0.22765911776422615 0.2272159277023486
0 0.3792165271534426 0.2352202480175774 0.3571072060273052 0.17901798343810324 0.2616117771844568 0.21658478111365148 0.2837210983105941 0.2727870456931256
0 0.5848797910066756 0.7419980141450133 0.584706272003127 0.718263799158332 0.40578805262853884 0.7195718563727793 0.40596157163208757 0.7433060713594606
0 0.5860791267172336 0.6881907154116406 0.4188556497842687 0.6876226407637865 0.4187733492870205 0.7118493429325057 0.5859968262199853 0.7124174175803597
0 0.5868343550459472 0.6793673788094254 0.5865514724023858 0.6429975171848308 0.43062895813666585 0.6442102733256565 0.43091184078022715 0.6805801349502512
0 0.6094187684662214 0.705031618106527 0.6016090796874999 0.587620503125 0.5897302580962784 0.588410631893473 0.597539946875 0.705821746875
0 0.31722721508342716 0.39780783504762046 0.31429250479376203 0.3578867396010131 0.1336616151887526 0.37116541656177354 0.13659632547841774 0.4110865120083809
0 1 0.9369502203125 0.98412093125 0.9369502203125 0.98412093125 0.9776963578124999 1 0.9776963578124999
0 0.8466688360041612 0.8949652679696751 0.8104679216532036 0.8815112438482405 0.7664317249999998 1.0000000000000002 0.8026326393509574 1.0134540241214347
0 0.8017705271566049 0.8793582546580867 0.7751175962978417 0.8693842869396121 0.7262795402940496 0.999891760663879 0.7529324711528129 1.0098657283823533
0 0.8865917933076612 0.7901898772098297 0.8506119852133185 0.7756311499489594 0.8199982670204399 0.8512885673795694 0.8559780751147826 0.8658472946404399
0 0.8626466022418041 0.7234592066754281 0.8202842631917774 0.7078559289232729 0.7710695540049645 0.8414720979062469 0.8134318930549913 0.857075375658402
0 1.0733194884732182 0.7176366155702188 0.9981071607618237 0.6894920145310148 0.8861564411887418 0.988663930179358 0.9613687689001363 1.0168085312185622
0 1.0214727986643972 0.4246634043311702 0.9853991790998906 0.41212152194620505 0.9470293149486644 0.5224829365766277 0.9831029345131709 0.5350248189615929