0 0.44743126856468407 0.13768419320934086 0.3602561218997524 0.07684492827075715 0.31457339182111743 0.14230263389359238 0.4017485384860491 0.2031418988321761
0 0.47762600937499994 6.661338147750939e-17 0.39046587210578554 -0.0244954795430218 0.3717207326752935 0.04220372195751326 0.458880869944508 0.06669920150053513
0 0.8446205796875003 0.11144663281249997 0.8152585624356086 0.08721893003128253 0.8008566665168603 0.10467286366439876 0.8302186837687519 0.1289005664456162
0 0.8719189 0.3217676828125002 0.8371105109374998 0.29118186406250024 0.8166530958368362 0.3144635577734774 0.8514614848993363 0.34504937652347734
0 1.0038379466684604 0.3178492830674492 0.9889170403262242 0.3053699128652308 0.985079093657764 0.30995873761028175 1 0.32243810781250015
0 0.9769910062499999 0.2945533515625001 0.9501991344827264 0.272147089745465 0.9463613624999999 0.27673603437500016 0.9731532342672734 0.29914229619203525
0 0.9695342640625002 0.34354184687499995 0.9427425462013819 0.32113702107205666 0.9389042842779863 0.32572681933396397 0.9656960021391047 0.3481316451369073
0 0.3744777640625 0.7347964937500001 0.34015312968750006 0.6738254 0.2840680354747548 0.7053993842331419 0.3183926698497548 0.766370477983142
0 0.2967604500000001 0.7367552156249999 0.2866106359451157 0.7181641883027157 0.24157813437500003 0.7427497859375001 0.25172794842988444 0.7613408132597843
0 0.7463396179830326 0.9953089114360333 0.7301034522197798 0.8564574852279465 0.655006396205559 0.8652387292027249 0.6712425619688119 1.0040901554108117
0 0.838933337557593 0.7813862444733184 0.7221629684508677 0.7181109148858618 0.6527591058961365 0.8461910797903676 0.7695294750028617 0.9094664093778242
0 0.7462191813573031 0.5751646916827327 0.6617835721860407 0.5439823739944417 0.5729797477557984 0.7844457381183007 0.6574153569270609 0.8156280558065916
0 0.9748444075673263 0.5009742855616772 0.8209946613832668 0.43855028642300925 0.7076199803173701 0.7179727224470127 0.8614697265014295 0.7803967215856809