0 0.22692157058170248 0.07341184682943021 0.21069315283686554 0.04855931659705415 0.1721389845989131 0.07373474711137397 0.18836740234375005 0.09858727734375002
0 0.16310305601789438 0.2796389332925077 0.13156889322916668 0.22610404817708338 0.09909846351335565 0.24523041436374238 0.13063262630208336 0.2987652994791667
0 0.2686746093901791 0.2928829374946329 0.2430095338541667 0.1734989583333333 0.1838002096202376 0.18622773307828375 0.20946528515625 0.30561171223958333
0 0.47034118750000004 0.2416951458333333 0.46978673958333333 0.19795211848958338 0.44194218127650386 0.1983050514775635 0.4424966291931705 0.2420480788213134
0 0.46653833949861173 0.45027798399600466 0.46293231380208333 0.4077401666666666 0.4351425422852854 0.4100959676099631 0.4387485679818138 0.4526337849393011
0 0.7312493409563111 0.4536593053864943 0.6823379159555252 0.37749333392576956 0.6304256996230477 0.41082974948084244 0.6793371246238337 0.4869957209415672
0 0.7985866171875 0.5494791666666669 0.7357447819567898 0.460412402405074 0.6578315784313272 0.5153847452181971 0.7206734136620373 0.60445150947979
0 0.4575066731770834 0.8343795364583334 0.39866846131526296 0.8218794844796324 0.3924271103561743 0.8512577567188649 0.45126532221799476 0.8637578086975659
0 0.4639671041666668 0.7382203463541667 0.3889888736665641 0.7222913819618558 0.38384887109923 0.7464855660765952 0.45882710159933265 0.762414530468906
0 0.8802937003127195 0.9203800465891282 0.8452081321475932 0.8785216260258933 0.742148676762009 0.9649056677154079 0.7772342449271354 1.0067640882786428
0 0.7321095141552264 0.955148738291845 0.655875814047126 0.8606095880690088 0.5983254440104167 0.9070165807291666 0.6745591441185171 1.001555730952003