0 0.4391519259135013 0.2950987496479551 0.37691846034889026 0.23313628974745937 0.29658724809750886 0.31381884720947845 0.35882071366211993 0.3757813071099742
0 0.409375 0.02090804531250005 0.366107353125 0.020908045312500047 0.366107353125 0.2212501296875001 0.409375 0.2212501296875001
0 0.46687317014645136 0.28623953477388314 0.4375189344407523 0.26429918408554065 0.38505253929430083 0.33449454931165756 0.4144067749999999 0.35643490000000005
0 0.53515736875 0.3450880578125 0.5066269827354024 0.32278817237023155 0.4540462577354024 0.3900597458077316 0.48257664375000003 0.41235963125
0 0.5922943343749999 0.39448599843750004 0.5631889610088885 0.37013771152996666 0.5225220390625 0.41875000000000007 0.5516274124286115 0.44309828690753345
0 0.8398054565637377 0.34046831407651473 0.8264909703125 0.32977553437500007 0.7555120244061589 0.4181574355997545 0.7688265106573968 0.42885021530126916
0 0.8638449806682805 0.37029657162792595 0.8502045940848918 0.3595686688957408 0.8036596109375 0.41875 0.8172999975208889 0.42947790273218517
0 0.31782066235603884 0.565933417652797 0.2928541061001363 0.41418065233995655 0.26248719166843704 0.41917665538421245 0.28745374792433964 0.570929420697053
0 0.3425867901462788 0.6219086890849074 0.2964523705444802 0.4120465299774626 0.26595876718749994 0.41875 0.3120931867892986 0.6286121591074447
0 0.31931783489896304 0.677811122787355 0.2924702625 0.4597829015624999 0.259297607444454 0.46386771798335724 0.28614517984341703 0.6818959392082123
0 0.3525728885005455 0.7309519319560975 0.3127611063673136 0.5130666482060593 0.2775696158600681 0.5194968023169971 0.31738139799330006 0.7373820860670353
0 0.32335647968750003 0.7921304187500002 0.313650839350213 0.5706142023102985 0.27813956597180317 0.5721701138948743 0.2878452063090903 0.793686330334576
0 0.41312393265554165 0.7325574738196677 0.408832929750193 0.7033438828813262 0.20755946767665628 0.7329076914644607 0.21185047058200496 0.7621212824028023
0 0.4111851353489827 0.80370689468424 0.40893428698184514 0.7735637184380579 0.21307558124999998 0.7881888609375001 0.2153264296171376 0.8183320371836821
0 0.41135788000502227 0.8589814750393268 0.4091318647570022 0.8276680391105161 0.22138940468750007 0.8410143093750001 0.22361541993552012 0.8723277453038107
0 0.37575009122948994 0.9961585414294815 0.3386687687510484 0.786436837803181 0.3052010050936212 0.7923543414060733 0.3422823275720628 1.0020760450323736
0 0.6948619072927574 0.7198308884746675 0.6363750858795773 0.599996756811179 0.5182764285868198 0.6576365542740115 0.57676325 0.7774706859375
0 0.743645419523876 0.8766045138458459 0.6826542624991635 0.7607594548527153 0.6138603349566794 0.796978705579146 0.6748514919813916 0.9128237645722764
0 0.7579070124999999 1.0000000000000002 0.6951080898018088 0.8839651966975145 0.5861999404682355 0.9429071197804799 0.6489988631664266 1.0589419230829655