0 0.2920259464632592 0.4647819815887666 0.26085433894230775 0.4519702721354168 0.20945147661366398 0.4886649975779003 0.24062308413461542 0.50147670703125
0 0.34529208302903125 0.32113584677923174 0.31402601442307687 0.2529536223958333 0.27926288242794883 0.2576308147336076 0.31052895103390316 0.325813039117006
0 0.2646690520532062 0.3737686613087689 0.24523161778846153 0.24456411328124997 0.19269606706166675 0.2468829952679321 0.21213350132641143 0.37608754329545097
0 0.04075096525546502 0.30347294372528627 0.016398132211538533 0.30336102864583336 0.01571296092874567 0.34710560928858675 0.040065793972672153 0.3472175243680397
0 0.05036223699050172 0.13604899547804958 0.042093324369189375 0.09345953409833474 0.016860029686379976 0.09489695658903519 0.02512894230769231 0.13748641796875002
0 0.5301141786708029 0.48009053519066525 0.483253139423077 0.4441300598958334 0.462321175965912 0.45213320482567537 0.5091822152136379 0.4880936801205072
0 0.8041541633531205 0.26409254601938964 0.7129654591346154 0.1952235638020833 0.6856566611661103 0.20583280163686038 0.7768453653846155 0.27470178385416666
0 0.3392227524038463 0.5494791666666666 0.28324415328581637 0.5419191072180706 0.25600636979537533 0.6010933623570256 0.31198496891340527 0.6086534218056218
0 0.2788493033598421 0.614147855199254 0.11891165319794579 0.5905935041601182 0.00983737086822901 0.8078967198436117 0.16977502103012532 0.8314510708827475
0 0.952985184126033 0.9820326874471629 0.9467510456730769 0.97057689453125 0.8928929264508902 0.979176265677837 0.8991270649038463 0.9906320585937499
0 0.7260302536944293 0.8171702910281167 0.7144092163461538 0.7794743841145831 0.6759940515940321 0.7829490865760497 0.6876150889423076 0.8206449934895832