0 0.55 0.3323257140625001 0.4189118984375 0.3323257140625001 0.4189118984375 0.4890625 0.55 0.4890625
0 0.30402724935311964 0.05387115103329119 0.24883185197883054 0.04413871345122271 0.23498693702606782 0.1226571294171191 0.29018233440035696 0.1323895669991876
0 0.7393676399844861 0.41423132932477547 0.5500000000000002 0.37794221406250006 0.5370912790919306 0.44530384566779624 0.7264589190764166 0.48159296093007165
0 1.0348465019675703 0.04014488599766077 0.8313656048499641 0.00713146239795639 0.770613466944894 0.38158216077529583 0.9740943640625002 0.4145955843750002
0 0.7789749796875001 6.661338147750939e-17 0.591146768101164 -0.0304738819404617 0.5376089372956027 0.2995108253596171 0.7254371488819389 0.32998470730007884
0 0.31617235312499997 0.6835147687500001 0.22746504651443508 0.46971467122764554 0.16513629531250001 0.4955753500000001 0.2538436019230649 0.7093754475223546
0 0.441190659375 0.9898283453124999 0.3172658566019574 0.6852577162901519 0.25259677656249996 0.7115705062500001 0.3765215793355426 1.016141135272348
0 0.2256525328125 0.718406809375 0.12742479971661597 0.475992918560868 0.06267159375000005 0.5022313515625001 0.1608993268458841 0.7446452423766321
0 0.33917449218749995 0.9964544609375 0.22474303199774312 0.7176946774042939 0.16342265156249997 0.7428668187499999 0.2778541117522568 1.021626602283206
0 0.5405429150832087 0.9716279790161136 0.47053810057972434 0.8094707125426777 0.4071759879128378 0.8368247315161097 0.47718080241632216 0.9989819979895458
0 0.13387322968750007 0.7508774296875 0.038411351562500015 0.5198107359375 -0.02378307437204923 0.5455054676717151 0.07167880375295081 0.7765721614217151
0 0.23646951406250008 0.9976295796875002 0.13335823009153533 0.7493308543376938 0.07057030312500005 0.775404865625 0.1736815870959648 1.0237035909748065
0 0.13843613437500002 0.9815713421875 0.05465693400043166 0.7795568634132182 0.024967620312499994 0.7918695796874999 0.10874682068706835 0.9938840584617818
0 0.05415502812500006 0.7790654421875001 0.009766864062499981 0.6707239890624999 -0.01984811224617915 0.682857428195719 0.024540051816320928 0.7911988813207192
0 0.9813079296874998 1 0.8991127727909964 0.9016445082898727 0.8502217228417009 0.9425024965073554 0.9324168797382043 1.0408579882174827
0 1.0184915188046042 0.7998184116996285 0.7984225698180911 0.570726505648137 0.77789621875 0.5904444109375 0.997965167736513 0.8195363169889915
0 1.0222601700639848 0.7448354306201491 0.8530270312970589 0.5437623939583311 0.8307668612330742 0.5624976680256821 1 0.7635707046875002
0 1.0188020114271055 0.7154617660012506 0.9999999999999998 0.695116078125 0.8580566186576855 0.8262898725050618 0.8768586300847911 0.8466355603813124
0 1.014511777259354 0.7005450846500161 0.9994773754783735 0.680851214392024 0.8789821723905187 0.7728378717717984 0.8940165741714992 0.7925317420297905