0 0.48264626466627414 0.11350019778786954 0.41093010307775124 -0.00421296661623119 0.24394440481772706 0.09752224184589926 0.31566056640624995 0.21523540624999998
0 0.281632916476946 0.29421637226112773 0.1804110996801206 0.13234005174157196 0.08980410117192458 0.18899691776169428 0.19102591796875 0.35087323828125005
0 0.59168721875 0.06497721093750007 0.4296875 0.06497721093750006 0.4296875 0.39736978906250003 0.59168721875 0.3973697890625001
0 0.4357241255782265 0.970702185967285 0.3969830449218751 0.9542943027343749 0.390446681620934 0.9697274804481868 0.4291877622772854 0.9861353636810968
0 0.3564041660156252 0.9648378828125 0.3108346777343751 0.94876216015625 0.29888187769274344 0.9826444927314201 0.3444513659739935 0.9987202153876701
0 0.2436692562978588 0.8303534411416817 0.195219275390625 0.8113045722656249 0.17830150346776624 0.8543341994833182 0.22675148437500003 0.873383068359375
0 0.1402017317948796 0.7893069555604918 0.09111445898437504 0.7700075253906251 0.07469769369926915 0.8117628637152894 0.12378496650977372 0.8310622938851561
0 0.26167064648437505 0.959611451171875 0.2224653790889683 0.9441972861772735 0.20366713082014992 0.9920098242033281 0.24287239821555667 1.0074239891979295
0 0.052066413196775796 0.694072661678365 5.551115123125783e-17 0.670176322265625 -0.012604582378799634 0.69763975015607 0.03946183081797611 0.72153608956881
0 0.2926965684902988 0.8655475570601225 0.25479931250000004 0.8516577578125 0.24374745885345123 0.8818118960648773 0.28164471484375 0.8957016953124999
0 0.1872571231066952 0.8303889253208009 0.131096206312156 0.8103981333370351 0.11599898715755513 0.852811343852107 0.17215990395209435 0.8728021358358726
0 0.7504173312355006 0.7503187931127111 0.7133109882812502 0.7130688789062501 0.6723521522794895 0.753869848467265 0.7094584952337399 0.791119762673726
0 0.580302083984375 1 0.54639937890625 0.9672545546875 0.5344537167416219 0.9796223895868381 0.5683564218197469 1.0123678348993381
0 0.6211880382791364 0.9661114954565864 0.60019883984375 0.944611298828125 0.5894494207052386 0.9551052350121636 0.610438619140625 0.976605431640625
0 1.010864080956414 0.6952720627764226 0.9867909238281249 0.6689647734375 0.956953365919628 0.6962683930009547 0.9810265230479169 0.7225756823398772