0 0.5073477867906058 0.4308181747705177 0.37394873828124997 0.26984317578125006 0.2678161185649349 0.35779466250190317 0.40121516707429067 0.5187696614911709
0 0.671556693490105 0.11105571504511907 0.626620427734375 0.10477644921875008 0.617602888541145 0.1693086013611311 0.662539154296875 0.17558786718750008
0 0.36748865116642737 0.184086886572263 0.30026372265625 0.10101801367187502 0.15185483900590518 0.22112048100200604 0.2190797675160825 0.304189353902394
0 0.7673467495015739 0.35272706985678115 0.669921875 0.34458049609375013 0.6526134840801585 0.5515715407022181 0.7500383585817324 0.5597181144652492
0 0.9349731497124543 0.37962019076649683 0.8517943294243402 0.37240698871232114 0.8341308568783159 0.5760927856073712 0.91730967716643 0.583305987661547
0 0.8337295004195863 0.3562583815376624 0.7715521157355998 0.3512769674557531 0.7541071504722636 0.5690228320118408 0.8162845351562501 0.5740042460937501
0 1.00757849793876 0.014545815432448927 0.8048839115725033 -0.0035953209893592603 0.7783266538751741 0.29313429058619167 0.9810212402414309 0.31127542700799987
0 0.798066958984375 9.71445146547012e-17 0.689480336732099 -0.007612278409701863 0.6681110034418226 0.29721416078316976 0.7766976256940986 0.3048264391928717
0 0.19455037034015182 0.8446186541241497 1.1102230246251565e-16 0.8295756328125001 -0.011102657594983481 0.9731655475054476 0.18344771274516825 0.9882085688170972
0 0.5338672265625001 0.86421404296875 0.35318391251016645 0.8462438506007732 0.3383124630757321 0.9957705063845825 0.5189957771280658 1.0137406987525592
0 0.3308310668194552 0.8454150103013368 0.20983438939208218 0.8184538179861667 0.17220791768160246 0.9873142306512793 0.29320459510897545 1.0142754229664495
0 0.6730765506763896 0.6026846907546162 0.2435455228601766 0.5694724677724687 0.22759343535441567 0.775779541702654 0.6571244631706287 0.8089917646848014
0 0.26008144335937505 0.578125 0.046723567137461425 0.5365250599889145 -0.001215461336744439 0.7823948689519284 0.2121424148851692 0.8239948089630139
0 0.919708613547897 0.8097468785911738 0.8222307521055991 0.7081914093699448 0.6106732867477775 0.9112545181652971 0.7081511481900754 1.0128099873865262