0 0.515944939903846 0.06805752163461544 0.4083030473667542 0.044297123478381994 0.3733336651552158 0.20271915232453586 0.48097555769230765 0.22647955048076926
0 0.37383729326923076 0.10263871875000007 0.31083021647216624 0.08831584597763475 0.2903983605769231 0.17819666346153853 0.3534054373739876 0.19251953623390383
0 0.9648568413461539 0.5676071754807693 0.9072286562499999 0.5676071754807693 0.9072286562499999 0.5793269230769232 0.9648568413461539 0.5793269230769232
0 0.8985659112792379 0.5634430281350249 0.6405180543349103 0.5045542075816416 0.6331589436094329 0.5368014615405481 0.8912068005537606 0.5956902820939314
0 0.9909029354676945 0.5209665871943474 0.9391736733666054 0.5099711933486923 0.9276785239566033 0.564051620577422 0.9794077860576924 0.575047014423077
0 0.9684569105671805 0.34908217404414665 0.9026200522174371 0.33508811471908284 0.8571393279377436 0.5490580524256493 0.922976186287487 0.5630521117507131
0 0.8791065866811022 0.3300901736443604 0.6862989468160349 0.28910764470425854 0.6408182322738111 0.5030775840186289 0.8336258721388785 0.5440601129587307
0 1.0171344583718105 0.22585644164768517 0.7986640498455448 0.17120216250872583 0.7801741219153301 0.2451122418689297 0.9986445304415958 0.29976652100788903
0 0.8313298850627533 0.0692651879579454 0.7513848277032912 0.052272340216879445 0.7313933173033595 0.14632499519138686 0.8113383746628217 0.16331784293245277
0 1.03948326762898 0.027495167011543618 0.8582277537109705 -0.011031888329663722 0.8187444858702982 0.17472225094318714 0.9999999997883079 0.21324930628439448
0 0.9475774711538462 0.007959985576923167 0.8582277505546935 -0.011031884711627048 0.8417347871517943 0.0665614038645662 0.9310845077509469 0.08555327415311642
0 0.8460526538461538 1.0248212535001446e-16 0.7684593654340961 -0.016492964175096124 0.7547362331730769 0.04806929086538472 0.8323295215851346 0.06456225504048095
0 0.32927493502999305 0.9461888153514791 0.23593764449710372 0.945065531473374 0.2352766830201305 0.999986958380503 0.32861397355301974 1.001110242258608
0 0.5201976826923078 0.9429861682692308 0.3881377524038463 0.9429861682692308 0.3881377524038463 1 0.5201976826923078 1
0 1.02307457720781 0.8387957855741521 0.9833933179937382 0.8000590335302149 0.9186077984782357 0.8664241998791398 0.9582890576923074 0.905160951923077