0 0.07412180916130554 0.3725107077747126 0.04654465639428575 0.2561417668112181 -0.027577152767019785 0.27370717934900546 0 0.39007612031250005
0 0.1579394428271031 0.35552839602514963 0.14092590740526617 0.2872908325244598 0.04248030832816305 0.31183607712431016 0.05949384375 0.38007364062499993
0 0.6764877687500002 0.3145358015625001 0.6198919405011216 0.29111914425486046 0.6148624080896743 0.3032750445949818 0.6714582363385528 0.32669170190262137
0 0.61013253125 0.2793889796875 0.5849884083629396 0.24707618190716252 0.5215109142386416 0.2964710354161098 0.5466550371257022 0.3287838331964473
0 0.746235600926925 0.06573192470379911 0.7078045363470445 0.04368806180936682 0.6801744406249999 0.09185811250000012 0.7186055052048804 0.1139019753944324
0 0.8752716718750001 0.07610553437500012 0.8550812632501167 0.05960693068652145 0.8220666438844259 0.10000905611327945 0.8422570525093095 0.11650765980175812
0 0.8409183453125 0.0696657484375001 0.7684137900625337 0.045188946309024924 0.7646438656059091 0.05635611980737785 0.8371484208558753 0.08083292193585304
0 0.47816374062500006 0.021535445312499978 0.4668395269445682 0.010051844182528491 0.4408806765625 0.035650396875000025 0.45220489024293187 0.04713399800497151
0 0.7402103265625 0.028080745312500044 0.6797307374005687 0.007351107109066879 0.6763691246279191 0.01715875340834856 0.7368487137898504 0.03788839161178172
0 0.3429333125 0.17006679062500007 0.33154521594825614 0.15137393669003088 0.2769631257287357 0.18462654303780082 0.28835122228047955 0.20331939697277002
0 0.29127519270720914 0.6499086564079127 0.23635811554119757 0.5428444536605055 0.1940812042290075 0.56452980078208 0.24899828139501906 0.6715940035294874
0 0.25253605625 0.5604439093750001 0.24759292916066947 0.5271055446765172 0.22555784582838484 0.5303727180463144 0.23050097291771535 0.5637110827447973
0 0.648544740625 0.8005879171875 0.6459503550645067 0.7912145158012812 0.602685242028562 0.8031895054457655 0.6052796275890553 0.8125629068319842