0 0.37902960682650805 0.22568523142134814 0.37408587870820526 0.10428967082833851 0.19658406494509498 0.11151827707607768 0.20152779306339771 0.2329138376690873
0 0.4644997906192416 0.22383284397470415 0.4608191828125 0.1536026609375 0.3594988546932584 0.1589126341502958 0.3631794625 0.2291428171875
0 1.1064046005087969 0.264002343334067 0.9894355886031626 0.1567215632136353 0.759205769318983 0.40774280338966984 0.8761747812246172 0.5150235835101015
0 0.22194664639363165 0.7862313764840865 0.1849124515625 0.6515239125 0.13909889735636835 0.6641191172659135 0.1761330921875 0.79882658125
0 0.29146644078571793 0.6927023192331225 0.256766915625 0.55866269375 0.2102973372439883 0.5706925117864798 0.24499686240470622 0.7047321372696025
0 0.36385940988198306 0.6038332918110708 0.328880071875 0.470737665625 0.2800989510555169 0.4835580066264292 0.3150782890625 0.6166536328125
0 0.5108176004526966 0.7237928307793482 0.4689695421875001 0.5937392859374999 0.42386122181742997 0.60825404308147 0.46570928008262646 0.7383075879233182
0 0.44292015702867554 0.8146944959951121 0.4002334109375 0.6831372468750001 0.3549538020154137 0.6978292473697818 0.3976405481065893 0.829386496489894
0 0.3718897950786579 0.9010418036231528 0.33214751562499994 0.7692013 0.28358276117134207 0.7838407620018473 0.323325040625 0.9156812656250001
0 1 0.7645935750000001 0.8223619515625 0.7645935750000001 0.8223619515625 0.9934204624999999 1 0.9934204624999999
0 0.9995295106692998 0.7401007712036474 0.99931585 0.7356320921874999 0.9972853628463014 0.735729175742326 0.9974990235156012 0.7401978547584734
0 1.1134698692775113 0.5183977974524242 0.8832564629918256 0.35981763734085936 0.4585860402997589 0.9763186201116095 0.6887994465854448 1.1348987802231745