0 0.38232969951923085 0.377583064453125 0.3470706802884616 0.24891733789062498 0.23947241824480248 0.2683825592466943 0.2747314374755717 0.3970482858091943
0 0.2523597831063651 0.39638044498215835 0.23289205769230767 0.32317861328125 0.16973514718209645 0.3342668089240917 0.18920287259615387 0.40746864062500004
0 1.0090157451781037 0.45918698415380166 0.8221360886159981 0.4314034201777286 0.8065005062621247 0.500831455102174 0.9933801628242303 0.528615019078247
0 0.827008230066052 0.4324024817896507 0.5035735286843821 0.4009767463841997 0.4916420224983928 0.48204357324900937 0.8150767238800627 0.5134693086544604
0 0.22254080783404723 0.6514332690151309 0.18751038927569913 0.5247378880244434 0.002028038461538471 0.5585937499999999 0.03705845701988659 0.6852891309906873
0 1.0000000000000002 0.940804701171875 0.9047715432692309 0.940804701171875 0.9047715432692309 1 1.0000000000000002 1
0 0.8950707115384616 1 0.8827892392995315 0.956777515890559 0.7914418968443058 0.973912486503482 0.8037233690832358 1.0171349706129231
0 1.0187755321041772 0.9232502299040105 0.9997083798571407 0.8413309018629876 0.880046142150657 0.8597175816352041 0.8991132943976935 0.9416369096762269
0 0.8815824613320273 0.9451093899120827 0.8623597903632958 0.864419200005018 0.7692816601013432 0.8790573901648904 0.7885043310700748 0.959747580071955
0 1.019699359179426 0.7526949562696257 0.9964473112383556 0.6708634596605655 0.8699662830076231 0.6945888213848639 0.8932183309486934 0.7764203179939241
0 0.8780837902050806 0.7752505191960096 0.8505056221716644 0.6781940021658459 0.7310514493697209 0.7006012633170082 0.7586296174031373 0.7976577803471719
0 0.991822436354134 0.6547224845746118 0.9709871483576511 0.5697246416494633 0.8452372407865253 0.5900737796661552 0.8660725287830082 0.6750716225913036
0 0.8486645494182348 0.6631437270283351 0.8293643803931546 0.5802279261523036 0.7095660812261969 0.5986365449301154 0.728866250251277 0.681552345806147