0 0.042204182889889925 0.24262590957025743 0.042052673029991175 0.22480381785746295 -0.00006934634730908996 0.22576371346582796 0.0000821635125896668 0.24358580517862244
0 0.03858552045908185 0.30112664460784316 0.03838930704161057 0.26518585161126995 0.000404748003992016 0.2657417312091503 0.0006009614214632958 0.3016825242057235
0 0.24769308353987632 0.13600433158548145 0.2240428845359445 0.13066287837540783 0.20533165100165335 0.35274335917496386 0.22898185000558519 0.3580848123850375
0 0.5036089410421853 0.35743817691366914 0.49979611271333624 0.15886090778092066 0.47920792566316683 0.15992057237051946 0.483020753992016 0.35849784150326797
0 0.6026856278292502 0.29584390085638645 0.3647749216566866 0.28198210702614385 0.36395524241266103 0.31969337088583005 0.6018659485852246 0.33355516471607266
0 0.25481449952260776 0.18824540044901447 0.20815909731215135 0.18073496606768594 0.19488673802395212 0.40174785947712427 0.24154214023440856 0.40925829385845275
0 0.23633666716566867 0.9803674084967323 0.20746109331337326 0.865028691993464 0.13084499078599077 0.9164458613477539 0.1597205646382862 1.0317845778510222
0 0.30516636327345303 0.8795658692810457 0.2974505986488646 0.8366639996865501 0.26130347840219414 0.8540904549139023 0.2690192430267826 0.8969923245083978
0 0.34121859481037925 0.8506669313725492 0.3287349695283643 0.808007647049174 0.2983527045908184 0.8318407124183006 0.31083632987283344 0.8744999967416757
0 0.28841320708582835 0.8219295874183006 0.27156329509593363 0.7768087794894943 0.24705917315369258 0.8013384950980391 0.2639090851435873 0.8464593030268455
0 0.3259586032934132 0.7902146789215686 0.3153252172747571 0.7508082979607963 0.2864125046999068 0.7717217857058942 0.29704589071856285 0.8111281666666667
0 0.8588484482053242 0.5422753456494687 0.8584918946122299 0.5164680534347135 0.7229222378892269 0.5214889060507412 0.7232787914823214 0.5472961982654965