0 0.36811510807291664 0.6582031249999999 0.3557447559470374 0.6011599936230154 0.3365917406012342 0.6105054040406488 0.3489620927271135 0.6675485354176333
0 0.4346454270833333 0.642070162109375 0.42913428266740455 0.5922869805576078 0.3845439100720293 0.6033936222860941 0.39005505448795813 0.6531768038378613
0 0.350348625 0.5525873828125 0.3078742330585353 0.3017463281974946 0.2854803247381256 0.3102781340905327 0.32795471667959036 0.5611191887055381
0 0.30656107161458335 0.29782725 0.2679238453956952 0.06925660627006197 0.24796749088541667 0.07684673632812497 0.28660471710430485 0.30541738005806296
0 0.37259277994791656 0.28653854296875003 0.33365696277045914 0.052240605958592964 0.2920928583684363 0.06778170665834628 0.3310286755458937 0.3020796436685034
0 0.4163803307291667 0.5412986757812499 0.37280571205065893 0.2894302792614649 0.3299304968954065 0.30611998764953285 0.37350511557391425 0.557988384169318
0 1.0156653126231296 0.3559266413421994 0.9964097585664703 0.3059796906258707 0.900803817538323 0.3889102201818566 0.9200593715949822 0.4388571708981853
0 1.0177509683636874 0.4390734712270885 0.9980870576949971 0.3886758211921574 0.9225833661119701 0.4549600656397821 0.9422472767806606 0.5053577156747132
0 0.617176708049411 0.9666369007412651 0.6169411464206328 0.962539227252497 0.5645000915704418 0.9693222166099313 0.5647356531992199 0.9734198900986994
0 0.5508404075520833 0.9752171718750001 0.5506048458922184 0.971119498897209 0.37580111542346833 0.9937294969440841 0.3760366770833334 0.9978271699218751
0 0.6656067995661658 0.950740494767508 0.6588541665376503 0.8332762184588418 0.3749144516069012 0.870002419003834 0.38166708463541665 0.9874666953125002
0 0.4184483943165939 0.9840851430280951 0.4115387337752565 0.8638893189776888 0.1616135379045448 0.8962159087334757 0.16852319844588218 1.016411732783882
0 0.18843891602463622 0.8392887680144623 0.13276728480140257 0.7234533453520132 0.07168038512833512 0.7895110016738589 0.12735201635156876 0.9053464243363079
0 0.6597089369078889 0.8294235406975323 0.6532713998664655 0.7105259327210884 0.4185327042673195 0.7391224950557755 0.42497024130874284 0.8580201030322194
0 0.46370928061113 0.8543894590895229 0.45687813411458333 0.7355594101562499 0.20096574500799388 0.7686604130668231 0.20779689150454053 0.8874904620000961
0 0.14039449416395486 0.949040867596546 0.04138157159413266 0.7430255016580415 -0.01970577906430304 0.8090836010608096 0.07930714350551915 1.015098966999314
0 0.60921441015625 0.6582031250000001 0.5019257174479167 0.658203125 0.5019257174479167 0.72036443359375 0.60921441015625 0.7203644335937501
0 0.50371626953125 0.7171170585937501 0.498769575736133 0.6310676890167691 0.2466496507666075 0.66367815633172 0.25159634456172447 0.749727525908701
0 0.2106583532633931 0.7674067234075704 0.20500499522923551 0.6690646857057538 0.022486033750247103 0.6926726095204099 0.028139391784404694 0.7910146472222265
0 0.05421950260416672 0.693641634765625 5.671023796922511e-17 0.693641634765625 6.016072090819392e-17 0.77816762890625 0.05421950260416672 0.77816762890625