0 0.24618972448147053 0.10607560735415447 0.2290061640625 0.07061883984375 0.15778094584021646 0.10513701300541302 0.17496450625918697 0.1405937805158175
0 0.33103130078125004 0.017694613281250042 0.28548185077704685 0.0163976755923461 0.28312650116767185 0.09911936699859611 0.32867595117187504 0.10041630468750004
0 0.40245405734414563 0.12770347190713016 0.358022029296875 0.12240416601562502 0.34805752273397933 0.20595156715536989 0.39248955078125 0.211250873046875
0 0.4823360764569037 0.23621769139432308 0.43496178125 0.22652325585937505 0.41880438838684636 0.30548041602755205 0.46617868359375003 0.31517485156250014
0 0.35854207513632586 0.47170447255290676 0.32159352812443315 0.415325830672461 0.240692736328125 0.46834531835937504 0.2776412833400177 0.5247239602398208
0 0.301292619140625 0.3881409453125 0.2635618155194094 0.3342219451667869 0.18455750497253443 0.3895066521980369 0.22228830859375004 0.44342565234375
0 0.25127051980295223 0.30054152543768115 0.21266211576989438 0.2460595831268001 0.13104134010756713 0.30389980964224395 0.169649744140625 0.358381751953125
0 0.19310282031249998 0.22309803906250003 0.15725203192959228 0.16759643361975943 0.07326319877896098 0.22184830362948477 0.10911398716186871 0.2773499090722254
0 0.81661318359375 0.3851036191406251 0.81517380859375 0.335641802734375 0.6951418441879569 0.33913482060795147 0.6965812191879569 0.38859663701420155
0 1.0049040648104528 0.4056634754397962 0.9821771132812499 0.4016606777343751 0.9772614064942468 0.4295709140495133 0.9999883580234498 0.4335737117549344
0 0.7891365488281249 0.03818601757812501 0.7889614789855418 0.01797300406517449 0.7197576628753438 0.018572395204194698 0.7199327327179269 0.03878540871714521
0 0.1794896796875001 0.985162603515625 0.0658390605468751 0.985162603515625 0.0658390605468751 1 0.1794896796875001 1
0 0.5077251478634361 0.8897111335147141 0.24664210006584564 0.8513350792278721 0.2346661547849138 0.9328107898580532 0.4957492025825043 0.9711868441448952
0 0.5025858257318653 0.8504172674526035 0.2553139685290322 0.8158271120970845 0.2517183056208502 0.8415311378825497 0.49899016282368325 0.8761212932380688
0 0.8259236520969485 0.9029307507232645 0.7511432458994647 0.8353738945443017 0.6024194999999999 0.9999999999999999 0.6771999061974837 1.0675568561789626