0 0.8403041826923077 0.37832699519230784 0.7931292780695832 0.3676340177496351 0.7713279908314097 0.4638161757713207 0.818502895454134 0.4745091532139935
0 0.886741351306492 0.29405925142957623 0.8707224326923076 0.24017744230769236 0.7730931204789028 0.26920237729396307 0.7891120390930871 0.32308418641584696
0 0.7376425865384615 0.24144486778846158 0.7183186636770079 0.18991440410973948 0.6202579978000455 0.22668715187625404 0.639581920661499 0.27821761555497615
0 0.5893536129807692 0.18314321875000006 0.5633197800687356 0.13028664690327868 0.47401774278846154 0.1742712307692308 0.5000515757004951 0.2271278026159522
0 0.4381120144758752 0.12726916637800034 0.41835257373660156 0.0708136129955672 0.32192648798076917 0.10456273798076927 0.34168592872004283 0.1610182913632024
0 0.27128585743705125 0.13444428126022714 0.24882759072976438 0.07904721959601924 0.15371410348502076 0.11760673881656138 0.17617237019230766 0.17300380048076927
0 0.0950570360576923 0.25031685576923074 0.0773976735575242 0.19513134952620653 -0.017659362500168103 0.22554960193005263 0 0.2807351081730769
0 0.399699991525876 0.37760672971200065 0.3206209814946072 0.35256504395201876 0.2846725765071928 0.46608632625924895 0.3637515865384616 0.49112801201923084
0 0.5158428389423078 0.4214195192307693 0.4397972115384615 0.39353612019230777 0.3989416145947119 0.5049604662076752 0.4749872419985582 0.5328438652461368
0 0.6286438509615385 0.45057034375000005 0.5498748371832134 0.427701921327756 0.5156543059332133 0.5455726448854483 0.5944233197115385 0.5684410673076924
0 0.74780239760155 0.4947802900034591 0.6704689495192309 0.46958175000000024 0.632425739417681 0.5863350465350028 0.7097591875000001 0.6115335865384618