0 0.2510394898680121 0.10002745911200536 0.24429480078124993 0.06120779687500001 0.16631422780089455 0.0747564649790386 0.17305891688765673 0.11357612721604395
0 0.35695554882812497 0.03845570507812504 0.31352809003838333 0.024653879131476764 0.2884627970696333 0.10352184788147677 0.3318902558593749 0.11732367382812504
0 0.3952889595883712 0.16388978547975122 0.35403883984375 0.14654863867187506 0.3214315560366289 0.22411296452024893 0.36268167578125 0.24145411132812505
0 0.4421659158098186 0.2902188203983687 0.399298966796875 0.26784180078125003 0.36200393770580636 0.3392867088985064 0.40487088671875 0.36166372851562506
0 0.44921875000000006 0.392223849609375 0.41542919726562505 0.392223849609375 0.4154291972656251 0.4812815 0.4492187500000001 0.4812815
0 0.2582585266807784 0.4824609865978552 0.23828136271966455 0.4180819578256498 0.14590037890625 0.44674828125 0.16587754286736384 0.5111273100222054
0 0.226260046875 0.38635448242187503 0.204686568359375 0.3241814316406251 0.11358874060626487 0.35579154253523987 0.1351622191218899 0.41796459331648983
0 0.20232138968397448 0.28836055550325207 0.18022586921088096 0.22534723498617915 0.08582401858940651 0.2584490935454271 0.10791953906250001 0.32146241406250003
0 0.167753328125 0.19788390625000005 0.14858965371253413 0.13465052374035485 0.05290056445750018 0.16365030958969082 0.07206423886996605 0.226883692099336
0 0.4648543817849531 0.9483715299074883 0.4024503359567054 0.7564942301482223 0.3073734704215765 0.7874159758758527 0.3697775162498242 0.9792932756351187
0 0.48116809717844994 0.8698037491709354 0.44067101013868576 0.7518389529136903 0.4087216629602358 0.7628071021802547 0.44921875 0.8807718984374998
0 0.8597551619759825 0.8524259238531009 0.6785511699218751 0.8506788906250001 0.6772369200552677 0.9869941698968994 0.858440912109375 0.9887412031250001