0 0.2496796131763867 0.14247831304251143 0.2089573493401986 0.03676343166585544 0.16254187031249998 0.05464306562500001 0.2032641341486881 0.160357947001656
0 0.4044191430677498 0.03704669503284901 0.29654156624009886 0.01990887504251641 0.2869670346607677 0.0801777579354815 0.39484461148841854 0.0973155779258141
0 0.47941399695953113 0.19260972783716096 0.3717339169734416 0.17011152428095472 0.3596903359375 0.22775407187500005 0.4673704159235895 0.2502522754312063
0 0.5467287162546575 0.3466585778441028 0.4430210570638307 0.31702405070587847 0.4251733267924885 0.37948316536213045 0.5288809859833152 0.40911769250035473
0 0.6305848745260946 0.49869840508883456 0.5222463679614874 0.4767442914294439 0.5097912930475967 0.5382072243565516 0.6181297996122039 0.5601613380159423
0 0.27513822893929857 0.47479938563747764 0.23476049137133384 0.40118340871603664 0.117326521879043 0.4655949427337703 0.15770425944700767 0.5392109196552113
0 0.20420397928932427 0.4165569766836864 0.1596483640625 0.29212773437499995 0.07815261124835808 0.32130972839533806 0.12270822647518234 0.4457389707040245
0 0.14619301602271273 0.2869932533821972 0.10285682704400242 0.16247380985929602 0.01999413989267278 0.19131230261254492 0.06333032887138308 0.3158317461354461
0 0.7441252015625002 0.55 0.7400141906250001 0.4919071562500001 0.6444956448603197 0.4986666426346324 0.6486066557978198 0.5567594863846324
0 1 1.1545739166872052e-16 0.7528838890625 1.0032589395485296e-16 0.7528838890625 0.5500000000000002 1 0.5500000000000002
0 0.4602193890625001 0.6585017453125002 0.39649779285259923 0.6183748975851568 0.369801709375 0.6607683859375001 0.4335233055849009 0.7008952336648434
0 0.8154394547996722 0.7693646927146403 0.70475984375 0.7657258234375 0.7041055415059174 0.7856270378996209 0.8147851525555895 0.789265907176761