0 0.4376916153028693 0.29766388005997013 0.41639450395185734 0.28161846010917885 0.39370382706820994 0.34156231163363465 0.4150009384192219 0.35760773158442594
0 0.4703635041943149 0.2501919847963581 0.4685897042284611 0.21379709776668973 0.41683382359192345 0.21881765067466266 0.41860762355777725 0.25521253770433106
0 0.40241009298618485 0.19597161694152923 0.39938651208508935 0.16040151970520836 0.3458466343593715 0.1694597111452487 0.34887021526046696 0.20502980838156956
0 0.3354669404888418 0.13737103373313347 0.3298000430173073 0.09973283473155105 0.2792191673751328 0.11489043478260871 0.2848860648466673 0.15252863378419115
0 0.26664911088446464 0.07836698624643618 0.2633017736541739 0.03963380771402662 0.21169569766206164 0.04851036881559222 0.21504303489235235 0.08724354734800177
0 0.1828441907545165 0.05776811694152924 0.1780526264355085 0.01942363648254084 0.1266914080508114 0.03219794382886767 0.13148297236981932 0.07054242428785606
0 0.08234670350690756 0.10764310194902552 0.08034810871383104 0.0700671314648242 0.02966513740671094 0.07543255725193064 0.031663732199787464 0.11300852773613193
0 0.21821717162592985 0.2321917286356822 0.18342560120218537 0.20122496085882396 0.1521865770456961 0.2710808770614694 0.18697814746944058 0.3020476448383276
0 0.2716556296493092 0.2775162976011994 0.23956566642383384 0.2440282192111608 0.2035254041924139 0.312765842728469 0.2356153674178893 0.34625392111850767
0 0.32432033262486715 0.31246822563718146 0.2896741578693599 0.28226551764445595 0.25862846068012757 0.3531479160419791 0.2932746354356348 0.3833506240347046
0 0.37732294792773646 0.3602006559220391 0.34380741894314276 0.3287156469552117 0.3114211153906161 0.3973325666682456 0.3449366443752098 0.42881757563507295
0 0.9007789675876728 0.5558872368815595 0.85727994458215 0.5426015662313598 0.8506058346619575 0.5860943248606603 0.8941048576674805 0.5993799955108599
0 0.910040417109458 0.5067957458770617 0.863988680758101 0.4973954505860019 0.8604693733749443 0.5317108685496648 0.9065211097263014 0.5411111638407244
0 0.9229642725823591 0.44711340779610204 0.8806037843161941 0.428236982981203 0.8709022455276711 0.4715690511970951 0.9132627337938362 0.4904454760119941
0 0.9289492035069078 0.3998831776611697 0.8867205164718386 0.38739157571214405 0.8819549190868928 0.4194568064701999 0.924183606121962 0.43194840841922544
0 0.9435576555214594 0.3271392204277967 0.9002859394261423 0.3121920539730136 0.8913757986318221 0.3635322347735747 0.9346475147271391 0.3784794012283578
0 0.9491147019128587 0.2931258065967019 0.9049559342023648 0.2798545097355853 0.9010606685275506 0.305651452764071 0.9452194362380446 0.31892274962518763
0 0.9625783225404086 0.21639539239364294 0.9207910669500531 0.20106827136431807 0.9095953749748988 0.2618204396765119 0.9513826305652544 0.2771475607058368
0 0.9678952164169543 0.186798153246697 0.9253549158978895 0.1727153085562523 0.9222982403948565 0.19109283596922563 0.9648385409139213 0.2051756806596703
0 0.985719946212698 0.10036009949601904 0.9415842688629118 0.08490169340329855 0.9292084666459629 0.15522933003921371 0.9733441439957491 0.1706877361319342
0 0.9318019631952805 0.08041525207281928 0.8897536604675877 0.06420680359820108 0.8755665151532177 0.13746051306010063 0.9176148178809105 0.15366896153471885
0 0.9155449697130712 0.1683136994003 0.8706873395324123 0.15213965217391318 0.867507214533241 0.16969418956684712 0.9123648447138999 0.18586823679323394
0 0.9091826658673273 0.20102192994602153 0.8673077917109459 0.18137977511244396 0.8541442271345194 0.2372352144384133 0.8960191012909009 0.2568773692719909
0 0.8954773565620084 0.2766938098336811 0.8524045340063762 0.25896634632683674 0.8472068063598274 0.28410244255488853 0.8902796289154596 0.30182990606173293
0 0.8901073294367694 0.30552798500749645 0.8482656939426143 0.28908533358320854 0.8374815345933202 0.3437052054763853 0.8793231700874754 0.3601478569006732
0 0.8747983514294889 0.37987346750393464 0.8302595143227335 0.36523597013569203 0.8249807380446336 0.39720525187406314 0.869519575151389 0.41184274924230574
0 0.8677142804374385 0.4250708446465601 0.8264899518001984 0.4109153514337348 0.8180272890541976 0.459968083208396 0.8592516176914378 0.47412357642122127
0 0.8530944771519661 0.492155267616192 0.8111043691685388 0.4816494837468773 0.8067239078510413 0.516496528896844 0.8487140158344686 0.5270023127661586
0 0.8476120563908655 0.5355531445408872 0.8047197164249766 0.5228020551276503 0.7973799208289054 0.5719430554722641 0.8402722607947943 0.5846941448855009
0 0.8566383193411264 0.022614676161919173 0.8273645528496225 0.011948250664381146 0.7409286132637322 0.4841000360970805 0.7702023797552361 0.4947664615946185
0 0.8160587768331563 0.010199512743628325 0.7866339543609154 -0.0004620818811136955 0.7015387157279489 0.4669764670164919 0.7309635382001899 0.4776380616412339
0 0.7480925212539851 0.018034464017991088 0.6529147024852592 -0.013422754221244884 0.6398488793836346 0.06526004197901057 0.7350266981523604 0.09671726021824655
0 0.7330165334750266 0.10900961919040496 0.6337606470905454 0.08257210125607162 0.6314588565356004 0.09977212218890566 0.7307147429200815 0.12620964012323901
0 0.7294855850159405 0.1374450044977513 0.6269409085262823 0.11141796401119039 0.6193191665000801 0.1711861611333099 0.7218638429897384 0.19721320161987077
0 0.7142240085015941 0.21379635307346337 0.6147140839532413 0.18476907271364326 0.6107796951695419 0.21161416502410904 0.7102896197178946 0.24064144538392918
0 0.706698377258236 0.2531811056971516 0.6061345665146838 0.22541632919183946 0.5988049930924548 0.27825523538230895 0.699368803836007 0.30602001188762107
0 0.6938031764273178 0.3213119693655322 0.5931695900097078 0.2919689847937788 0.588501757896949 0.3238316038840188 0.689135344314559 0.3531745884557722
0 0.686709922954304 0.36670774587706156 0.5852027624867164 0.3379352631184409 0.5772698781184556 0.39363819359599145 0.6787770385860431 0.4224106763546121
0 0.674101236981934 0.4367419512743629 0.572969380542104 0.4123853248044855 0.5688074329234778 0.4467803025352794 0.6699392893633078 0.47113692900515686
0 0.6644898432518596 0.48238325862068976 0.5668715550964094 0.453878277352046 0.5602480968662743 0.49902464443282135 0.6578663850217245 0.5275296257014651
0 0.2775696147715197 0.8297747878560717 0.2751045263347247 0.8214045948143922 0.2274073480340064 0.8493633155922039 0.2298724364708014 0.8577335086338834
0 1 0.965415150674663 0.8832059341126463 0.9654151506746628 0.8832059341126463 1.0000000000000002 1 1.0000000000000004