0 0.19136551172895847 0.10310000444019028 0.17777328776215778 0.04316283062824458 0.1598948681640625 0.05742343772893776 0.17348709213086316 0.11736061154088347
0 0.2441590458984375 0.019604989010989088 0.22273354848245913 0.011653049139752873 0.21560973159705427 0.0791657063058993 0.23703522901303264 0.08711764617713551
0 0.2751127548966369 0.1057667648388173 0.25528109046093195 0.0942111400682273 0.24393886751433141 0.16267770538396248 0.2637705319500363 0.17423333015455247
0 0.31768884225567157 0.21082110479314392 0.27594346740379855 0.19677805245264024 0.2725079293363151 0.23269969968666637 0.31425330418818814 0.24674275202717005
0 0.3550461961090781 0.29750995075088527 0.3124880561602812 0.2868093735495587 0.3099204663000824 0.3227276685894827 0.35247860624887933 0.3334282457908093
0 0.3616607196159048 0.3935573644584659 0.31828190798197425 0.3884118126517293 0.31698435552135784 0.4268873991456412 0.3603631671552884 0.4320329509523778
0 0.3241031702957966 0.49829225914212993 0.2977433106713138 0.4968332363315951 0.2971844386294198 0.5323479259449246 0.3235442982539026 0.5338069487554595
0 0.24170611493597577 0.3833228280770509 0.21317383419930266 0.3126747206213932 0.18799245654296878 0.3484456373626374 0.2165247372796419 0.41909374481829514
0 0.21206483402008358 0.32156225150115675 0.1866202194868084 0.2499153507516313 0.16019842737161694 0.28292001859465726 0.18564304190489214 0.35456691934418266
0 0.18472836512771423 0.2478436189852202 0.16489393208945036 0.17967045531438464 0.13576927034472244 0.20947495667336138 0.15560370338298635 0.27764812034419695
0 0.16717028173828125 0.17312993131868132 0.15630292395221496 0.12461541022657022 0.10796599064899638 0.16269970678535198 0.11883334843506266 0.21121422787746308
0 0.6419105231552599 0.49440222408396844 0.5900771821289063 0.1021466776556776 0.5574952033003315 0.11729038453850961 0.6093285443266852 0.5095459309668005
0 0.1482788148856596 0.8842414049173444 0.14332046079093877 0.8120197908050113 0.04221407340298283 0.8364351753327705 0.04717242749770369 0.9086567894451035
0 0.79467325 0.6980633434065934 0.7790532201866545 0.6447891981880065 0.5719115654296874 0.8584119166666666 0.5875315952430329 0.9116860618852535