0 0.438973321875 4.7074970031259635e-17 0.32788724375 4.027290953097893e-17 0.32788724375 0.02874302968750005 0.438973321875 0.028743029687500053
0 0.5232935093750001 0.11648118437500006 0.42445446753020805 0.08933557815739235 0.4082874438327334 0.14820083682691354 0.5071264856775255 0.17534644304452124
0 0.3380661239670152 0.37020184900113573 0.2941696200623675 0.2998632683420096 0.1838375945713612 0.3687186552774476 0.22773409847600884 0.4390572359365737
0 0.26591623647429 0.2915184875272946 0.20051564633003682 0.18960430844798773 0.12876862477015305 0.2356459642165873 0.19416921491440622 0.3375601432958941
0 0.2012137027438813 0.18091171777484633 0.13203444219495902 0.07331281450950815 0.061898640502465054 0.11840568025301601 0.13107790105138734 0.22600458351835417
0 0.13228041403649737 0.0878913963096403 0.07503767754390196 -0.02271305969935538 0.0010963801067065738 0.015554857867851418 0.058339116599301986 0.1261593138768471
0 0.8284324390625001 0.3437493375000001 0.72729695625 0.3437493375000001 0.72729695625 0.4187500000000002 0.8284324390625001 0.4187500000000002
0 0.6567054062500001 0.3384792312500001 0.539266596875 0.3384792312500001 0.539266596875 0.41875 0.6567054062500001 0.41875
0 0.9592593915395623 0.2235607187028638 0.8775524141269369 0.11015728033942321 0.8128647864719681 0.15676460202169767 0.8945717638845935 0.27016804038513825
0 0.6899204228611154 0.2533917330957661 0.6790161099646501 0.2040639644285755 0.6326577131387157 0.21431187302097693 0.643562026035181 0.26363964168816756
0 0.25564933749999996 0.8985919640625 0.23665249536474606 0.7357855892758133 0.029596825070043343 0.7599456007431241 0.048593667205297265 0.9227519755298108
0 0.48279656424861495 0.9333427353956992 0.3736245434257353 0.6514808225531399 0.29599272008415417 0.6815495287110352 0.40516474090703375 0.9634114415535944
0 0.8936101031250001 0.4474319859375001 0.5296875 0.4474319859375 0.5296875000000001 1 0.8936101031250001 1