0 0.630806738549691 0.20732171202515187 0.6216730048076923 0.15969581730769233 0.52600255745631 0.17804357535548163 0.5351362911983087 0.22566947007294116
0 0.7598225576923077 0.12927756730769238 0.706085057716932 0.11322610830452443 0.6769342380053935 0.21081799532375517 0.7306717379807692 0.22686945432692313
0 0.8096892630200235 0.2828110647504498 0.7585551322115385 0.26235741346153857 0.720095275441515 0.3585070602495505 0.77122940625 0.3789607115384616
0 0.8700887221912954 0.4372623601467613 0.8168567812499999 0.410646387019231 0.7724968282894739 0.49936628408400835 0.8257287692307693 0.5259822572115387
0 0.9291863870044329 0.5816474262633986 0.8727308336219999 0.5618879855241251 0.8389817086367978 0.6583140712799574 0.8954372620192308 0.678073512019231
0 0.9209527804039807 0.7511724092702357 0.8655557187397728 0.7287141425629486 0.8269961995192306 0.8238276298076923 0.8823932611834385 0.8462858965149793
0 0.8055766834208579 0.9235741472965978 0.7496831442307692 0.9049429639423077 0.7181242026701183 0.9996197702071002 0.774017741860207 1.0182509535613904
0 0.6479049815197822 0.6777823797409644 0.6219385935993393 0.5989878261621521 0.5088719879807692 0.6362484134615384 0.534838375901212 0.7150429670403506
0 0.6064638798076923 0.5602027884615386 0.5785804807692307 0.4841571610576923 0.4671561347538633 0.525012758001442 0.49503953379232474 0.6010583854052882
0 0.574900506594462 0.4401274481891026 0.5463566426483654 0.36305901192548923 0.43089846778467245 0.40582129690946356 0.4594423317307692 0.482889733173077
0 0.53041825 0.3295310504807692 0.5054775358774828 0.2521288343509677 0.3883471976159504 0.289870832290092 0.41328791173846763 0.3672730484198935