0 0.6255572352113339 0.22911870134609158 0.5961082660504144 0.11972630112159906 0.548078125 0.13265624999999998 0.5775270941609194 0.2420486502244925
0 0.7904696901646981 0.1404393350709206 0.6849744679585366 0.11211912022663281 0.6691525730814343 0.171057031713526 0.7746477952875959 0.1993772465578138
0 0.848792949253542 0.3029892737658587 0.7440544541805327 0.269358684438069 0.7260515625 0.3254265625 0.8307900575730093 0.3590571518277898
0 0.8996364219768415 0.46323053219235505 0.7995945353772996 0.4229179435688411 0.7753158215902268 0.48316930460528723 0.8753577081897689 0.5234818932288011
0 0.9679157624381529 0.6234465328762762 0.861690530422105 0.5900445203414134 0.8422324158092052 0.6519253048358451 0.9484576478252531 0.6853273173707077
0 0.9570763192032292 0.7806815355912968 0.8934218749999999 0.7545656250000001 0.8532282333422054 0.8525328741712123 0.9168826775454345 0.878648784762509
0 0.8224976429419542 0.9496864458471824 0.7619927379623647 0.9402052355520141 0.7531125000000001 0.9968750000000002 0.8136174049795895 1.0063562102951686
0 0.6592145153967082 0.6969546335205463 0.6310597619064566 0.6131567256915662 0.5106406250000001 0.6536156250000001 0.5387953784902515 0.7374135328289803
0 0.6161393739308547 0.5622804351148196 0.5836777948460978 0.4848471111318853 0.46015430264864443 0.5366305992290344 0.4926158817334014 0.6140639232119688
0 0.5516817001034241 0.49694243597966936 0.5203765625000001 0.3685375000000001 0.43627690214270115 0.38904100650307805 0.4675820397461251 0.5174459424827474
0 0.5075316230991473 0.36202467866792315 0.4774486604545385 0.23365750152669534 0.39202546067731625 0.25367650471046005 0.42210842332192505 0.38204368185168786