0 0.41232969866639385 0.19624514157707498 0.1919982116908671 0.11561160250132974 0.13711884527685178 0.26556970361997423 0.35745033225237854 0.3462032426957195
0 0.46875 0.17648641666666676 0.3504014505208333 0.17648641666666676 0.3504014505208333 0.4895833333333333 0.46875 0.4895833333333333
0 0.3017304438539817 0.3740146230774741 0.12336961382715955 0.27914757471985935 0.09753235248209108 0.32772456176550346 0.2758931825089132 0.42259161012311813
0 0.7843358483438884 0.01910993346591905 0.7411840492087788 -0.020424734243078262 0.6524494829041619 0.07642839247857251 0.6956012820392715 0.11596306018756981
0 0.49306861067708335 0.25023560416666674 0.46875 0.25023560416666674 0.46875 0.3365012825520833 0.49306861067708335 0.3365012825520833
0 0.7050077150117668 0.16132617745573652 0.6590617628412524 0.11379299199548983 0.5328668716027695 0.2357739697243181 0.5788128237732839 0.2833071551845648
0 0.2895374078282253 0.49591560624364256 0.1752267746489876 0.4762012470335754 0.16440790449154788 0.5389327761085533 0.27871853767078564 0.5586471353186204
0 0.7868456937619546 0.6700200151550918 0.7153888544670882 0.6561945334122218 0.7106358302743513 0.6807604828830373 0.7820926695692175 0.6945859646259072
0 0.7676042399771789 0.6448775209864768 0.7184127312480227 0.6373918856411595 0.717211791413994 0.6452838065808797 0.7664033001431502 0.6527694419261971
0 0.770201297034653 0.6291233767325186 0.7209853916821914 0.6216340312664773 0.7197844519285551 0.6295259542011289 0.7690003572810166 0.6370152996671702
0 0.8107144361979167 0.6130829140625 0.7265814849998599 0.6002801273935986 0.7250802527018517 0.6101454096115752 0.8092132038999086 0.6229481962804766
0 0.817332214427274 0.5999702378571081 0.7298289600614977 0.5827090994942886 0.728161834732687 0.5911603898229006 0.8156650890984634 0.6084215281857203
0 0.8285258466349248 0.5431213812276613 0.7382682236647778 0.5293865807230098 0.7364667907127745 0.5412246162396407 0.8267244136829216 0.5549594167442923
0 0.8319901245115328 0.5255108658446545 0.7442902204860475 0.5070366993437112 0.741534129429021 0.5201203164678934 0.8292340334545062 0.5385944829688367
0 0.8353675130208332 0.5017704921875 0.7491850455671726 0.48865582203276237 0.747683874534458 0.49852070022968525 0.8338663419881186 0.5116353703844229