0 0.17636416265139274 0.049810219491340575 0.0006729214858167646 0.02480302449975791 -0.026329571786287708 0.214512488481544 0.14936166937928827 0.23951968347312666
0 0.43717549904079955 0.0790269442855085 0.1931764631718964 0.01937017395147933 0.10478085456959454 0.38091242897535893 0.3487798904384977 0.4405691993093881
0 0.09044240207180745 0.2837926320429611 2.2204460492503132e-17 0.25998803281250005 -0.01669857930030726 0.3234320592581871 0.07374382277150018 0.34723665848864815
0 0.5298443379120412 0.2835509533202299 0.5287614406250001 0.262552584375 0.519374116356603 0.2630366937841326 0.5204570136436442 0.28403506272936246
0 0.5993391321375775 0.2798370832278227 0.5980183561993336 0.25503777086532275 0.5548052490617562 0.2573392392000001 0.556126025 0.2821385515625
0 0.5294590748589375 0.23957723878860873 0.5285731707007236 0.22239877500792823 0.5178640958417862 0.2229510487193195 0.51875 0.24012951249999998
0 0.5954054699397994 0.23987274976140122 0.593983126301346 0.21316643415900147 0.5601500047276128 0.21496834221535263 0.5615723483660662 0.24167465781775235
0 0.5952714538406834 0.20164797093401227 0.5934990625000001 0.167279690625 0.5747246060554205 0.1682478997913947 0.5764969973961037 0.20261618010040694
0 0.5273024190791111 0.16125467623407097 0.5263155522367042 0.14211838187704168 0.5177631331575931 0.14255943376797076 0.51875 0.16169572812500005
0 0.5930087704575482 0.157772503900435 0.5912361890625 0.1234005765625 0.5724617342299518 0.124368786724565 0.5742343156249999 0.1587407140625
0 0.528113477940521 0.06747439842102546 0.5266368906250001 0.0388420234375 0.5172734126844791 0.03932490314147455 0.51875 0.067957278125
0 0.09713520937500006 0.898802665625 0.07638334663229718 0.8842850881698461 0.05361662499287627 0.9168285262208592 0.07436848773557916 0.9313461036760131
0 0.4275181059488764 0.736914985429239 0.37921347549251905 0.7161626213777371 0.3629674675591511 0.7539779472685527 0.41127209801550857 0.7747303113200547
0 0.35931354004728244 0.708621033897486 0.32624954372114023 0.6939812655146712 0.27794392878221763 0.8030797589544616 0.31100792510835984 0.8177195273372766
0 0.3210879395292959 0.6922437088933353 0.2896775445260952 0.6783341759048801 0.24138618907937381 0.7873853245725206 0.2727965840825745 0.8012948575609758
0 0.2745760600531251 0.6722512967776987 0.24233914286721553 0.6579756184337369 0.19402710146455968 0.7670724501396995 0.22626401865046927 0.7813481284836612
0 0.23511213229000938 0.6564356376227922 0.20370195066300617 0.6425261984600631 0.1558218097672382 0.7506487405890379 0.18723199139424138 0.7645581797517669
0 0.8236917736800333 0.73745369669055 0.7768771371438231 0.7248343542808623 0.7537350546622178 0.8106857516750445 0.8005496911984281 0.8233050940847321
0 0.81743811882054 0.580138640072913 0.649676522774075 0.5140781899380459 0.5562417375342958 0.7513573587309151 0.7240033335807609 0.8174178088657822
0 0.681327661609954 0.5606563274069309 0.596363192175923 0.5559288257295141 0.5909899435859631 0.6524989058130268 0.675954413019994 0.6572264074904439
0 0.908918959375 0.4890625000000002 0.8184063625 0.4890625000000002 0.8184063625 0.5650718140625002 0.908918959375 0.5650718140625002
0 0.7890877312271614 0.4892294768010811 0.7526892510848018 0.482542853323895 0.740155554057145 0.550769743013144 0.7765540341995045 0.55745636649033
0 0.7308576974511025 0.4905515005193367 0.6853519916311215 0.4812410733303019 0.6731601559613483 0.5408299703948382 0.7186658617813293 0.5501403975838729
0 0.6708099520752631 0.511627003838009 0.6698122155736052 0.4936952459513072 0.6171478376065326 0.4966255315689726 0.6181455741081906 0.5145572894556744