0 0.4546608632671957 0.23823042905341266 0.4082736064897716 0.131810558975165 -0.046387256777424 0.21989131221341904 0 0.3263111822916667
0 0.8630856054687501 0.16351194791666673 0.7598044253333494 0.1353463066267737 0.6873882695312501 0.25336600390625 0.7906694496666509 0.2815316451961431
0 1.042430097031892 0.22165018337668252 0.8781408303465122 0.17547820182352705 0.8357107333146203 0.24257814995726126 1 0.28875013151041673
0 0.08616495456707152 0.7950653166277172 0.049347072235116723 0.6629629308868524 -0.03155237259674065 0.672983933321476 0.005265509735214141 0.8050863190623408
0 0.8310716637900669 0.9358737780698503 0.7719907128906252 0.9323342291666666 0.7700596099025445 0.9466601477061655 0.8291405608019863 0.950199696609349
0 0.7332397849875898 0.9113285062534425 0.7148205175781253 0.9105790078124999 0.7118041974342857 0.9435245406215573 0.7302234648437502 0.9442740390625
0 0.7042332571632989 0.9083637122657438 0.6012009347827812 0.9011073760121541 0.5958025757802381 0.935174489260977 0.6988348981607557 0.9424308255145667
0 0.8335067713538742 0.9227772924380447 0.7724307259267051 0.915407909267785 0.7696411273543282 0.9256833146665643 0.8307171727814973 0.9330526978368242
0 0.8672248790105251 0.9220113742432073 0.835911843970673 0.9207372179025307 0.833221093963424 0.9501267908983767 0.8645341290032762 0.9514009472390533
0 0.9027052713818151 0.9181574249677843 0.8732340697968586 0.9169582146638194 0.8703299058369187 0.9486787936022855 0.8998011074218752 0.9498780039062503
0 0.9839345488144394 0.9253123289039977 0.9149386687790676 0.920054810125723 0.9095723467459816 0.9513542480748726 0.9785682267813535 0.9566117668531473
0 0.65061549159675 0.866357141849003 0.6026929902343752 0.8630909869791669 0.5978115201788219 0.894923491997096 0.6457340215411967 0.8981896468669323
0 0.7032017276531184 0.8700012139004519 0.6505040340221035 0.8668440426918415 0.6462257867742446 0.8985818439418999 0.6989234804052594 0.9017390151505104
0 0.8192589327749555 0.8804974636844816 0.7861040688314349 0.8791483607512443 0.783333285001599 0.9094120793327242 0.8164881489451197 0.9107611822659615
0 0.7349296191406252 0.8726791236979166 0.716509883877994 0.871929607323044 0.713626950284244 0.9034182818022112 0.7320466855468752 0.9041677981770837
0 0.7710262187371102 0.8418973113522719 0.7562906171875001 0.8412977057291666 0.7541497838677027 0.8646808285085777 0.7688853854173128 0.865280434131683
0 0.7368745526441842 0.8663708809761537 0.7363283244199612 0.8344265406207456 0.7167137383716944 0.8345756060178542 0.7172599665959174 0.8665199463732622
0 0.7082747886340637 0.8327025089302161 0.6044908512177086 0.8241810946350694 0.598614804771145 0.8559879815381867 0.7023987421875 0.8645093958333335
0 0.83397591869774 0.8409158804174753 0.791610951482871 0.8391920103498469 0.7886079738484881 0.8719918654656671 0.8309729410633573 0.8737157355332955
0 0.7393689114110782 0.820154248498563 0.7196196347656251 0.8177713190104168 0.717387928432672 0.8259917488972706 0.7371372050781251 0.8283746783854168
0 0.7779805245240372 0.8184456771099239 0.7593284680702086 0.8161951363028287 0.7570967612202963 0.8244155648271345 0.775748817674125 0.8266661056342297
0 0.7776704118934783 0.8056739730600461 0.76011580930611 0.8035558543473779 0.7578841063970068 0.8117762849331651 0.7754387089843751 0.8138944036458334
0 0.7093671394079687 0.7937824781789334 0.604239545034843 0.7861608040081486 0.5989021849237495 0.8188805810375483 0.7040297792968752 0.8265022552083332
0 0.7396541024583926 0.7968418382976138 0.7217337890625 0.7946795898437499 0.7189440496892942 0.8049555194147837 0.7368643630851868 0.8071177678686476
0 0.8742877396457438 0.8044832380973909 0.7932419406665125 0.8011854062198994 0.7904311432237139 0.8318861592510349 0.8714769422029451 0.8351839911285263
0 0.8436847065014641 0.7406879521279027 0.7704531270158956 0.7352373802341176 0.7681178467720443 0.7491821971272401 0.8413494262576127 0.7546327690210254
0 0.7437994462883233 0.7152171026528574 0.7253797108218318 0.7144675859327934 0.7224434681529798 0.7465385112684056 0.7408632036194712 0.7472880279884698
0 0.7146365703306373 0.7121992319777135 0.6080343209188198 0.7049337610937796 0.6029634282535654 0.7380015001618303 0.7095656776653829 0.7452669710457642
0 0.8464529548890604 0.7248310354215454 0.7703823081475815 0.7156524436221826 0.766476796017849 0.730038326678936 0.8425474427593279 0.7392169184782987
0 0.8775828193829035 0.725000277913443 0.8437891072938728 0.7248165371083081 0.8433830203091628 0.7580110910327722 0.8771767323981935 0.7581948318379071
0 0.7988681757879759 0.6991729332031701 0.7654598992086469 0.6981006111790667 0.7644796741874189 0.7116734944001203 0.7978879507667479 0.7127458164242236
0 0.8431325536063379 0.7025695147749187 0.8024672910156252 0.7004220794270836 0.8008849498276196 0.7137395301419489 0.8415502124183323 0.715886965489784
0 0.7472723128568302 0.6772849061122398 0.727010748046875 0.6764604440104168 0.7239810914400451 0.709551694148177 0.7442426562500002 0.7103761562500001
0 0.716139535188369 0.6738359855056895 0.6115111704720555 0.6669652451363746 0.6064783236458091 0.7010277902345922 0.7111066883621228 0.7078985306039071
0 0.84423421042152 0.6884822293103628 0.8021758867187503 0.6834075104166667 0.7988282561000963 0.6957384162830039 0.8408865798028662 0.7008131351766999
0 0.7970563494077494 0.6827897955585573 0.7656041250000001 0.6789947955729166 0.7616986002236423 0.6933806766633355 0.7931508246313916 0.6971756766489761
0 0.7931342705972635 0.6610053934656096 0.7655049023437502 0.6598811250000001 0.7645305969620073 0.670522886191388 0.7921599652155206 0.6716471546569974
0 0.8432304202479399 0.6671371255092448 0.800440822265625 0.6619741705729166 0.7982092582799982 0.6701940736662574 0.8409988562623132 0.6753570286025855
0 0.7183229812031122 0.637332851629309 0.6168789869688265 0.6292818522265998 0.6110949376260282 0.6616729761290674 0.712538931860314 0.6697239755317765
0 0.7488899638224705 0.6394239836506335 0.730470228515625 0.6386744674479167 0.7276461416462796 0.6695203991618666 0.7460658769531251 0.6702699153645835
0 0.8470816798151095 0.6462303612345893 0.76723464453125 0.6409881367187501 0.7648511235217222 0.6571235333171931 0.8446981588055817 0.6623657578330324
0 0.7195291711115361 0.5987748601727089 0.6183901668878043 0.5917517064972969 0.6132380674477758 0.6247269658946005 0.7143770716715075 0.6317501195700125
0 0.750533868333081 0.6012711458524124 0.730272771484375 0.6004467018229167 0.7274352976825441 0.6314388098767544 0.7476963945312501 0.63226325390625
0 0.9610088745764502 0.6204329288351181 0.927865073233188 0.6200744132212611 0.9268567925765991 0.6615023361947502 0.9600005939198614 0.6618608518086072
0 0.8846118250377303 0.6096633198805729 0.7679233125432476 0.6069306955811935 0.7663249673207801 0.6372651540892877 0.8830134798152627 0.6399977783886671
0 0.8518357859784657 0.5201598967296799 0.7346583697896693 0.5127852169988243 0.7305985486549536 0.5414550481337278 0.84777596484375 0.5488297278645834
0 0.7203921555917902 0.49109157909093476 0.639146586367079 0.48597884556549736 0.6324204749494636 0.5334826143919335 0.7136660441741748 0.538595347917371
0 1.0060443563862016 0.5192893828313127 0.9176830388320198 0.5132673551630048 0.9115777897466749 0.5530817671031777 0.9999391073008566 0.5591037947714855
0 0.8576396769833907 0.4693674147267304 0.7406567640033503 0.455252363512803 0.7322878589350582 0.4860789968389911 0.8492707719150986 0.5001940480529184
0 0.7178399511718749 0.4596354166666667 0.639594396484375 0.4596354166666667 0.639594396484375 0.47792204036458336 0.7178399511718749 0.47792204036458336