0 0.519954344177341 0.20676205210755266 0.4028599982546899 -0.07848697977931254 0.2116608859375 0 0.3287552318601511 0.2852490318868652
0 0.8186662022232463 0.27779318636662853 0.8067591546875 0.24423094843749998 0.7267865102767538 0.27260325425837145 0.7386935578125 0.3061654921875
0 0.08739447656250006 0.8888885953125 0.06858802424801 0.8718136605432436 0.04122017705466678 0.9019567984320377 0.060026629369156835 0.919031733201294
0 0.443500151537056 0.7608687235567061 0.39381425572937423 0.7362480053170797 0.3759546981716387 0.7722895256069611 0.4256405939793204 0.7969102438465875
0 0.3761928969638179 0.7287363197820309 0.34460490937084864 0.7098434569470342 0.2835640123349919 0.8119009966154366 0.31515199992796117 0.8307938594504332
0 0.337998189059671 0.7101353255291076 0.3079903822793434 0.6921853807432046 0.24713037169305005 0.7939280579550271 0.2771381784733776 0.8118780027409302
0 0.29171969563485034 0.687122694516118 0.26092229835742803 0.6687002884808553 0.1998749311256311 0.7707553630340716 0.23067232840305346 0.7891777690693342
0 0.2520586044342549 0.6691789725862473 0.22205100011634166 0.6512291493741981 0.16186727899901485 0.751841242782232 0.19187488331692806 0.7697910659942812
0 0.7169588765625001 0.9231846812500001 0.6903201785189592 0.912015611338689 0.6859310390625 0.9224838921875002 0.7125697371060408 0.9336529620988113
0 0.7420211312500002 0.9365517796875003 0.720648898252808 0.928309037076177 0.7155663097448258 0.9414874500078414 0.7369385427420181 0.9497301926191646
0 0.7723211593749999 0.9419846421875 0.7551624803831423 0.9344177854539172 0.7518546484374999 0.9419186578125002 0.7690133274293576 0.9494855145460832