0 0.5002092841336033 0.07337085151846304 0.36827788927397187 -0.013415446083938604 0.18999235123411862 0.2576118977100984 0.32192374609375 0.34439819531250004
0 1.0202078798059133 0.016578344481872356 0.8720591488789654 -0.00424259952350485 0.8518512690730521 0.13954395247899792 1 0.16036489648437513
0 1.024310797107793 0.19393879477172687 0.903781990234375 0.17699957421875012 0.8794711931265822 0.34997986929077335 1.0000000000000002 0.3669190898437501
0 1.0026862667729495 0.3736056004042546 0.91031393359375 0.3599009238281251 0.9076276668208005 0.3780069132676207 1 0.39171158984375015
0 1 0.38211520507812513 0.8548092636718749 0.38211520507812513 0.8548092636718749 0.5097656250000001 1 0.5097656250000002
0 0.7857752197171541 0.006672921192191594 0.6100073979300183 -0.06584790799006265 0.5792500981347389 0.008698172770870816 0.7550179199218747 0.08121900195312506
0 0.7416070127957275 0.10920616720929407 0.56661537890625 0.03810227539062505 0.5477190770480225 0.08460739138445603 0.7227107109374998 0.15571128320312505
0 0.7091447494052014 0.1893177295020615 0.53563110546875 0.11798000781250007 0.5158866314541737 0.16600418846668868 0.689400275390625 0.2373419101562501
0 0.6752113866035057 0.2644704009456546 0.5020727914236807 0.19794352643256252 0.48236143216392513 0.24924305126815804 0.6555000273437501 0.3157699257812501
0 0.850213888671875 0.5097656250000001 0.8027983887422965 0.4577968182578128 0.6194307266329214 0.6250985116171877 0.6668462265624999 0.677067318359375
0 0.5582517281014242 0.7477901476802962 0.5452918329715652 0.7336175698740316 0.49916796815139114 0.7757948264906104 0.51212786328125 0.789967404296875