0 0.2203688675907802 0.38378550065214223 0.01089076020805598 0.1152134076127363 -0.13058370522390472 0.22555921058237502 0.07889440215881949 0.494131303621781
0 0.6973841236979167 0.5412309270833334 0.6170369596354167 0.5412309270833334 0.6170369596354167 0.6093750000000001 0.6973841236979167 0.6093750000000001
0 0.948929567352273 0.55534102919827 0.7133550532647126 0.46781833932574374 0.6768367413310369 0.5661103776714946 0.9124112554185974 0.6536330675440208
0 0.33173069484810164 0.9548841928628877 0.3177925287166565 0.9055797159674026 0.2491625864727215 0.9249811090420149 0.26310075260416665 0.9742855859375
0 0.25419894633095874 0.98133703252557 0.2435759921875 0.9249944986979166 0.1954105054016145 0.9340757331164635 0.20603345954507324 0.9904182669441169
0 0.31923215088617357 0.8989237710140304 0.30684405901244277 0.8332192196493904 0.240153334755542 0.845793246898053 0.25254142662927276 0.9114977982626931
0 0.24312347097366768 0.9170972027800685 0.2325479859568245 0.8514113953264282 0.18377103703045716 0.8592645360966348 0.19434652204730032 0.9249503435502752
0 0.3151124705403092 0.7685430614715122 0.30249541927083334 0.70162414453125 0.23580469612635743 0.7141981716014044 0.2484217473958333 0.7811170885416666
0 0.24163765788349578 0.7858333977422575 0.22684049739583334 0.7073515104166668 0.1638548837831709 0.7192269668410761 0.17865204427083328 0.7977088541666668
0 0.30045261160181225 0.6907893991520924 0.2878479770686981 0.6239363409613553 0.22239218496139845 0.6362775316251256 0.23499681949451265 0.7031305898158626
0 0.2272467404444759 0.6959406993297813 0.21499457506215505 0.6309570951505087 0.15200896091976251 0.6428325546748941 0.16426112630208334 0.7078161588541668
0 1.0586278575291592 0.9348836086264857 0.9028784283229475 0.5479094852949863 0.7478116228364948 0.6103208068464699 0.9035610520427065 0.9972949301779691
0 0.8650980299479167 0.6093750000000001 0.3744122252604168 0.6093750000000001 0.3744122252604168 1 0.8650980299479167 1
0 0.43819209444469126 0.7416007810436497 0.4241290918013156 0.6354081433603792 0.304947414023291 0.651191273775063 0.3190104166666667 0.7573839114583333