0 0.26603229724597827 0.11417095866324473 0.22280746359558837 0.07792603641303329 0.21249559811606392 0.11416722347108252 0.2557204317664538 0.150412145721294
0 0.39846965364318143 0.2830633706209043 0.24858484845315948 0.1516240697615196 0.2214498166929327 0.24281291559296875 0.3713346218829547 0.37425221645235346
0 0.4920125779104948 0.370070139786198 0.3633883436570005 0.24579585181873106 0.3357746296016026 0.33002169344541515 0.4643988638550969 0.4542959814128822
0 0.5850433493247651 0.39610340386948556 0.5437986192283722 0.3596735594847939 0.5314096349853631 0.401009313842698 0.5726543650817559 0.4374391582273896
0 0.578061537109375 0.23629694551550715 0.5772468079689165 0.2133854694997727 0.5380175546193565 0.21749648620091439 0.5388322837598151 0.24040796221664884
0 0.43932823505083796 0.1413207511856262 0.4258781492198066 0.09861678941375765 0.3829458605997865 0.13846602048560946 0.39639594643081777 0.18116998225747802
0 0.7176594907226563 0.16066477200335283 0.6962286224723861 0.03475129334265558 0.6587391637710894 0.05355553098247847 0.6801700320213596 0.17946900964317572
0 0.792252196646709 0.2741784287956185 0.744145464596071 0.017151402785242256 0.7043831754649551 0.03908336357708318 0.7524899075155931 0.2961103895874594
0 0.29364484491639337 0.6144160840491547 0.22227597578664626 0.6136540104562747 0.22147740527343757 0.8340502548197822 0.29284627440318467 0.8348123284126623
0 0.09754602392578132 0.7719725607711652 0.07001268453454748 0.7688944063079939 0.06125823344415475 0.9996628477928662 0.08879157283538859 1.0027410022560372
0 0.9066302010893225 0.8064723653835764 0.9064478133765489 0.7355507092141119 0.7789260600162223 0.7365171605730585 0.7791084477289959 0.8074388167425229