0 0.1753838920894223 0.1315526702910298 0.14749793653432675 0.10595580248484206 0.13613533057774885 0.13892050070742304 0.1640212861328444 0.16451736851361076
0 0.29043547970568906 0.296411172691299 0.19193408123272837 0.1866368115304656 0.15849257896053429 0.266546550088517 0.25699397743349495 0.37632091124935046
0 0.36876334415900486 0.3732829992040713 0.2786668475390564 0.27730927443106806 0.24917286310070383 0.3510421978309045 0.3392693597206523 0.4470159226039078
0 0.419921875 0.3682347027888447 0.40077629931640624 0.3682347027888447 0.40077629931640624 0.41781960557768927 0.419921875 0.41781960557768927
0 0.41326624511718757 0.2150322764940239 0.40974208483902524 0.19036716315847257 0.38218962693161906 0.20085063992389077 0.3857137872097814 0.22551575325944206
0 0.3021126634918672 0.13323012305728818 0.2780910901120947 0.10326359376236455 0.2609205676539223 0.13991755923614568 0.2849421410336948 0.16988408853106932
0 0.7123706062280063 0.28940622192262144 0.7111713006798364 0.23395863761461821 0.6068077031399246 0.23996994183306117 0.6080070086880945 0.2954175261410644
0 0.5878223133809606 0.3575881486283789 0.4951329996422257 0.3278554306913331 0.4868637818863673 0.3965040706025098 0.5795530956251023 0.42623678853955566
0 0.19941565904474692 0.8883601967686529 0.19548182374008083 0.850879275299525 0.18291436914062498 0.8543918509960159 0.18684820444529107 0.8918727724651437
0 0.23843612424575567 0.8140504885401525 0.23760830765149726 0.7979486466277729 0.19661245898437496 0.8035613346613547 0.19744027557863342 0.8196631765737342
0 0.23533158119621483 0.7866004519286117 0.23424545888818918 0.7692892551535288 0.19329809107088058 0.7761307354958333 0.1943842133789062 0.7934419322709163
0 0.22717737207031252 0.7617817617529883 0.22608855143304812 0.7432018880618982 0.18882914371820436 0.7490165167471572 0.18991796435546876 0.7675963904382472
0 0.32228561279296875 0.768195949003984 0.32107458755196927 0.7407933498917115 0.28602106698357266 0.7449187448482837 0.28723209222457213 0.7723213439605562
0 0.31726727978515623 0.7380036382470121 0.31673060972400896 0.7232216847821518 0.2838001455078126 0.7264054852589642 0.28433681556895984 0.7411874387238244
0 0.3192090732421876 0.7057048486055778 0.3172693663757753 0.6665813947716053 0.2886661552808371 0.6703578658225698 0.2906058621472494 0.7094813196565424
0 0.9409263720203829 0.6041656329819507 0.9132686170108884 0.5224131026359046 0.8607580712890626 0.5697211155378488 0.8884158262985571 0.6514736458838949
0 1.0390255378308684 0.719242077545715 0.9935195771484375 0.5857335848605577 0.9531534297148525 0.622373052053699 0.9986593903972834 0.7558815447388563
0 0.9874367788085937 0.7393654414342632 0.9494356234866355 0.625431113601754 0.8949986052301564 0.6737825062999968 0.9329997605521148 0.787716834132506