0 0.024042662109375026 0.18705294140625 2.290737859642615e-17 0.18705294140625 2.6154881191942456e-17 0.24008868359375 0.02404266210937503 0.24008868359375
0 0.3116165220109998 0.20862914632883703 0.20945141246404875 0.14284431542796439 0.09913806999838422 0.3141630611503227 0.20130317954533528 0.3799478920511954
0 0.4708917207031251 0.3107470136718751 0.38379222326317114 0.25557894826978583 0.2761355223996788 0.4255476515931858 0.3632350198396328 0.4807157169952751
0 0.11079973046875002 0.4123099804687499 0.06309687109375009 0.3836574160156249 0.034859395549188515 0.43066920538655185 0.08256225492418845 0.4593217698396769
0 0.568362236328125 6.576765756676777e-17 0.50177603125 6.169042842095302e-17 0.50177603125 0.03348407421875006 0.568362236328125 0.03348407421875007
0 0.55512848828125 0.04352351562500007 0.49752665454189315 0.032719050337696905 0.4879227617187501 0.08392027343750008 0.5455245954581069 0.09472473872480325
0 0.6520760878906249 8.326672684688674e-17 0.5992903718819841 -0.009772263512091525 0.5891409363351091 0.04505077945665848 0.6419266523437499 0.05482304296875009
0 0.6378405234375 0.061310324218750094 0.5834627678647443 0.05186884770442903 0.5744098378906252 0.10400878710937511 0.6287875934633809 0.11345026362369617
0 0.7847414941406251 0.019957357421875127 0.6600643030639024 -0.009065245485985057 0.5665386691898783 0.39270827434966393 0.691215860266601 0.4217308772575241
0 0.8804766524646568 0.04769084562781631 0.8135321537084343 0.033038783036500124 0.7274542395250277 0.4263242186586839 0.7943987382812502 0.4409762812500001
0 0.68718890234375 0.43173874804687506 0.5590660956328607 0.4130843754447608 0.5538050175781251 0.44921875000000006 0.6819278242890143 0.46787312260211433
0 0.77107229296875 0.4358935039062501 0.719089439453125 0.4358935039062501 0.719089439453125 0.4492187500000001 0.77107229296875 0.4492187500000001
0 0.44845029687500004 0.7575966718750002 0.40400020703125006 0.7407005273437502 0.3970280200719751 0.7590428382877645 0.44147810991572506 0.7759389828190144
0 0.43738721875 0.8285771328125002 0.3464541764923166 0.8021103063951421 0.34178245755796227 0.8181611017785678 0.43271549981564567 0.8446279281959259