0 0.6903545673076923 0.5840028461538463 0.6494984350961539 0.5840028461538463 0.6494984350961539 0.6153753798076924 0.6903545673076923 0.6153753798076924
0 0.5118782427884617 0.5791766826923077 0.47747330528846166 0.5791766826923077 0.47747330528846166 0.6153753798076923 0.5118782427884617 0.6153753798076923
0 0.47317272836538476 0.5791766826923077 0.4495192307692309 0.5791766826923077 0.4495192307692309 0.6153753798076923 0.47317272836538476 0.6153753798076923
0 0.6408971730769231 0.5622838750000001 0.6172441153846153 0.5622838750000001 0.6172441153846153 0.6033087355769232 0.6408971730769231 0.6033087355769232
0 0.5742372548076925 0.5622838750000001 0.5247804110576925 0.562283875 0.5247804110576925 0.6033087355769232 0.5742372548076925 0.6033087355769232
0 0.6753022211538462 0.5502178485576924 0.6516491634615384 0.5502178485576924 0.6516491634615384 0.5791766826923078 0.6753022211538462 0.5791766826923078
0 0.625844826923077 0.5284988774038463 0.5785381610576923 0.5284988774038463 0.5785381610576924 0.6033087355769232 0.625844826923077 0.6033087355769232
0 0.5742372548076923 0.5284988774038463 0.5247804110576924 0.5284988774038462 0.5247804110576924 0.5574577115384616 0.5742372548076923 0.5574577115384617
0 0.5118782427884616 0.5067792884615385 0.47747330528846155 0.5067792884615385 0.4774733052884616 0.5646969567307693 0.5118782427884617 0.5646969567307693
0 0.4731727283653847 0.5043662067307693 0.4495192307692308 0.5043662067307693 0.44951923076923084 0.5646969567307693 0.47317272836538476 0.5646969567307693
0 0.5355318509615384 0.4223164855769231 0.5118782427884615 0.4223164855769231 0.5118782427884615 0.49712696153846153 0.5355318509615384 0.49712696153846153
0 0.5763879831730769 0.4126635408653847 0.5398322067307693 0.41266354086538465 0.5398322067307693 0.49954004326923085 0.5763879831730769 0.4995400432692309
0 0.49897651442307694 0.40542367788461536 0.462421125 0.40542367788461536 0.462421125 0.48747339903846154 0.49897651442307694 0.48747339903846154
0 0.46027078125 0.40542367788461536 0.4495192307692308 0.40542367788461536 0.4495192307692308 0.4898870985576923 0.46027078125 0.4898870985576923
0 0.4900649038461538 0.6769230769230771 0.4495192307692308 0.6323235961538463 0.4319066629696683 0.648335294131704 0.47245233604659137 0.6929347749009349