0 0.26368789531250003 0.3354900187500001 0.25240703467957326 0.22815980266047725 0.1073883484375 0.24340188125 0.11866920907042681 0.3507320973395228
0 1.0248633288485753 0.5588608407627298 0.9859429542674342 0.15538081224620043 0.7482054801063589 0.1783133761709706 0.7871258546875 0.5817934046875
0 0.7676200728633211 0.5859207341683148 0.7385919195058838 0.1796805280448066 0.4515310057645423 0.20019264895603994 0.48055915912197966 0.6064328550795481
0 0.9838511407076862 0.13369537582046337 0.9709155012366157 -0.00040591249862211856 0.962500010469598 0.00040586012413776904 0.9754356499406684 0.13450714844322326
0 0.9687514974423161 0.13372468696144066 0.9554337863045828 -0.014097563310594929 0.7973977025308384 0.00014034004403645772 0.810715413668572 0.14796259031607203
0 0.7937946922873651 0.14993481182844662 0.7817739592465385 -0.005135783030842889 0.4474128993124136 0.02078315436901036 0.4594336323532402 0.17585374922829985
0 0.24392091718750009 0.6233612453124999 7.664334072371526e-17 0.6233612453124999 9.970581299185986e-17 1 0.24392091718750009 1
0 0.67446780625 0.9848833031249999 0.6131055986474967 0.9552626220529415 0.5985344287164682 0.9854482599909755 0.6598966363189714 1.0150689410630338
0 0.6374403859375002 0.7826187125 0.6231622254412335 0.7736868572549467 0.6056470915204477 0.8016859555803574 0.6199252520167144 0.8106178108254106
0 0.6065040171874999 0.76856221875 0.5922253802258044 0.7596309390376522 0.5747118703125 0.7876301796875 0.5889905072741957 0.7965614593998478
0 0.6685633281250001 0.7980367765625 0.6542858385380464 0.7891062136775728 0.6367728593749999 0.817104603125 0.6510503489619536 0.8260351660099273