0 0.17534183245970336 0.1695150713764275 0.10263560474261217 -0.020220225518112835 -0.04241644319161857 0.03536346080988993 0.03028978452547262 0.22509875770443027
0 0.4842603011370898 0.07328153578113826 0.4581435048076922 0.06914503605769234 0.4506226075340281 0.1166300488566244 0.47673940386342567 0.12076654858007031
0 0.5094363199839964 0.0525084700065921 0.4723992654099073 0.005928801882604661 0.4421167161405745 0.030007471291441393 0.4791537707146637 0.07658713941542884
0 0.14496781009615398 0.9760156634615385 0.0941793028846155 0.9760156634615385 0.09417930288461553 1 0.14496781009615398 1
0 0.12384092783277764 0.9243121806860187 0.08718804919269708 0.8935957819390965 0.03846533578241576 0.9517350096642023 0.0751182144224963 0.9824514084111245
0 0.0703803396822596 0.8765878567587462 0.02321883788117514 0.8380457782056621 -0.03974073949815588 0.9150854276859373 0.007420762302928575 0.9536275062390215
0 0.49186171394230777 0.8484631995192308 0.47110490414788597 0.8265376193767527 0.43754226070682595 0.8583111643218371 0.45829907050124774 0.8802367444643152
0 0.9160623402909037 0.7394419273364489 0.8653417301175741 0.7031762971661202 0.8365789966024545 0.7434034595589394 0.8872996067757841 0.7796690897292682
0 0.843728694968131 0.6890440261824842 0.8087482809676005 0.6640341270646092 0.7255906131908012 0.7803436584402068 0.7605710271913317 0.8053535575580818
0 0.8035022675221508 0.6602824415531143 0.770271033018981 0.6365218614909669 0.6871101216967397 0.7528296173798589 0.7203413561999095 0.7765901974420063
0 0.7545307440018667 0.6252678027020758 0.7204251030287941 0.6008818392169468 0.6372638983242152 0.7171891646286398 0.6713695392972878 0.7415751281137688
0 0.7128042039757175 0.5967544647063525 0.6795731937974947 0.5729940450382122 0.5970376693447288 0.6884271430837189 0.6302686795229515 0.7121875627518593