0 0.3229425422945824 0.2690427325372217 0.301430865234375 0.1658531328125 0.2556690377835426 0.17539298621277827 0.27718071484375 0.2785825859375
0 0.6413838301191587 0.27493541395369986 0.6213718132706112 0.13480178476152527 0.42508049558474875 0.16283349406212494 0.4450925124332963 0.3029671232542996
0 0.8111543261718749 0.357736455078125 0.8068986749842387 0.30909413530063135 0.6356777109374998 0.32407402734375 0.639933362125136 0.3727163471212437
0 0.3886718750000001 0.92833840625 0.3445468750000001 0.92833840625 0.3445468750000001 0.9909570917968751 0.3886718750000001 0.9909570917968751
0 0.3484880045702473 0.916169353887195 0.34133853124999997 0.8344505058593751 0.1876286776945973 0.8478983764984639 0.1947781510148446 0.9296172245262838
0 0.17928572338785134 0.9094065699160366 0.16873168548874096 0.7887733684761499 0.08506726953125002 0.7960930566406251 0.0956213074303604 0.9167262580805119
0 0.09384545579468269 0.9188420839216843 0.08312120349905175 0.7962633160461976 0.0014023554335382965 0.8034127886600283 0.012126607729169236 0.925991556535515
0 0.3474190196379301 0.8143124270006094 0.34299316389966333 0.7637246622012683 0.18150053905805916 0.7778534354961161 0.1859263947963259 0.8284412002954571
0 0.14368113391279785 0.7713594022474864 0.1426597558008571 0.7596849973780124 0.06288647540368425 0.766664255286776 0.063907853515625 0.77833866015625
0 0.05807065238543997 0.7788493494348514 0.054325656819460555 0.7360438591543024 0.007629029296875006 0.74012928515625 0.011374024862854423 0.782934775436799
0 0.6617987404635127 0.8695552953737495 0.6569426563999334 0.7377823873898881 0.50009607421875 0.7435624843749999 0.5049521582823293 0.8753353923588614
0 0.827904154296875 0.927584609375 0.7809199191749286 0.7082062755710617 0.6491019108754623 0.7364377248115502 0.6960861459974086 0.9558160586154885