0 0.2204973437172273 0.2749694673418858 0.19677498158750048 0.22969868124287499 0.13294445033026184 0.2529263627477704 0.15666681245998865 0.2981971488467812
0 0.07041716592030153 0.37286814429472964 0.04303264787808234 0.31869980964889494 -0.022050962456138266 0.34154889196258553 0.005333555586080929 0.3957172266084202
0 0.8698595670386862 0.5234210175153758 0.868438817969589 0.5171042427501795 0.7824269931184029 0.5305386236723036 0.7838477421875001 0.5368553984375
0 1.014022792127033 0.47906416334168833 1 0.37014327473958336 0.7805207437696391 0.3897657733982535 0.7945435358966723 0.4986866620003585
0 1.0141892053930746 0.33434486133276176 0.9929018999999999 0.22740425 0.801335084924693 0.25388533742102054 0.8226223903177677 0.3608259487537822
0 0.9864851082824782 0.19516834880469047 0.9647105406249998 0.08577989713541671 0.8306137707848344 0.10431665982085452 0.8523883384423128 0.21370511149012827
0 0.7918278369316251 0.05212722066625056 0.7260983969621654 0.043227632093022855 0.6276639731746089 0.5480917596151119 0.6933934131440685 0.5569913481883396
0 0.2170590883317945 0.5623018387231329 0.20627883012868184 0.5387224440416801 0.1479348141680597 0.5572462549190447 0.15871507237117236 0.5808256496004974
0 0.28591412812500006 0.5494791666666667 0.2497036588862546 0.5459712343847566 0.24780718232375465 0.5595658815201733 0.2840176515625001 0.5630738138020833
0 0.34091295097417446 0.5854828248246404 0.3058720828125 0.5793817265625 0.29210550215082554 0.6342890697066097 0.3271463703125 0.6403901679687501
0 0.3970092766447026 0.6621918032716727 0.35993 0.6530008111979166 0.3415480155427975 0.7044998074054107 0.3786272921875001 0.7136907994791667
0 0.3796875000000002 0.9229954713541666 0.3639801046875002 0.9229954713541666 0.3639801046875002 0.9765635859374999 0.3796875000000002 0.9765635859374999
0 0.28193171258668803 0.8113926858531818 0.2564163325282391 0.7718030972277127 0.18824521875000005 0.8023142734374998 0.213760598808449 0.841903862062969
0 0.24213286250000002 0.7525692447916666 0.21570063125 0.7146263502604165 0.14898654240146825 0.7469007693040922 0.17541877365146824 0.7848436638353423
0 0.20837529578382888 0.6914853845001598 0.1814048373470679 0.6530590073546032 0.1123238040632391 0.68672994577111 0.13929426250000007 0.7251563229166668
0 0.16741792812500003 0.6366730911458333 0.14271626221369066 0.5977297531918494 0.07199818948085586 0.6288799643118682 0.09669985539216523 0.6678233022658521
0 0.4309116703125001 0.7488082929687501 0.37968750000000007 0.7488082929687501 0.37968750000000007 0.82290740625 0.4309116703125001 0.82290740625
0 0.8416376538937614 0.9140032467852914 0.7925847043195923 0.6738244770795134 0.668194487823718 0.6914667380710946 0.7172474373978872 0.9316455077768726