0 1 1.1359529956307457e-16 0.852333634375 1.045533424628556e-16 0.852333634375 0.3890625000000001 1 0.3890625000000001
0 0.8348093499999999 1.0408340855860843e-16 0.7608053534265988 -0.0011013523146591667 0.7569423213155868 0.25847027730934885 0.8309463178889878 0.2595716296240081
0 0.8165811078124999 0.2958303796875001 0.759375 0.2958303796875001 0.759375 0.3890625000000001 0.8165811078124999 0.3890625000000001
0 0.5048856560664805 0.8071382330159768 0.35746088593750003 0.63068139375 0.26095519091813524 0.7113092116546506 0.4083799610471157 0.8877660509206272
0 0.3314103028323286 0.9477665746225288 0.18940282031249994 0.7722193328125 0.10988840678575915 0.8365418568951768 0.25189588930558776 1.0120890987052056
0 0.9630468716747046 0.8485175681568231 0.9159587515625004 0.8452933343750002 0.9053931836641645 0.9995975083016239 0.9524813037763687 1.0028217420834467
0 0.9216680215257418 0.7245605045533011 0.8415709657405633 0.7198186902734871 0.8256553642712392 0.9886594215880736 0.9057524200564175 0.9934012358678874
0 1.0012715135882766 0.6673409527319023 0.9256882640328208 0.6636857347416016 0.9161722816945442 0.8604589148221994 0.9917555312500002 0.8641141328125
0 1 0.4985510906250002 0.92792138125 0.4985510906250002 0.92792138125 0.6839501640625002 1 0.6839501640625002
0 0.9364137761686958 0.4946067823744216 0.8552255827731005 0.48912544545405306 0.8395649316044047 0.7210870990171314 0.9207531250000001 0.7265684359375
0 0.9440182882375098 0.4413121438953212 0.9241775038204955 0.4403526399630332 0.9216968155829857 0.49164873044271207 0.9415376 0.4926082343750001