0 0.3174045175807874 0.4520758154231297 0.2574489453125 0.32026351757812505 0.08325755894376474 0.3994954589423858 0.14321313121205212 0.5313077567873905
0 0.18332665175492735 0.1966776862070061 0.16308563476562493 0.14243191015625 0.11756359583773443 0.15941779238355894 0.13780461282703682 0.21366356843431503
0 0.09877969844900822 0.06961600570977461 0.07528944531249998 0.01997295312500001 0.024917191713552323 0.04380825185235045 0.048407444850060564 0.09345130443712504
0 0.8380054589843751 0.6582357578125 0.76425996875 0.6582357578125 0.76425996875 0.69921875 0.8380054589843751 0.69921875
0 0.5987662335631205 0.667708563625969 0.5960963271033627 0.6459506188198432 0.5909049275246171 0.6465876528501241 0.5935748339843749 0.66834559765625
0 0.8661831403345646 0.5621278926403237 0.782926154430316 0.5457574073284414 0.7647405719750355 0.6382456111473507 0.847997557879284 0.6546160964592331
0 0.8820064926264366 0.4513324247627928 0.7915761929761926 0.4381905638182389 0.7786449102331788 0.5271718563647385 0.8690752098834229 0.5403137173092923
0 0.9024257042297127 0.4011492903230517 0.698282043952344 0.2572220885016446 0.6550283703387503 0.3185722929117766 0.859172030616119 0.46249949473318364
0 0.6890447898426354 0.2594560817480517 0.5587583609739258 0.18633018972523713 0.5313399496066622 0.23518083350513805 0.6616263784753718 0.3083067255279526
0 0.275998875 1 0.26579721334219525 0.9368865515664407 0.21365114453125 0.9453154453125001 0.22385280618905473 1.0084288937460595
0 0.32717979101562494 0.9910531347656251 0.30915827384314987 0.8917288826969791 0.25820398046875 0.90097409375 0.27622549764122506 1.000298345818646
0 0.8122054323138819 0.7669116483671304 0.7887805052892946 0.7342860200377698 0.7186245495379128 0.7846574068268894 0.7420494765625001 0.8172830351562501