0 0.2895183004257435 0.19248681060684017 0.16567446068553054 0.18006155762516796 0.16300998787298282 0.2639950721308236 0.28685382761319583 0.2764203251124958
0 0.2611646670335561 0.36063636540773775 0.22969403170954727 0.35581038046703783 0.22816232031250003 0.38737869814814824 0.25963295563650884 0.39220468308884815
0 0.23107733304671924 0.44164175078676526 0.195434553439158 0.4375823717937372 0.19435372280612234 0.4675756928752242 0.22999650241368358 0.47163507186825226
0 0.9892636336716932 0.23123567145652774 0.9803504971876648 0.0013858365913242579 0.847664654418163 0.017647534703485037 0.8565777909021914 0.24749736956868848
0 0.9749300802083333 2.060067900825882e-16 0.9148202776041666 1.9946338765089294e-16 0.9148202776041666 0.03429252592592613 0.9749300802083333 0.03429252592592613
0 0.07925162440864295 0.6817944921922863 0.07545060340282941 0.597110016403383 -0.0038010210058135392 0.6083524306925783 0 0.6930369064814815
0 0.9852463265625 0.801240931481482 0.9757937526021044 0.7803981388329387 0.9614329557819749 0.8009820386878732 0.9708855297423703 0.8218248313364165
0 0.9730298385416668 0.7768764759259261 0.9641481380026682 0.7572843048029037 0.9495508164267117 0.7781985253145871 0.9584325169657103 0.7977906964376095
0 0.964441575 0.8115633231481483 0.9604496663660171 0.8030464997310579 0.9469460969331398 0.8230500221840761 0.9509380055671227 0.8315668456011664
0 0.9589223489583332 0.7990808722222223 0.9548212694936369 0.7899964810864972 0.940587471282115 0.8103049934058314 0.9446885507468112 0.8193893845415565
0 0.9425345369791667 0.7646628157407407 0.9385849813250637 0.7562632727408533 0.9245814525346546 0.7770738925566391 0.9285310081887573 0.7854734355565266
0 0.9361943421874999 0.7520321287037042 0.9289699192763351 0.736169594613504 0.9146827592689261 0.7567347240753641 0.9219071821800909 0.7725972581655642
0 0.9625401994791666 0.755314330555556 0.9531451983702904 0.7351558005635873 0.9393079954547313 0.7555375394127765 0.9487029965636076 0.7756960694047451
0 0.9505337822916667 0.7302761916666665 0.9404302985496183 0.7107222014831576 0.9272626770833337 0.7322251509259258 0.9373661608253819 0.7517791411094348
0 0.9994804411458333 0.7798214333333333 0.9894598555446815 0.7598786536444831 0.9762193763195689 0.780905108809045 0.9862399619207207 0.8008478884978951
0 0.9881052927083334 0.7547453166666667 0.977569129369001 0.7345405494274655 0.9643082447916667 0.7563958148148151 0.974844408130999 0.7766005820540163
0 0.9774681406249999 0.7332582833333338 0.9669729714239418 0.7125778170748531 0.9536976801545245 0.7338703890294099 0.9641928493555826 0.7545508552878906
0 0.9651250276041665 0.7081089296296298 0.9557602802212496 0.688432425842706 0.9412418910584298 0.7102708608699714 0.9506066384413467 0.7299473646568951
0 1 0.743592251851852 0.9901480130208334 0.743592251851852 0.9901480130208334 0.7784564416666668 1 0.7784564416666668
0 1.0021256243227403 0.7334531426819367 0.9917605230962053 0.713392150489522 0.9787517899956616 0.7346349176427645 0.9891168912221967 0.7546959098351792
0 0.991513071875 0.7116524583333332 0.9813247237311901 0.6912098804994733 0.9676310692708334 0.7127794972222219 0.9778194174146435 0.7332220750560818
0 0.9798006468750001 0.6864643203703705 0.9703804235417967 0.6662809833685558 0.9554592476225604 0.688291296672728 0.9648794709557637 0.7084746336745428
0 0.9940134619791666 0.6639234861111112 0.9847741025597334 0.6448406363100467 0.9704110928683709 0.6668191859387064 0.9796504522878042 0.6859020357397709
0 1.005874364013598 0.6902959079851912 0.9962616148755896 0.669880320473638 0.982481782296995 0.6903864933259689 0.9920945314350036 0.710802080837522