0 0.2470876136357732 0.409974196928216 0.247040673767273 0.15028378330819345 0.0430894260429248 0.15032064814511673 0.04313636591142501 0.41001106176513924
0 0.8671506806759643 0.3598026001832969 0.8259173624648776 0.3386650420837577 0.7931979036639134 0.4024913294004609 0.834431221875 0.42362888750000005
0 0.8201673049930414 0.31982297317360314 0.785996488300228 0.3006072198538334 0.7537928958071868 0.3578739341802304 0.7879637125000001 0.37708968750000016
0 0.7809119446823733 0.28090134549125934 0.7503464462249098 0.262813765446812 0.7177193921675363 0.31794895589305266 0.7482848906249999 0.33603653593750005
0 0.7439985769180815 0.24243645789370402 0.7118898796875 0.2222192359375001 0.6776167730819184 0.27665128429379615 0.7097254703125 0.29686850625000005
0 0.7043642532156658 0.20111312611411197 0.6744123000129341 0.1831601750718364 0.6396733749222683 0.2411171458327245 0.669625328125 0.2590700968750001
0 0.6620199085471263 0.26904855313238857 0.6329868490571806 0.24859554729912756 0.5956221670725543 0.3016347457292391 0.6246552265625 0.32208775156250014
0 0.7011798024448131 0.31093326398111715 0.6719240375 0.2887089453125 0.6348345741176867 0.3375329672688828 0.6640903390624999 0.35975728593749995
0 0.7377004478730678 0.3447002960402431 0.7082400994426916 0.32524978843247876 0.6725243812571237 0.3793459345797358 0.7019847296874999 0.39879644218750016
0 0.7779730631066489 0.3850456982793009 0.7499851143206995 0.36470463793570385 0.7111208074640506 0.41817934434390314 0.73910875625 0.43852040468750014
0 0.8257294977835642 0.4307751583216186 0.7853049127914518 0.4022692038467426 0.7447303603203878 0.4598083908376241 0.7851549453125001 0.4883143453125001
0 0.670912668794602 0.5198529181320983 0.6413182671875 0.49880897031250016 0.5561997383916574 0.6185123618521744 0.5857941399987594 0.6395563096717726
0 0.6397432449173961 0.47390194749475584 0.5802262640624999 0.43358788125 0.4668907131859066 0.6009088796020026 0.5264076940408028 0.6412229458467584
0 0.2822870647446406 0.761935197985096 0.27571742075638406 0.7232170236363504 0.13894089170643859 0.7464250678409627 0.1455105356946951 0.7851432421897082
0 0.10957358369120695 0.7531753428092252 0.10897524092513247 0.6979981273119218 0.011752365404353707 0.6990524140087135 0.012350708170428193 0.7542296295060169
0 0.050213049720113936 0.6531667231272733 0.03424653798221269 0.6497798503518777 0.025227845312290765 0.6922960804922352 0.04119435705019201 0.695682953267631
0 0.98137030625 0.9075266453124999 0.9494035263474021 0.9041909945817705 0.9466887022371855 0.9302081623883603 0.9786554821397834 0.9335438131190898
0 1.035112709590747 0.683977149768987 0.9854561478076572 0.6720394674702908 0.9377225895749458 0.8705942894367127 0.9873791513580354 0.8825319717354091