0 0.483160096509654 0.6151288081852151 0.38540360204505547 0.4206189944723507 0.1494627247041392 0.5391978601320443 0.24721921916873776 0.7337076738449088
0 0.26781384501196337 0.08622908131397951 0.24556757669594548 -0.0013446073662587543 0.16818367031249998 0.01831315937500001 0.19042993862851784 0.10588684805523826
0 0.5914174732390081 0.22205894824932138 0.5424339081251752 0.10171158713417358 0.4629874375703459 0.1340477457954611 0.5119710026841787 0.2543951069106089
0 0.8487987338362432 0.5174833470390362 0.7697652546875001 0.5078131687500002 0.7464337951075097 0.6984990453812079 0.8254672742562527 0.7081692236702439
0 0.7495192871195047 0.5384411540260168 0.6536701747601685 0.5267134920512992 0.6349482860781641 0.6797257817752825 0.7307973984375001 0.6914534437500002
0 0.6489554372725179 0.546708087098376 0.6383027873330338 0.54535127343008 0.623661620373016 0.6603023753942041 0.6343142703125 0.6616591890625001
0 0.6398911038775085 0.5004124842633869 0.559375 0.4902327953124999 0.5395449773724916 0.647078075111613 0.62006108125 0.6572577640625
0 0.8923444389486779 0.29401990996412325 0.8479013564172078 0.28072381332975266 0.8002702143435299 0.43993405649062944 0.844713296875 0.4532301531250001
0 0.8350964395991749 0.259192222331906 0.8074394387903212 0.2510322955091409 0.7623724382536462 0.40378097786473505 0.7900294390625 0.4119409046875001
0 0.7932093382465878 0.2273644993271914 0.7645946911017056 0.21883133231815113 0.7193549262926177 0.37053584080345975 0.7479695734374998 0.3790690078125
0 0.750717502192161 0.19479123632233825 0.7204691309308013 0.18630647490635616 0.6768797021761402 0.3417037995215179 0.7071280734375 0.35018856093750006
0 0.17406675536286814 0.9440443408572463 0.0013699466477675836 0.9260409251711709 -0.003431546415816178 0.9720989923517195 0.16926526229928437 0.9901024080377947
0 0.34004908573683623 0.8730060837620123 9.992007221626409e-17 0.837556428125 -0.008248677638983903 0.9166814644411723 0.3318004080978522 0.9521311200781846
0 0.5060315243458463 0.8019675413694903 0.011937953752926611 0.7504589514969703 0.0035661365743178018 0.830765188813259 0.49765970716723745 0.8822737786857789
0 0.5649912274176734 0.7269350247646132 0.040876704926095464 0.6722967921150368 0.03336670036382722 0.7443361364383987 0.5574812228554051 0.7989743690879753
0 0.8265617609375001 0.9111083234375 0.7832046703125002 0.8721190578125002 0.7726919028153847 0.883809532249129 0.8160489934403845 0.9227987978741288
0 0.8241510640625 0.8885685968750001 0.8054262828125001 0.8713449187500002 0.7963343841357259 0.8812292078451763 0.8150591653857256 0.8984528859701764