0 0.15152691406250002 0.21948384375 0.08769474798971726 0.11614984730307895 -0.024421911215240386 0.1854072984418487 0.03941025485754236 0.28874129488876976
0 0.7675224341283257 0.31948680246327144 0.7409375943530634 0.3191948248516859 0.7408531269511014 0.3268856622936277 0.7674379667263637 0.32717763990521326
0 0.74521075390625 0.3166780527343751 0.7185615010348629 0.3163853642384449 0.7184488789062501 0.3266395957031251 0.7450981317776372 0.32693228419905535
0 0.7884228204728471 0.3004872654594938 0.7597369561116704 0.30017221464501 0.759610255836428 0.31170847083936165 0.7882961201976048 0.31202352165384545
0 0.7798556631049443 0.2889755412869351 0.7691131443523394 0.276709849963741 0.7340010906810928 0.30746163435705753 0.7447436094336978 0.31972732568025164
0 0.9076551552011927 0.2858522922164716 0.9038273084067538 0.2813444476989652 0.8487999574324612 0.32807105244662044 0.8526278042269 0.33257889696412685
0 1.0052036197500696 0.20326805689104277 0.9803841374282334 0.17403973425290964 0.7997947573891158 0.32738876426342983 0.8246142397109519 0.35661708690156296
0 0.9328152187316492 0.1821475842618377 0.9187381689197449 0.16557041898077535 0.8235548950149039 0.24639845352714446 0.8376319448268083 0.2629756188082068
0 0.9980303378906251 0.16305870703125014 0.9878509870406417 0.16277631840417928 0.9874954655562667 0.17559191215417927 0.9976748164062501 0.17587430078125013
0 1.0087583430878522 0.11890473670772028 0.9962401055853269 0.10400081771313796 0.9150078864984418 0.17223013456305086 0.927526124000967 0.18713405355763318
0 0.4177047910156251 0.43534704687500003 0.20094093436954277 0.43156342027050715 0.19913433789062507 0.535063279296875 0.4158981945367074 0.538846905901368
0 0.1364976258759209 0.43043855703394046 5.2909066017292616e-17 0.4280559824218749 -0.0018406832748514134 0.5335086703395595 0.13465694260106942 0.535891244951625
0 0.8220352625356444 0.9014705672009821 0.7528329156354652 0.7961285085876747 0.5532051608143681 0.9272699474572617 0.6224075077145473 1.032612006070569
0 0.8202276811095396 0.959471645053854 0.7963856545699557 0.9245896400563091 0.6876789511718749 0.998891220703125 0.7115209777114588 1.03377322570067