0 0.21279756695944427 0.11367573547163319 0.1828690685328131 0.09705622571237452 0.17445636260278377 0.1449365820358609 0.20438486102941492 0.16155609179511957
0 0.24842812027428526 0.40722939253319285 0.22573054687500005 0.2580886638888889 0.15819724038349472 0.29057166363723985 0.1808948137827799 0.4397123922815438
0 0.2859006834937914 0.5649965795273896 0.2802727436462306 0.5147544405997583 0.24387952952203718 0.5276386177059881 0.24950746936959797 0.5778807566336194
0 0.861399925971735 0.5978649548741248 0.8590691112992273 0.5873878326824723 0.7757518999999998 0.6459686472222222 0.7780827146725076 0.6564457694138748
0 0.8751295682291667 0.5736817685185187 0.8727976187808153 0.5631873777328561 0.772939669805697 0.6333166750658729 0.7752716192540485 0.6438110658515355
0 0.8789517422365243 0.5586284393143829 0.8764333416666665 0.5471302074074075 0.7697053595866775 0.6210102249641272 0.7722237601565354 0.6325084568711026
0 0.87777083125 0.5453605722222223 0.8753631460131573 0.534532118759053 0.7671041726712534 0.610608899373014 0.7695118579080961 0.6214373528361832
0 0.8732949411458334 0.534430112037037 0.8707759062500001 0.5233892203703703 0.7643763121011292 0.6001121102808339 0.7668953469969625 0.6111530019475008
0 0.8715977541666667 0.5213561083333333 0.8691292833714892 0.5103922077382351 0.7612037011790679 0.5871888532816788 0.7636721719742455 0.598152753876777
0 0.8678492910888953 0.5093193243638563 0.8656717134099906 0.49976169844960094 0.7585902078125 0.5768685629629626 0.7607677854914048 0.586426188877218
0 0.8654201104166667 0.4975823898148149 0.8630780242503129 0.4872511772441665 0.755465729221784 0.5643536686265928 0.7578078153881378 0.5746848811972411
0 0.8619533476380805 0.4862059523151808 0.8597124505208332 0.47638614907407395 0.7522501228729881 0.5538912563337219 0.7544910199902354 0.5637110595748288
0 0.8601710578125 0.47294015555555574 0.8579852095517034 0.4634347688005205 0.7499419566991012 0.5419588413636026 0.7521278049598977 0.5514642281186378
0 0.8129373610364932 0.4952930489423807 0.8105617625000001 0.4846820037037038 0.7464582586939641 0.530039763574895 0.7488338572304571 0.5406508088135717
0 0.8601198003595695 0.4608039311671485 0.8576325880208333 0.4496240685185186 0.8197459579737639 0.4762630317958146 0.8222331703125001 0.4874428944444445
0 0.8545141380208333 0.44919929722222224 0.8523845634511328 0.4399940509999761 0.7441238519927995 0.5191499463703464 0.7462534265625 0.5283551925925924
0 0.8515188476768359 0.4392515152432333 0.8490579651041666 0.42848104166666673 0.7407681073698366 0.506679613364553 0.7432289899425059 0.5174500869411196
0 0.7754541968749998 0.4811128472222222 0.7737993384639039 0.473613664414213 0.7387932171097372 0.49802805237717607 0.7404480755208331 0.5055272351851852
0 0.16275268802083337 0.8376157824074073 0.05476455456245185 0.8311167860570363 0.053224116448447684 0.9120131391413224 0.1612122499068292 0.9185121354916934
0 0.25951389479166675 0.8416683305555556 0.13612717489088852 0.8342070722282721 0.13380215474214166 0.9557243438250305 0.2571888746429199 0.963185602152314
0 0.5606479578210771 0.930672292986279 0.4249240737697047 0.921297673448293 0.4236070713484251 0.9815597576701289 0.5593309553997976 0.990934377208115
0 0.5811967901041667 0.8599048092592593 0.44538585602975167 0.850524177066592 0.4438880937442583 0.9190572910034618 0.5796990278186734 0.9284379231961292
0 0.9930989081692163 0.8161682893333914 0.8549262867677362 0.8066245315351765 0.8534026958333333 0.8763394805555557 0.9915753172348134 0.8858832383537705
0 0.8658980062499999 0.8073823620370371 0.7274199044091908 0.7978175047315713 0.7258963135416667 0.8675324537037038 0.864374415382476 0.8770973110091697
0 0.7289466848958335 0.7979229611111113 0.5955838831865193 0.7887114242463414 0.5940861142374902 0.8572448411776799 0.7274489159468044 0.8664563780424498
0 0.6038272088646262 0.788097484529066 0.4659605141387055 0.7785748586643664 0.4644627452808682 0.8471082755214512 0.602329440006789 0.8566309013861508
0 1.0016043241496893 0.7197178015810806 0.8796032040394379 0.7112910303625547 0.8776664364583334 0.7999117083333334 0.9996675565685847 0.8083384795518592
0 0.8954713463541669 0.7123870629629633 0.7527083103733 0.7025262400550071 0.7508231931993975 0.7887835504362307 0.8935862291802644 0.798644373344187
0 0.7585194192708334 0.7029276203703706 0.6202602761884386 0.6933778871121026 0.6183493371488306 0.7808167294622609 0.7566084802312255 0.7903664627205289
0 0.6317394734375 0.7000000000000002 0.4887259682291667 0.7000000000000002 0.4887259682291667 0.7788348574074077 0.6317394734375 0.7788348574074077