0 0.11680492614986761 0.14604473492056405 0.05751343379923381 0.12246252840397051 0.03691273828125003 0.17425776562500003 0.09620423063188382 0.1978399721415936
0 0.41929726953124996 0.19985565039062503 0.3879874753675035 0.05893032326815158 0.21500718826175402 0.09736186211396847 0.24631698242550054 0.2382871892364419
0 0.5961482199855674 0.04848586322916246 0.5823870760913035 -0.006115831594637744 0.5093343885100053 0.012295475030788844 0.5230955324042694 0.06689716985458904
0 1.0004302478058678 0.2757332802892498 0.9187897849682976 0.264819732943509 0.9102033119205701 0.3290521599950462 0.9918437747581402 0.33996570734078696
0 1.0101706953497194 0.06950599882656759 0.963181078125 0.0622261542968751 0.9530103827752809 0.12787550703280764 1.0000000000000002 0.13515535156250014
0 1.0115998876844472 0.16992645337021758 0.9404528918550167 0.15738131767228794 0.9279040973062793 0.22854906387456636 0.9990510931357098 0.241094199572496
0 0.6299575794084294 0.9174762881416071 0.06939181086995215 0.8333301774899153 0.0504628805998624 0.9594311970413257 0.6110286491383397 1.0435773076930175
0 0.04847891156391276 0.6989859456389684 9.71445146547012e-17 0.6917088144531249 -0.00730586657948154 0.7403791559323939 0.041173044984431126 0.7476562871182374
0 0.6569592513249363 0.7894094667193752 0.11068498521110216 0.6937371601985479 0.09467853179181066 0.7851315658806693 0.6409527979056447 0.8808038724014966
0 0.6920263510252689 0.6019731921247242 0.14985290569223164 0.5060898639887985 0.11939645789157269 0.6783062185700709 0.66156990322461 0.7741895467059967
0 0.6864219311419915 0.48546479169760315 0.1808674824241476 0.394696790131874 0.16412545542383827 0.48794557918262205 0.6696799041416821 0.5787135807483512
0 0.9558306774550448 0.9655217160752059 0.9269473728170837 0.9357964091203358 0.8736554199174732 0.987578808295835 0.9025387245554343 1.017304115250705
0 0.8789780856847155 0.9996950932537362 0.7225983652727038 0.5888575407075046 0.6484707870491633 0.6170731940370827 0.8048505074611749 1.0279107465833144
0 0.935192816111258 0.9460552293936053 0.7903094216907129 0.5562671967528084 0.726613131146191 0.5799429743890911 0.8714965255667362 0.969731007029888