0 0.27627097595508576 0.3772410867755856 0.2494524500482789 0.25828674888405906 0.1863034215450558 0.26461434534547595 0.21312194745186264 0.3835686832370025
0 0.9092888059399596 0.10544900109076538 0.8752917166394879 0.10069573919303137 0.8206354041685915 0.27443893336491243 0.8546324934690632 0.27919219526264644
0 0.9725264238281253 0.0976180156250001 0.9570516903955006 0.09749069988292602 0.954606277942573 0.22959308905734624 0.9700810113751976 0.22972040479942035
0 0.9551595057506412 0.2803839790869493 0.9546653320312501 0.11910384244791666 0.9344909995770936 0.11913131603824591 0.9349851732964847 0.28041145267727857
0 0.9709860683593752 0.2520267903645835 0.9561830994244863 0.2519742748209047 0.9559289394531251 0.2838151940104167 0.9707319083880139 0.28386770955409546
0 0.984014228515625 0.2793057955729168 0.9374088297753146 0.2781136739933964 0.9350685463003415 0.31877688090495465 0.981673945040652 0.31996900248447496
0 0.9108740097656249 0.33087078125 0.8840892435339005 0.3303493931726506 0.8787001351988962 0.4533935970083702 0.9054849014306207 0.45391498508571965
0 0.9664926663014621 0.6197519026550505 0.965732875 0.553722046875 0.9282218601047993 0.5539138829432937 0.9289816514062614 0.6199437387233442
0 0.9387438085937501 0.3719072161458335 0.9253086385272654 0.37183783701344625 0.9246718631366405 0.4266425687842795 0.9381070332031252 0.4267119479166668
0 0.9419600256086872 0.5042991681569379 0.938287755859375 0.43372624218750006 0.9249217266186137 0.43403535452563197 0.928593996367926 0.5046082804950699
0 0.9682601679687501 0.41152177343750007 0.943198910001473 0.41132397485349476 0.9427428105468751 0.43700762369791674 0.9678040685141522 0.437205422281922
0 0.9678459765625002 0.36832793619791676 0.9431704475204232 0.36830224013062735 0.9430760722656251 0.40858093880208335 0.967751601307702 0.4086066348693727
0 0.9678249371456473 0.48835790682453456 0.9450852488065636 0.48827865953451366 0.9447510308171327 0.5309019911053607 0.9674907191562164 0.5309812383953817
0 0.9681979817994288 0.46194767979242873 0.96757414032474 0.4369415895123882 0.9419190336310298 0.43722604856329883 0.9425428751057187 0.4622321388433394
0 0.9687408644322649 0.4883221669770242 0.9684772583108373 0.46207920173962647 0.9420624446598224 0.462197127210519 0.94232605078125 0.4884400924479167
0 0.8563855177336377 0.3833598955302396 0.7889943506566226 0.37427847774479805 0.7281774940301659 0.5748599308881248 0.7955686611071808 0.5839413486735664
0 0.5112964140625 4.163336342344337e-17 0.4966840664091992 -0.00016271195327137097 0.4954815316669267 0.04783446032562605 0.5100938793202274 0.047997172278897465
0 0.17540957511963476 0.8146973881959939 0.1735884624419851 0.7675978015481609 -0.0018211126776496896 0.7706121294980003 0 0.8177117161458334
0 0.4223210930844938 0.8103807755624648 0.41976824558545933 0.7616932557404601 0.17610264273534057 0.767371563511329 0.17865549023437502 0.8160590833333337
0 0.17867728287065554 0.8826250129050693 0.17685286211044543 0.8341019572634604 -0.0018244207602100895 0.8370877776917244 0 0.8856108333333333
0 0.42027174395228345 0.8782914042810669 0.41868826499579204 0.8320284548729733 0.17795676518413364 0.8356905479877397 0.17954024414062503 0.8819534973958333
0 0.42263642854848466 0.7442804294009903 0.41992187499999994 0.6962160911458332 0.3129859698890153 0.6989003010677594 0.3157005234375 0.7469646393229166
0 0.17937681862573238 0.9501672021373522 0.178008904296875 0.9031868033854167 -0.001367914328857387 0.9055080752063979 0 0.9524884739583334
0 0.40239642805422604 0.9456258917862518 0.40002924164371784 0.8981980858716154 0.17805467491761678 0.9031221094499471 0.18042186132812502 0.9505499153645834
0 0.38225844819570076 0.9805130571310453 0.38129165949704374 0.958084552413527 0.18026210778571794 0.961935863772065 0.18122889648437498 0.9843643684895832
0 0.17937362288025147 0.9844977744266119 0.17896226953125 0.9621461927083333 0.04163624160873047 0.9632694444903521 0.04204759495773195 0.9856210262086308
0 1.0119605321829035 0.7781531058385528 0.7515410446015313 0.7621299389685121 0.7395217799447801 0.8489500835033463 0.9999412675261522 0.864973250373387