0 0.46313722115384626 0.31835937499999994 0.40320699153283424 0.24125931254662897 0.3141837270568478 0.2869409294017495 0.37411395667785985 0.36404099185512045
0 0.5820128293269231 0.210021427734375 0.5682430733675362 0.15924977472419077 0.5006760204829208 0.17134702472419078 0.5144457764423077 0.222118677734375
0 1.0032126753016521 0.2642764904098527 0.9997174952788161 0.2401968532240713 0.8692287791317079 0.2527005751856002 0.8727239591545438 0.2767802123713815
0 0.8006297421112616 0.29566169816014026 0.7917500444875891 0.23449274195848152 0.6418611299065133 0.24885700539923877 0.6507408275301858 0.3100259616008975
0 0.7207996033653846 0.220805939453125 0.7187874397951178 0.19742603117405105 0.6756239157566563 0.19987839054905107 0.6776360793269232 0.223258298828125
0 0.8100790586524427 0.19419701818242646 0.8078991370192307 0.16886786914062496 0.788715211493731 0.1699578139333901 0.790895133126943 0.19528696297519157
0 0.8029561947353918 0.15737344412061743 0.8003981455711467 0.13851864627984806 0.7374643456587926 0.14415525257238831 0.7400223948230378 0.16301005041315772
0 0.6724379134976364 0.1628592851817459 0.6705933798076923 0.14142712109374997 0.6298270816946714 0.1437432812245041 0.6316716153846156 0.16517544531250003
0 0.2603762836538462 0.73445328515625 0.22710282696190492 0.5309203321428198 0.16297204137645854 0.5378414538518517 0.1962454980683998 0.7413744068652819
0 0.49739213189489023 0.717697046557883 0.47634763837515737 0.5165602192231711 0.2564549975961538 0.5317483496093749 0.2774994911158867 0.7328851769440868
0 0.9933167203756414 0.5149960833975435 0.9854207472835483 0.31361734335617625 0.7865665514321234 0.31876457292923 0.7944625245242165 0.5201433129705973