0 0.5225691544113512 0.07287384200623552 0.5187342851944152 -0.00029985649596842576 0.4609767959000134 0.0027270838155964705 0.4648116651169495 0.07590078231780042
0 0.8906947923450577 0.39355003107999853 0.8698535777886265 0.3000058229255904 0.7165480920229935 0.3341615722184331 0.7373893065794246 0.4277057803728412
0 0.5155202242836163 0.87829804979256 0.024763206293116412 0.43757670582213465 -0.21576200995269196 0.7054090663175548 0.27499500803780785 1.1461304102879804
0 0.520720595648799 0.7804146814091342 0.5029696026489019 0.388654760273054 0.11619626723730643 0.4061798066063497 0.13394726023720352 0.7979397277424298
0 1.0036647487277244 0.8295504328532853 1.0000000000000002 0.7734626890625 0.9232587622097759 0.778476928084215 0.9269235109375 0.8345646718750002
0 0.9191333283999136 0.8283829633798444 0.917054389313658 0.7789261113425725 0.8588013382737845 0.7813748022663126 0.86088027736004 0.8308316543035845
0 1.000989109886563 0.7604545587610623 0.9971043406250002 0.668037953125 0.9482464011947759 0.6700917162985718 0.9521311704563388 0.7625083219346339
0 0.9455893236874704 0.7652825795463541 0.9394814089735288 0.6718030091809095 0.8522565509110583 0.6775022436970555 0.858364465625 0.7709818140625001
0 0.9979702271662971 0.65624669389557 0.9941527906250001 0.5978221109375002 0.9433024543679934 0.6011446495323249 0.9471198909092905 0.6595692324903948
0 0.9384984076818063 0.6621031840585616 0.9344370724111603 0.5654862082390504 0.8498757912918539 0.5690407773054887 0.8539371265624999 0.6656577531249999
0 0.9915984263946065 0.5370551745484711 0.9869761527539602 0.42709370937680396 0.9061729142996603 0.4304903054352785 0.9107951879403066 0.5404517706069456
0 0.9023028741929455 0.517555229581817 0.898651582456262 0.4306929689671432 0.8742228520133164 0.43171984094782623 0.87787414375 0.5185821015625001