0 0.33506652366205913 0.21036962946993623 0.22212165782832613 0.10750292523283486 0.19691489487437813 0.19497384474409865 0.3098597607081111 0.2978405489812
0 0.49039401406250005 0.2154609981481482 0.48754473053100633 0.16848495110206713 0.45411951093749997 0.17489244814814817 0.4569687944689937 0.22186849519422924
0 0.5296875 0.2594145314814816 0.5231287 0.2594145314814816 0.5231287 0.2837362740740742 0.5296875 0.2837362740740742
0 0.5626608421875 0.4398148148148147 0.5296875 0.3890207175925926 0.5255754023306102 0.39745732988648863 0.5585487445181102 0.44825142710871074
0 0.5740297557291666 0.43981481481481505 0.5296875 0.37138222685185207 0.5254649013687483 0.380029706866437 0.5698071570979149 0.4484622948294
0 0.5841955604166665 0.43981481481481505 0.5296874999999999 0.3553785638888891 0.5258908722358535 0.3631246933761252 0.5803989326525201 0.44756094430205107
0 0.5957345682291667 0.43981481481481505 0.5299974942708332 0.3391203009259261 0.5260252075066415 0.3473162660018924 0.5917622814649749 0.4480107798907813
0 0.6063328833333334 0.43981481481481505 0.5339390255208334 0.3289566870370373 0.5301035900416303 0.33687265100036423 0.6024974478541303 0.447730778778142
0 0.6176456260416665 0.4398148148148149 0.5389742947916666 0.31967456111111114 0.5352300496561487 0.3274235881297848 0.6139013809061489 0.4475638418334885
0 0.5953341755208332 0.389420313888889 0.5430335593750001 0.30941321111111125 0.5390009625866452 0.31774461152653 0.5913015787324786 0.3977517143043077
0 0.6288691770833331 0.4398148148148149 0.6032974210851815 0.40077985695565793 0.5990210502305507 0.4096338085715774 0.6245928062287026 0.44866876643073433
0 0.6360895957973983 0.4344206511509544 0.5478856529565103 0.2998516217743249 0.5442396106057601 0.3074046226415143 0.6324435534466483 0.4419736520181438
0 0.6409785088541666 0.42488476388888874 0.5521286010416667 0.2898695268518518 0.5478869993284458 0.29869136388113204 0.6367369071409457 0.433706600918169
0 0.5841510253268605 0.3260915148555437 0.5557126234492032 0.2823628358373766 0.5527460408306761 0.28846031357442564 0.5811844427083332 0.33218899259259277
0 0.33047055000000003 0.5639860287037038 0.3284953194450077 0.503444694543829 0.2856027031249999 0.5078675555555556 0.28757793367999224 0.5684088897154305
0 0.26615407760416665 0.5681911842592594 0.2650894579147425 0.545642350037915 0.2227449671875 0.5519609703703705 0.22380958687692418 0.5745098045917149
0 0.2621801963541667 0.5250848222222221 0.26101980949679976 0.5005076148080485 0.22009469218750002 0.5066144351851852 0.2212550790448669 0.5311916425993587
0 0.91331755 0.43981481481481505 0.8349952885416667 0.43981481481481505 0.8349952885416667 0.4689563851851854 0.91331755 0.4689563851851854