0 0.3836267748942184 0.25170269904781734 0.3115008284669742 -0.01394576747623133 0.13087019374999997 0.035097073437499994 0.2029961401772442 0.3007455399615486
0 0.6139044859375 0.15992738437500006 0.5647285175957236 0.08439485339213201 0.4407721739278706 0.16509747453632845 0.48994814226964695 0.24063000551919647
0 0.6279888616361171 0.19014076343866937 0.6100908 0.161983471875 0.49091249461388287 0.23773865062383068 0.50881055625 0.2658959421875
0 0.7992690812499998 0.4475408593750002 0.6105788212233072 0.1903455722484047 0.5058084479627164 0.2672099238253598 0.6944987079894089 0.5244052109519552
0 0.8502232802175616 0.48818525932045065 0.8140658244139555 0.43628027455870005 0.6961630874563731 0.5184123283534543 0.7323205432599794 0.5703173131152048
0 0.7634700202060737 0.03852594758795158 0.6978524647877707 -0.033279871721704345 0.570044413067423 0.08351361378257552 0.635661968485726 0.15531943309223145
0 0.9547909533114037 0.3068538052644254 0.7583374015625 0.04184248281250005 0.6480476966885961 0.12360051504807475 0.8445012484374999 0.3886118375000001
0 1.002823849737568 0.36664563992478405 0.9503755984375001 0.3022005656250001 0.8171749643249318 0.4106051319502161 0.8696232156249998 0.47505020625
0 0.6203225124999999 0.42929691875 0.4890625 0.42929691875 0.4890625 0.5390625 0.6203225124999999 0.5390625
0 0.24644181538006418 0.6750634127505021 0.19480156411774865 0.5645031808375952 -0.046233474699815515 0.6770853430870931 0.005406776562500016 0.787645575
0 1.0039088523411883 0.7527124640466236 0.9865756324200021 0.6574648541708263 0.7127047224175549 0.7073040545379323 0.7300379423387412 0.8025516644137298