0 0.2523746680919626 0.33976339606785233 0.15439625781250002 0.31047462645590684 0.14266528798530123 0.42439834386325515 0.24064369826476378 0.4536871134752006
0 0.5774181611328124 0.3696673286189683 0.5526263563030289 0.3295711202711241 0.5410836655273439 0.3502898377703828 0.5658754703571274 0.3903860461182269
0 0.6433919296874999 0.3213614991680534 0.6185967817099713 0.2812664099408728 0.6070554638671873 0.3019860349417639 0.6318506118447158 0.3420811241689445
0 0.6379551396484375 0.012305583194675689 0.6259453166353375 -0.03062698780610295 0.5576644802813004 0.024822751899723952 0.5696743032944005 0.0677553229005026
0 0.6124372275390625 0.34451460898502506 0.587642839648198 0.30441775273217625 0.576100890625 0.3251369625623962 0.6008952785158644 0.365233818815245
0 0.38181950683593746 0.75778259484193 0.3759776265085571 0.6857142078324099 0.3166378481882446 0.6996780439388991 0.32247972851562495 0.7717464309484192
0 0.307814046875 0.7747894858569052 0.3012148793316051 0.6989913089044237 0.17346153405345136 0.731280238247708 0.18006070159684628 0.8070784152001896
0 0.7573252153320311 0.9892975765391014 0.7551339265175363 0.9884232218965645 0.7535427266812171 0.999999999657708 0.755734015495712 1.0008743543002452
0 0.7458229394531251 0.9888883785357738 0.7436316484789567 0.9880140219719378 0.7419842032493261 0.9999999986857894 0.7441754942234945 1.0008743552496255
0 0.7354504455590606 0.988519374138516 0.7305690951368345 0.988345716601357 0.7304262753906251 1.0000000000000004 0.7353076258128511 1.0001736575371594
0 0.8682254267578124 0.9884871514143095 0.7766585849609375 0.9884871514143095 0.7766585849609375 1 0.8682254267578124 1
0 0.969602431640625 0.9903693976705492 0.8853046616210938 0.990369397670549 0.8853046616210938 1.0000000000000002 0.969602431640625 1.0000000000000004
0 0.47231255306315756 0.972102042230474 0.40975236971407286 0.9698764362512152 0.40952187975511467 0.9886848735353653 0.47208206310419937 0.9909104795146241
0 0.8774382509710871 0.9665068085414242 0.7318987128060055 0.9629098219456018 0.7318049288449651 0.9739257658028768 0.8773444670100466 0.9775227523986992
0 0.4738010925836372 0.946281973571362 0.40968237339208236 0.9440009253274853 0.40939426139279744 0.9675114696021744 0.47351298058435226 0.9697925178460511
0 0.6974621530771629 0.9507109183709749 0.4756621549987143 0.942820285703247 0.4750715253906251 0.9910168294509153 0.6968715234690738 0.9989074621186432