0 0.2747726601562501 0.23388325260416676 0.0791783790573818 0.2174949655777183 0.06230090474407778 0.30702062496407645 0.2578951858429461 0.3234089119905249
0 0.7651996944399804 0.3431226332888209 0.7213373891821742 0.3298700865549879 0.680553430227698 0.3898628644031936 0.7244157354855042 0.4031154111370267
0 0.9351553389216405 0.27862320228274845 0.883711640798612 0.2713025499908717 0.8426580108583477 0.39952127278571137 0.8941017089813762 0.4068419250775881
0 0.8815314453729081 0.26718037029872166 0.7796661296034 0.2527720164148082 0.7363421707227301 0.38890318918432665 0.8382074864922382 0.40331154306824013
0 0.7790813675893138 0.251056662897091 0.6775242050379915 0.23450960189851566 0.6504643600144262 0.3083225374177572 0.7520215225657487 0.32486959841633256
0 0.6740910940662095 0.23235396898065064 0.6481212207031251 0.22812260416666671 0.6387331280612072 0.25373110825192297 0.6647030014242915 0.2579624730659069
0 0.6996926263150735 0.14728626964439287 0.6614314409771535 0.1425709131157613 0.6390687879053186 0.2232172588382727 0.6773299732432386 0.22793261536690426
0 0.8059770717586069 0.1604498007335788 0.70561150115622 0.1457222149653116 0.6773572944969173 0.23129857238805943 0.7777228650993042 0.24602615815632664
0 0.9230871905223448 0.13601748824666637 0.8208758988022051 0.12186416659718695 0.780291137869321 0.2521271360914097 0.8825024295894607 0.2662804577408891
0 0.9895435983027107 0.10576223842106396 0.9393470249750567 0.09864812305792427 0.8849119805078731 0.26935429814244366 0.935108553835527 0.2764684135055833
0 0.14535866210937518 0.9598645377604167 1.7991651762275623e-16 0.9598645377604167 1.8360290002505662e-16 1 0.14535866210937518 1
0 0.6364662148437499 0.9846034921875 0.6122233890818198 0.8750876544393092 0.519835363587815 0.8841771436374724 0.5440781893497452 0.9936929813856631