0 0.42701617618799426 0.22293790854440154 0.31421499023437494 0.10595921484375 0.20539128188377906 0.21089664381890044 0.3181924678373984 0.327875337519552
0 0.7945226405516301 0.4057791223910636 0.7335030976562501 0.40140633789062513 0.7285419040779203 0.4706367708869963 0.7895614469733003 0.4750095553874347
0 0.7190116504316959 0.39487551820005007 0.6654334331492961 0.39103599610742995 0.6598002547091238 0.4696436069447775 0.7133784719915236 0.47348312903739764
0 0.9149971609667538 0.41548368908913846 0.8733252127064881 0.41249739720381645 0.8709751470293596 0.4452911826294377 0.9126470952896253 0.44827747451475974
0 0.9187606960980464 0.3696958728636225 0.8647890540106767 0.36499721953564046 0.8620533622385987 0.39642106949380906 0.9160250043259685 0.4011197228217911
0 0.723761280302349 0.30772385466027435 0.6582767914757545 0.303031106967668 0.6526761557046554 0.3811846312136437 0.71816064453125 0.38587737890625007
0 0.7875869161794022 0.3142559892040664 0.7748603102346618 0.3136934048808073 0.7716764772041571 0.3857170761739436 0.7844030831488975 0.38627966049720264
0 0.7698262957870837 0.3120331391062904 0.735595671875 0.30958010351562504 0.7304191964004163 0.3818146792530847 0.7646498203125001 0.38426771484375005
0 0.8188938308961344 0.31619086833283294 0.796569478515625 0.3145910605468752 0.7913071183226155 0.3880241219015424 0.8136314707031249 0.38962392968750015
0 0.7244649411662125 0.2561578291558862 0.6723749125819306 0.2524249547993527 0.6696430944625932 0.29054584244034154 0.7217331230468751 0.2942787167968751
0 0.8483057636293355 0.2742980658725857 0.7591811576912963 0.2605592530953985 0.7542257480897551 0.29270532970052476 0.8433503540277942 0.306444142477712
0 0.9215404327059911 0.2398243718178404 0.9042723556550404 0.23915089507782009 0.8998642542242224 0.3521754891469098 0.9171323312751731 0.35284896588693015
0 0.726576503088507 0.18494004763846744 0.6625802812738565 0.18035395198329077 0.6584151687664629 0.2384756057707046 0.7224113905811134 0.24306170142588124
0 0.7947725010354834 0.1726687053288225 0.779889852307278 0.17160218546028258 0.7748265055686698 0.24225816958458515 0.7897091542968752 0.2433246894531251
0 0.7755711217475015 0.16812895632023805 0.7393960680747049 0.16657103795739212 0.7362887631464641 0.23872303592955468 0.7724638168192607 0.24028095429240062
0 0.7299091449744323 0.11756160270428273 0.6778191159914103 0.11382872764503707 0.6737410197937588 0.1707361102280866 0.7258310487767807 0.17446898528733226
0 0.7995997218721553 0.1263722301738501 0.7420576095695882 0.11750194715155383 0.7364414264673689 0.1539344981724595 0.793983538769936 0.16280478119475575
0 0.8664935689803335 0.00018984159294628804 0.7307691550818359 -0.00035903677204198034 0.7304849209587101 0.0699252233336242 0.8662093348572076 0.07047410169861247
0 1 0.9063941367187502 0.9233965351562501 0.9063941367187502 0.9233965351562502 1 1 1
0 0.9292449093261426 0.8882999458742901 0.8418358828490564 0.8791128863709409 0.8297172092643009 0.9944143557748224 0.9171262357413871 1.0036014152781716
0 0.8374375960322777 0.864903300768882 0.7286617624004581 0.8534704974735905 0.7213120510118749 0.9233983150523006 0.8300878846436945 0.9348311183475921