0 0.21249740300114697 0.46285614677743664 0.1449028410174881 0.3021954625468165 0.08238762352789719 0.33868821903786667 0.14998218551155607 0.4993489032684868
0 0.9633957454225255 0.6937221381673957 0.9523298771157735 0.5873584294386854 0.7642898259141495 0.6145016367041197 0.7753556942209014 0.7208653454328299
0 0.7704186605723372 0.7215779953183521 0.7546925636612921 0.6066497534524455 0.6799304562798092 0.6208434166666668 0.6956565531908542 0.7357716585325733
0 0.9533372750397452 0.584295350187266 0.9482530029126794 0.5354259746878729 0.8798205158982513 0.5453040674157303 0.8849047880253171 0.5941734429151233
0 1.0003864210711533 0.5308182855072436 0.9776566527038448 0.31234261135105806 0.85470869644301 0.3300898999885098 0.8774384648103184 0.5485655741446954
0 0.03796310969793323 0.8379995159176031 0.031750535013695735 0.772070547806607 -0.006212574684237496 0.777033909229828 0 0.8429628773408241
0 0.0918992404478447 0.8370240415846552 0.08029471176169466 0.760210727720965 0.03643021939586646 0.7694051170411985 0.0480347480820165 0.8462184309048886
0 0.08107240508635008 0.7584345947629781 0.0799254681029455 0.746263090512013 0.033844234499205095 0.7522878286516854 0.03499117148260969 0.7644593329026506
0 0.028397226550079504 0.7673750131086142 0.027059133349028094 0.7531749244570698 -0.0013380932010513987 0.7568876257679311 1.129638689602703e-17 0.7710877144194757
0 0.5105714904610494 0.7397003745318353 0.4670819935050143 0.7341515674461078 0.4426347122416535 1.0000000000000002 0.48612420919768873 1.0055488070857277
0 0.8868111780604134 0.8139591573033709 0.624197689151786 0.780030135802375 0.6210737265208215 0.813578419083584 0.8836872154294491 0.8475074405845798