0 0.2054264717155493 0.2619005657040582 0.15880974248054452 0.16488468073346751 -0.04661672923500474 0.26359336346690937 2.2204460492503132e-17 0.36060924843750003
0 0.8728690410073414 0.42273531106785117 0.8618446286001905 0.39337264416298756 0.7128868469678492 0.44929985340763645 0.723911259375 0.4786625203125
0 0.8889765575083377 0.4569052845666083 0.8756469281983363 0.4238759251531695 0.7267679066274986 0.48395889996156133 0.7400975359374999 0.5169882593750001
0 0.904315355354786 0.49924594264093275 0.8951629501806566 0.47368949058985255 0.7339890328124999 0.5314099046874999 0.7431414379866293 0.5569663567385801
0 0.9152886901591112 0.5261037339240502 0.9095296303223407 0.510371081875407 0.7497656546875 0.5688539296874999 0.7555247145242705 0.5845865817361432
0 0.8030044838708292 0.3529449413662572 0.7923693767980764 0.32467607093422335 0.6248701913647471 0.38769138581796614 0.6355052984375 0.41596025625
0 0.7848430859375 0.3102674171875 0.7744287685377981 0.2839102790822893 0.6134595701002981 0.34751294783228937 0.6238738875 0.37387008593750004
0 0.7714444828125 0.2732741 0.7602129948991255 0.24514788406658536 0.5996571136491254 0.3092617856290854 0.6108886015625 0.33738800156250004
0 0.7543714726674368 0.2328096270420616 0.7438477761049823 0.20629350891042142 0.5845169206250456 0.2695286162433598 0.5950406171875 0.29604473437499995
0 0.3890625000000001 0.6971718375 0.3242795078125001 0.6971718375 0.3242795078125001 0.9796859203124999 0.3890625000000001 0.9796859203124999
0 0.6763498875 0.8021783078125001 0.6748942379041505 0.7897144638505921 0.6162586730509089 0.7965624985774291 0.6177143226467583 0.8090263425393373