0 0.9279958703125002 0.4356637625000001 0.923257905742797 0.4000864984619666 0.5872171892222884 0.4448383660353083 0.5919551537919918 0.48041563007334187
0 0.09976753437500001 1 0.09036250330563662 0.9331150351593938 0.020668642075504517 0.9429150392675719 0.030073673144867908 1.0098000041081783
0 0.3027819111574276 0.9857629403487277 0.22110741158517921 0.8434790530658258 0.10476788608870416 0.9102608419728492 0.18644238566095256 1.052544729255751
0 0.055201582171183525 0.9275096121937555 0.047503306752263184 0.858893139764896 0.013295017583186419 0.8627310641336641 0.020993293002106762 0.9313475365625236
0 0.4538384127122799 0.9469919589010309 0.355702112957115 0.7738664276785323 0.22900357723941425 0.8456855602578461 0.32713987699457914 1.0188110914803448
0 0.4390625000000002 0.7275728875 0.3695961109375001 0.7275728875 0.3695961109375001 0.86945426875 0.4390625000000002 0.86945426875
0 0.21534022260268237 0.8338766462732725 0.0979673508620387 0.6281506161318907 -0.01851265110481277 0.6946059515204637 0.09886022063583089 0.9003319816618454
0 0.4293647763010179 0.5778739648109007 0.41541261239777105 0.547360240072957 0.4075200831698346 0.5509690378301972 0.42147224707308145 0.5814827625681408
0 0.347424197842376 0.7631873681217786 0.22208838467170797 0.5432818313596136 0.10487001939342636 0.610090786454634 0.23020583256409438 0.829996323216799
0 0.4791244955469017 0.6940141554923834 0.353044401386366 0.46478133283608003 0.2336230136991241 0.530464159710154 0.3597031078596597 0.7596969823664574
0 0.2691650566954619 0.4833646561394681 0.21425490923648177 0.4023279247172649 0.12050286886375292 0.46585391189739855 0.17541301632273307 0.5468906433196017
0 0.17195433698419346 0.5506702161585373 0.1013893985605205 0.4396602701492277 0.0367263930114615 0.48076416370914643 0.10729133143513447 0.5917741097184559
0 0.09874318125000006 0.4804837 5.91767610244723e-17 0.4804837 7.027181446890346e-17 0.6616796734375 0.09874318125000008 0.6616796734375
0 0.9044912897545327 0.6529579914661102 0.8539377159452244 0.52124102873823 0.6566355855656916 0.5969664903971197 0.707189159375 0.7286834531249999