0 0.33500284114583334 0.1648935962962963 0.3289710902114048 0.11538157144267201 0.0642093625 0.21732115740740743 0.0702411134344285 0.26683318226103175
0 0.3972613296875 0.35194878611111124 0.38955256837500124 0.30240109561122075 0.29510043333333336 0.3488449129629629 0.3028091946458321 0.39839260346285343
0 0.8517029166666668 0.29505104814814836 0.8169437392100244 0.29258739719936555 0.8163141828125001 0.3206598203703705 0.8510733602691425 0.3231234713191533
0 0.8888598619791669 0.2979546296296298 0.853341799967567 0.296769459212347 0.8530481192798607 0.32458572282143455 0.8885661812914606 0.3257708932387174
0 0.8930046046875 0.265779527777778 0.8578721978067704 0.2635848464767515 0.8573175181016703 0.29164781846928683 0.8924499249824 0.2938424997703133
0 0.8960020612944752 0.23341646768038837 0.8629881148115154 0.2313155366519672 0.8624388703125001 0.25859314629629643 0.89545281679546 0.26069407732471767
0 0.8599662156250001 0.2305933185185187 0.8365844519454979 0.22708047744808763 0.8345118520833332 0.2706807472222224 0.8578936157628354 0.2741935882926535
0 0.8330359593750001 0.2001584351851854 0.7785144088221515 0.19476001398491655 0.7779586570308583 0.21249934548298732 0.8324802075837069 0.2178977666832562
0 0.8391336635416665 0.1727626611111113 0.8004606937876814 0.1700103925562819 0.7998895588385453 0.19537396351145672 0.8385625285925304 0.19812623206628613
0 0.7989661833333332 0.17022275648148164 0.7608053544768244 0.16656944844843907 0.7600274463541666 0.19225061574074093 0.7981882752106755 0.1959039237737835
0 0.7597081500000002 0.16570704629629646 0.7203357508192367 0.16222893884273276 0.7196120203125 0.18812183981481495 0.7589844194932636 0.19159994726837865
0 0.7718567703125 0.19476963240740758 0.7140974448007398 0.18886399974118928 0.7134472052083333 0.2089634435185187 0.7712065307200935 0.21486907618473702
0 0.7674044781250001 0.2127276583333335 0.7097320469141338 0.20885170155891766 0.7093412130208334 0.22723132037037053 0.7670136442316997 0.2311072771447864
0 0.3104300796875 0.8821074111111111 0.3007743321444115 0.8615610723594438 0.2866177938333615 0.8825874022118407 0.29627354137644996 0.9031337409635081
0 0.2979762666666667 0.8581257009259261 0.2889035827110695 0.8388120819579894 0.2745137994057117 0.8601760206952401 0.2835864833613088 0.879489639663177
0 0.2897298317708334 0.8930737287037038 0.28565492157036265 0.8846820574959032 0.2723497830190536 0.9051015023570421 0.2764246932195244 0.9134931735648427
0 0.28408890625000005 0.8807644212962964 0.27989927025696476 0.8718086560048877 0.2658670077545281 0.8925557003665121 0.2700566437475634 0.901511465657921
0 0.26736570885416666 0.8468600638888888 0.2633342964534509 0.8385843405830609 0.249537197864892 0.8598262708872576 0.25356861026560773 0.8681019941930856
0 0.260902484375 0.8344280138888888 0.2535234395066774 0.8187920447682633 0.23944034330225145 0.8397973230482244 0.24681938817057408 0.8554332921688499
0 0.28727655 0.8368922962962964 0.27768508367174594 0.8170283313257203 0.2640500763006243 0.8378362858150497 0.2736415426288784 0.8577002507856257
0 0.27502616302083344 0.812230487962963 0.26473225728343325 0.7929929516422298 0.2517777348958334 0.8149011712962964 0.26207164063323357 0.8341387076170297
0 0.3244517515625 0.8602495398148149 0.3142369149321645 0.8406207015676694 0.3012048681299581 0.862054759807113 0.3114197047602937 0.8816835980542584
0 0.3128321640625 0.8355301740740742 0.30229372081195266 0.8156919649745286 0.28905494322916675 0.8379187592592594 0.299593386479714 0.8577569683588049
0 0.3019856942708333 0.8143764472222224 0.2912891036374082 0.7940247585813031 0.2782248629120024 0.8157259734104326 0.28892145354542753 0.836077662051352
0 0.28939757031249996 0.7896138870370373 0.279585211268075 0.7705814366078294 0.2657994791666667 0.7930442166666669 0.27561183821109164 0.8120766670958748
0 0.3394987041666667 0.8378353583333333 0.32842825576347506 0.8167799223967656 0.3147642948133347 0.8394854988939767 0.3258347432165263 0.8605409348305444
0 0.3267519010416667 0.8140128750000001 0.31608087353918074 0.7940698956304646 0.3032826617827842 0.8157130440316565 0.3139536892852701 0.8356560234011918
0 0.3158163822916666 0.7923381472222222 0.3054289011572782 0.7722147914172185 0.2919490812499999 0.7942059888888889 0.3023365623843883 0.8143293446938927
0 0.30385846979166675 0.767517241666667 0.2942415418184476 0.7476292554650776 0.27953871333631025 0.7700991684580204 0.2891556413095293 0.7899871546596099
0 0.31784783749999995 0.7445388657407408 0.307830637711308 0.7259807354565202 0.2945302942708334 0.7486704962962965 0.30454749405952536 0.767228626580517
0 0.33037928854166665 0.7699018462962963 0.32056758376473266 0.7497876178575343 0.3065777008950935 0.7713556299810921 0.3163894056720275 0.791469858419854
0 0.3414615604166666 0.7914968962962963 0.330255002230456 0.7713878416184672 0.31739134947916664 0.7940447083333334 0.3285979076653772 0.8141537630111625
0 0.3534308109375 0.8154566157407408 0.343645770668024 0.7947775446679647 0.32910578750437147 0.8165220955226283 0.33889082777384755 0.8372011665954044
0 0.8497329607002828 0.9075749790950268 0.833856259969804 0.7586795980895299 0.7172961940938856 0.7979607092035906 0.7331728948243644 0.9468560902090877