0 0.24594712507674718 0.2704367079762636 0.1943168640096505 0.17599351218409404 -0.05163026106709667 0.3104480292078304 0 0.40489122499999997
0 0.5399716011637918 0.32315601529264454 0.5315236546875 0.2580532 0.5278746722737082 0.25852670345735546 0.5363226187500001 0.32362951875
0 0.8618257372581599 0.28011152749440776 0.8379123490818033 0.12300743341222524 0.6943658999588517 0.14485716291334896 0.7182792881352085 0.3019612569955315
0 0.9972071978329525 0.22965171006448037 0.9800399343750001 0.09735481406249998 0.9654440020607439 0.09924882838200093 0.9826112655186963 0.23154572438398136
0 0.9793042071708434 0.09168505800020976 0.9762047375 0.06779946249999999 0.9652575568916564 0.06922000293729025 0.9683570265624999 0.09310559843750002
0 0.8346973471554595 0.10497823771145573 0.8268740608169891 0.05948986400081011 0.6864891231680803 0.08363386993564308 0.6943124095065507 0.12912224364628871
0 0.9752850443712774 0.26087064301413854 0.9458818171677457 0.034279146161770524 0.8528331070768127 0.046353440218717436 0.8822363342803443 0.27294493707108547
0 0.8259773540617908 0.052489285782205776 0.824781684375 0.044634079687499995 0.7410946122767076 0.05737239540803294 0.7422902819634986 0.06522760150273872
0 0.4024710735027255 0.6391397655205844 0.3888641602196158 0.6187412496977387 0.32875117187499997 0.6588398640625001 0.3423580851581097 0.6792383798853457
0 0.06819546093749998 0.8100132781249998 0.06650430619449718 0.7970220315323179 0.017274432812499997 0.803430603125 0.018965587555502806 0.8164218497176823
0 0.9651883020985779 0.8502871440399599 0.9582235524517333 0.7323644422733516 0.716033656877005 0.7466686599040827 0.7229984065238494 0.864591361670691