0 0.035566423828125054 0.4101259296875 5.551115123125783e-17 0.405130509765625 -0.009966676051847909 0.47609131589633263 0.02559974777627709 0.48108673581820766
0 0.9813892611304836 0.20752072597682863 0.9718896969330136 0.1228490290950782 0.8768444432737276 0.13351243283035646 0.8863440074711976 0.21818412971210693
0 0.42114184765625 0.16317723828125005 0.388671875 0.16317723828125005 0.388671875 0.298174265625 0.42114184765625 0.298174265625
0 0.97107038671875 0.11854388281249997 0.9631433158781006 0.0595522269381929 0.9395104063890828 0.06272792602501397 0.9474374772297322 0.12171958189932104
0 0.8335369946433281 0.05043548913271817 0.8275762777208626 -0.002693679255724654 0.7591721236589623 0.004980783022747501 0.7651328405814277 0.058109951411190325
0 0.49020859963711594 0.02622959156534238 0.44328797140020404 -0.009910629812385358 0.36752377350839405 0.08845356463442096 0.41444440174530595 0.1245937860121487
0 0.044396527469739086 0.9898487158698488 0.03654162098168859 0.925875641423636 -0.007616834696274832 0.9312976184508424 0.0002380717917756653 0.9952706928970552
0 0.1499363359375 1.0000000000000002 0.136905799796551 0.8938747962165828 0.04579304082950046 0.9050620359701544 0.05882357697044949 1.0111872397535717
0 0.04385459765625001 0.905300046875 0.04123629551618739 0.8839756889830501 -0.002618302140062617 0.8893603569518002 0 0.91068471484375
0 0.20475276945434479 0.6104191009592568 0.20102101477501264 0.5516576357359475 0.091802625 0.5585937500000001 0.09553437967933213 0.6173552152233094
0 0.08929796683808021 0.6183258320261906 0.08144312160196171 0.5543532540080984 -0.007854845236118499 0.5653176661225328 0 0.629290244140625
0 1.0121967634275857 0.9106651253899147 0.8210360757407003 0.8691074929311908 0.8071029513711441 0.9331983825832101 0.9982636390580295 0.974756015041934
0 1.00074795531891 0.6809382147461667 0.9354595217436452 0.6660781246914119 0.8884894992983892 0.8724429030437864 0.953777932873654 0.8873029930985412