0 0.2741591875000001 6.661338147750939e-17 0.1265201409405146 -0.038594204545477226 0.019036651169988837 0.3725752997231694 0.16667569772947433 0.4111695042686467
0 0.7736352396311276 0.38644661394506796 0.7707386984375 0.376472378125 0.7577814150563724 0.380235203242432 0.76067795625 0.3902094390625
0 0.7771707653254397 0.316197683012279 0.7742736811284775 0.3062215761440369 0.7018648908030377 0.32724925406925787 0.7047619749999999 0.33722536093750005
0 0.7504871486597712 0.3563948926909365 0.7475900640625 0.34641878437500007 0.7066568794652288 0.35830587449656365 0.7095539640625 0.3682819828125
0 0.7695036429434141 0.36819703405823895 0.7659428281249998 0.354068390625 0.7090446211190857 0.36840833625426106 0.7126054359375 0.3825369796875
0 0.7843850209873787 0.2989715787717485 0.78171353125 0.2889198734375 0.6933568430751211 0.3124028524782515 0.6960283328125 0.32245455781250004
0 0.21725879278397003 0.7851631521291641 0.16445493488631086 0.6377735705066785 0.06873220785202946 0.6720672378083536 0.12153606574968863 0.8194568194308391
0 0.10939122547708949 0.8676216324658899 0.07147298852228719 0.7629087275948303 -0.03072035631618051 0.7999145910990506 0.007197880638621789 0.9046274959701102
0 1.000247374100526 0.9579706981506722 0.9967838841323969 0.9376905733215549 0.6319371701664463 0.9999999991447975 0.6354006601345755 1.0202801239739148
0 0.8987410440815913 0.9510427970253114 0.8934197758208688 0.9149048368889214 0.5702110745772313 0.9624969034313058 0.5755323428379537 0.9986348635676956
0 0.5663784984374999 1 0.5611555256503743 0.9609912897029093 0.5071349695208193 0.9682242356901314 0.5123579423079448 1.0072329459872222
0 1.011044982272121 0.8716512151318649 0.983714357930927 0.6896212023918807 0.7759148899204809 0.7208209430995074 0.8032455142616749 0.9028509558394916
0 0.7832744978889774 0.8802326792755718 0.7392391180202271 0.6223879304063155 0.4675806906250001 0.6687824453125001 0.5116160704937502 0.9266271941817564
0 0.5076974890641692 0.8867604623914687 0.461161074716936 0.7413370868048308 0.43160402723032376 0.7507955318668379 0.47814044157755686 0.8962189074534758