0 0.24016027861334316 0.2418600984231633 0.12290047459366313 0.13634277669337577 -0.11725980401968003 0.40322926264521247 0 0.5087465843750001
0 0.7351933553912363 0.5927631210029496 0.46287135570307647 0.5554573967207738 0.45338825819814366 0.624681520510671 0.7257102578863035 0.6619872447928469
0 0.5896892766569544 0.5188247202493989 0.46127679399228405 0.5012333245042366 0.45568711206164886 0.5420365071747255 0.5840995947263192 0.5596279029198877
0 0.7297303675420632 0.5382773817241446 0.60323008276064 0.5189412512212987 0.5971623529681456 0.5586373810449112 0.7236626377495687 0.5779735115477572
0 0.5951712934697501 0.46215484707772436 0.46606011194475644 0.446104462046572 0.46096053986903873 0.4871260185195075 0.5900717213940323 0.50317640355066
0 0.7349958873835429 0.48184963314655144 0.6085929742018641 0.4632206166560218 0.6025804635838513 0.5040171266617407 0.72898337676553 0.5226461431522703
0 0.6006634259429864 0.4056090689786974 0.47642388891599835 0.38921625096324336 0.4710205288474332 0.4301677794116028 0.5952600658744212 0.4465605974270569
0 0.740331832002944 0.4254437383089492 0.6139958952522192 0.4072737205826445 0.6082570715657096 0.4471756996122432 0.7345930083164344 0.4653457173385478
0 0.6059714860304578 0.35049825986743477 0.4796752507914426 0.33356656195652123 0.4741167833080951 0.375028057462697 0.6004130185471104 0.3919597553736106
0 0.7457133320490862 0.3696667521423681 0.6171820269288795 0.3511809929028242 0.6114919413010622 0.39074410321449704 0.7400232464212688 0.4092298624540409
0 0.7457311688040499 0.10846567645306882 0.6846889026213923 0.0972877118263008 0.6606627668037633 0.22849315278898566 0.721705032986421 0.23967111741575362
0 0.2733654524179254 0.763060136374484 0.22584208850894755 0.753572130334637 0.1946392642160223 0.9098603080226528 0.24216262812500017 0.9193483140624998
0 0.834769684389086 0.9285968992899788 0.6432092575379095 0.9104759117313256 0.635378274909802 0.9932587275160033 0.8269387017609784 1.0113797150746566
0 1.0078813160510687 0.8048662721184895 0.9151576093202889 0.7802773395199205 0.8568904640625001 1 0.9496141707932798 1.024588932598569
0 0.8596237814479186 0.7873935228046212 0.67971717921508 0.7673846328500706 0.6651792333954694 0.8981001518914674 0.845085835628308 0.9181090418460179