0 0.31279382471250156 0.4016812339332937 0.2986404530676274 0.19927860542953407 0.11387912286140248 0.2121983772296391 0.1280324945062766 0.41460100573339875
0 0.4637601474273495 0.40536465772802777 0.4607311100108903 0.31860071512651145 0.3840720245312693 0.3212769793817651 0.38710106194772853 0.40804092198328146
0 0.9511555171874999 0.4796875 0.9427832086667263 0.36106261085776936 0.7896664287017445 0.37186928836738703 0.7980387372225181 0.49049417750961766
0 0.519887606323952 0.9803262878183021 0.5176123937820951 0.947886923068691 0.43676601558314293 0.9535572774378892 0.4390412281249999 0.9859966421875003
0 0.4846401605975349 0.9287874847857429 0.4525723899025789 0.8954540111470084 0.3837131914425101 0.961698561906639 0.41578096213746607 0.9950320355453736
0 0.40309057587183217 0.9880782808259315 0.05612884486547309 0.6673023131381779 -0.01964402992031502 0.7492607216452527 0.3273177010860441 1.0700366893330062
0 0.442892695850958 0.8872039435012562 0.132724055043411 0.5941330982113765 0.06677836981272227 0.6639260642598878 0.3769470106202693 0.9569969095497675
0 0.5677786218750002 0.9825215359375001 0.5340231593750001 0.9825215359375001 0.5340231593750001 1 0.5677786218750002 1
0 0.6110677226082213 0.9731363307269592 0.60723873125 0.9224900999999999 0.5298007570792788 0.9283446192730407 0.5336297484375 0.97899085
0 0.6523812307594296 0.9129647726248994 0.6485522387404539 0.8623185401125827 0.5261290032935244 0.8715740674876834 0.5299579953125001 0.9222203
0 0.6899223406525083 0.8530784181630434 0.6860933490811431 0.8024321847082909 0.522457252228684 0.8148035140822498 0.5262862438000491 0.8654497475370023
0 0.7746438019671018 0.7346147809289469 0.770814771424417 0.6839680291553113 0.5152448695156737 0.7032898005607768 0.5190739000583586 0.7539365523344126
0 0.8141041177502075 0.6745828075624296 0.8102751263630799 0.6239365741778955 0.545460738399868 0.643957253761311 0.5492897297869958 0.6946034871458451
0 0.527257325 0.6453433953125 0.51875 0.6453433953125 0.51875 0.6601424640625 0.527257325 0.6601424640625
0 0.5685928921875 0.5871980796875 0.51875 0.5871980796875 0.51875 0.6419020515625 0.5685928921875 0.6419020515625
0 0.8532325518802534 0.6173265514589312 0.8498105066121295 0.5647301909670315 0.5851977808143228 0.5819465290887764 0.5886198260824467 0.6345428895806762
0 0.6118822352553257 0.5778128569930346 0.6080532232050865 0.5271663641133576 0.5149209879497607 0.5342074133703231 0.5187499999999999 0.5848539062500001
0 0.8931775216308443 0.556546180289047 0.8891953491090925 0.503873807636663 0.6148726544496793 0.5246133384714524 0.6188548269714312 0.5772857111238363
0 0.9100637507571354 0.4982212829464229 0.9077663479914746 0.46783343950540746 0.66740149929034 0.48600566910917975 0.6696989020560007 0.5163935125501953
0 0.6379950699605897 0.5187904058941757 0.635697667102028 0.4884025629319587 0.5164525971414383 0.4974178117252831 0.51875 0.5278056546875001