0 0.10499308065655806 0.2595435748522573 9.25185853854297e-18 0.14278954531250004 -0.08621581706406871 0.25443427868580776 0.018777263592489362 0.37118830822556503
0 0.39836178394097627 0.07602389038773302 0.24490360257345645 0.04355330918217511 0.2125704475387302 0.26359783129444214 0.36602862890625 0.29606841250000004
0 0.5024467358757628 0.23132380265889524 0.44348387611936874 0.21884771077393275 0.43056811427253483 0.3067464194784789 0.4895309740289289 0.31922251136344143
0 0.8765231927070235 0.40508641668096856 0.8745378490285088 0.36088298345194686 0.5432996132812501 0.3823061 0.5452849569597648 0.42650953322902174
0 0.3007699934895835 0.9905239703125 0.25374419268442233 0.9837492976864622 0.25211841276041674 1 0.2991442135655779 1.0067746726260378
0 0.1201281781057455 0.8940559874119307 0.008801765338885484 0.8855150779249209 0.004842474523705009 0.9598296515290896 0.11616888729056503 0.9683705610160993
0 0.24463445405496678 0.9078664291037922 0.13171020058142136 0.891598233168519 0.12451239275009428 0.9635448825754322 0.2374366462236397 0.9798130785107053
0 0.3366622339969006 0.8583047444228583 0.2577804894569959 0.8453255784265254 0.24287849449778465 0.9757433046632478 0.3217602390376894 0.9887224706595807
0 0.3684564874996555 0.8569517055513872 0.3420203244758353 0.8560412349258666 0.3389160245055813 0.9858364419484312 0.36535218752940146 0.9867469125739519
0 0.4989245481770835 0.9659377156250001 0.4895833333333334 0.9646469203125001 0.4894330843529035 0.9662126616112398 0.49877429919665356 0.9675034569237397
0 0.5406288490165863 0.8195437308639895 0.5196505740256773 0.8112650914330851 0.4799615946015729 0.9560899889587988 0.5009398695924818 0.964368628389703
0 0.571645421875 0.7237163375000001 0.5433405468919882 0.7145455350628122 0.5217657760416666 0.810433165625 0.5500706510246786 0.8196039680621879