0 0.2838259375 0.10857019471153852 0.1892209155165855 0.03182108848285532 0.10813152128581625 0.1317761798290092 0.2027365432692308 0.20852528605769238
0 0.14193306249999998 2.5620531337503614e-17 0.08339479698459337 -0.04654992995501073 0.007949833042285671 0.04832491379498923 0.0664880985576923 0.09487484374999999
0 0.7085331511663515 0.0817451866583174 0.6828767403846154 0.07534832451923085 0.6764797294701869 0.10100533200622744 0.7021361402519231 0.10740219414531399
0 0.845559731706333 0.10847728230954642 0.7149429982509703 0.07591087238404161 0.705638309813868 0.11322993863218755 0.8362550432692306 0.14579634855769236
0 1.011630860281459 0.15483865568564364 0.8513940432692308 0.1148871298076924 0.839763182987772 0.1615359621028181 1 0.20148748798076935
0 0.9965615563928861 0.10896519063733281 0.966239963665552 0.10140516754180781 0.9575169285445843 0.1363913461476344 0.9878385212719185 0.1439513692431594
0 0.961574783110148 0.10024201007917174 0.8939341225961539 0.08337729807692318 0.8852110881621404 0.11836347576702096 0.9528517486761345 0.13522818776926954
0 0.8892689421660582 0.08221413758326365 0.858947348556746 0.07465411538437955 0.8502243149038461 0.10964029326923087 0.8805459085131583 0.11720031546811496
0 0.8554459254807691 0.0688259230769232 0.8227914423076922 0.060684245192307786 0.8140682589810555 0.09567101907261333 0.8467227421541325 0.10381269695722875
0 0.8181268591633628 0.05952123428753423 0.7878052665744727 0.051961211475518645 0.779663737980769 0.0846150961538462 0.8099853305696592 0.0921751189658618
0 0.7831400841346152 0.05079805048076931 0.7154994252903936 0.03393334049888967 0.7067762427884615 0.06892011538461544 0.7744169016326832 0.08578482536649508
0 0.7481533119569744 0.04207486955394894 0.7154994270116443 0.03393334042631147 0.7091024154886753 0.05959034846376818 0.7417563004340053 0.06773187759140566
0 0.6712140841346154 0.012488098557692387 0.6394230769230769 0.012488098557692385 0.6394230769230769 0.09634612019230776 0.6712140841346154 0.09634612019230776
0 1.0141988611461819 0.05495480398316389 0.8034584007615224 -0.015484542457325726 0.7854202907053328 0.03848188127890396 0.9961607510899922 0.10892122771939358
0 0.7883729927884615 8.801098969750333e-17 0.6489555456730769 7.947413317974577e-17 0.6489555456730769 0.03214475721153855 0.7883729927884615 0.032144757211538554
0 0.6650887001296936 0.7298427482037564 0.4643659240524944 0.6472505670279755 0.4387003004807693 0.7096254206730771 0.6394230765579684 0.792217601848858