0 0.29176178955078125 0.22475815151515158 0.21922139927737402 0.20486934273817675 0.2140458932639862 0.2677617363623146 0.28658628353739346 0.2876505451392894
0 0.2675579853515625 0.3117791051693405 0.19890750410542463 0.2936873179451438 0.19585612441457842 0.33226468264374825 0.26450660566071627 0.350356469867945
0 0.3084399951171875 0.4067818600713012 0.1726676899891051 0.36659406840428665 0.1668605061250268 0.4319608069758657 0.3026328112531092 0.4721485986428802
0 0.20611996386718753 0.4737293244206774 0.13671537079235263 0.4569436704193942 0.1333271790181286 0.5036195079968824 0.2027317720929635 0.5204051619981654
0 0.2752788989257812 0.47724909714795005 0.2012901850585938 0.47724909714795005 0.2012901850585938 0.5098039215686274 0.2752788989257812 0.5098039215686274
0 1.0059437136837688 0.36459211871339275 0.9999999999033109 0.254443259348978 0.97096485546875 0.2596633262032086 0.976908569249208 0.36981218556762335
0 0.9761541113281249 0.36994782442067736 0.9699942483358085 0.25579327840765714 0.889732315902836 0.2702231226767661 0.8958921788951524 0.3843776686897864
0 0.896953541015625 0.3821648377896613 0.8907936792411004 0.2680102922560974 0.8122240000000001 0.2821358930481283 0.8183838617745246 0.3962904385816922
0 0.8196763007812499 0.394036064171123 0.8135164116576252 0.2798810084110661 0.7311000136582659 0.2946981886961059 0.7372599027818906 0.40885324445616283
0 0.738551822265625 0.4065984474153297 0.7323919607730903 0.2924439040326266 0.6518989511463866 0.30691528918896915 0.6580588126389213 0.42106983257167224
0 0.659351251953125 0.41881545989304814 0.6530833308389601 0.3026583319998798 0.5725903199005813 0.3171297144301334 0.5788582410147463 0.4332868423233018
0 0.5800195084452233 0.43052216960571305 0.5617849587157134 0.30331786361684193 0.508885431640625 0.32858285828877015 0.527119981370135 0.45578716427764127
0 0.999365978515625 0.2404021212121212 0.9793727588842122 0.12479165070374448 0.950516038151581 0.14141837653398048 0.9705092577829939 0.25702884704235723
0 0.9586339687500001 0.2457030864527629 0.95247407955058 0.13154803069420098 0.872212637960164 0.14597778367419068 0.878372527159584 0.2601328394327526
0 0.8795414012042038 0.2599226936041338 0.8732734462185273 0.14376504619191713 0.7932431414638943 0.15815325469969982 0.7995110964495707 0.27431090211191644
0 0.7998936074218751 0.2681755659536542 0.7938418069548107 0.15602360786359679 0.7145042285365297 0.17028726436054975 0.7205560290035942 0.28243922245060715
0 0.721032171875 0.2823536194295901 0.7147642209815441 0.16619597689900267 0.6349644354950662 0.18054273285111774 0.6412323863885221 0.29670037538170513
0 0.6413693680226469 0.294653216392977 0.6351014450163023 0.17849608602921438 0.5555327913237776 0.1928012875211085 0.5618007143301222 0.3089584178848711
0 0.5626304531249999 0.3067872290552584 0.5565786528731924 0.19463527190933114 0.4961310067667323 0.20550281354460442 0.5021828070185399 0.3176547706905317
0 0.9776599570312502 0.11488740641711233 0.9621957365383762 0.02546580751130277 0.936945874462577 0.040014327104727854 0.952410094955451 0.1294359260105374
0 0.9392804475873885 0.11774289888685469 0.9349577328119991 0.03763435717749695 0.8595486483729284 0.051191732314948876 0.8638713631483178 0.1313002740243066
0 0.8615744414062503 0.1317132263814617 0.8571436664542347 0.04960209947219809 0.7802734571881526 0.06342215963065267 0.7847042321401682 0.1455332865399163
0 0.782034244140625 0.1419692843137255 0.777711530013118 0.06186074261559248 0.7011475077944702 0.07562575545909786 0.7054702219219772 0.15573429715723086
0 0.701257752859213 0.15668048282064045 0.6976820878959864 0.07569552990293828 0.6199761529996015 0.08712644148839244 0.6235518179628281 0.16811139440609463
0 0.6240667261223839 0.17057559276071238 0.6204583760325788 0.08618905133533719 0.5404467151288727 0.09758795165357685 0.5440550652186777 0.18197449307895203
0 0.54477158203125 0.1805808591800357 0.540232745327615 0.09646714560420724 0.49546116329636497 0.1045163764419969 0.49999999999999994 0.18863009001782535
0 0.9723489402250989 0.8168546626426242 0.9671803583080444 0.6846752357811735 0.8550055562141067 0.6992895029361119 0.8601741381311612 0.8314689297975626