0 0.38777025120187414 0.3918430740393628 0.2822074636672352 0.320288368610391 0.24080038313843796 0.3813751527441052 0.34636317067307687 0.45292985817307696
0 0.40732020493019166 0.5951394411450575 0.1986117318727578 0.44291162739816836 0.12525553202841658 0.5434849725837245 0.33396400508585045 0.6957127863306136
0 0.1733163629807693 0.6551489807692307 0.06131462980769236 0.5869329663461539 0.013609295629620818 0.6652588573371896 0.12561102880269776 0.7334748717602664
0 0.1001953221153847 0.7383039375 0.000187718995429046 0.6755998017633493 -0.011542604966316027 0.6943086408128447 0.08846499815363963 0.7570127765494953
0 0.29726289527970945 0.7390389790518543 0.1776856958428932 0.6598509233152001 0.1274342235576924 0.7357326995192307 0.24701142299450868 0.814920755255885
0 1.0021784868497767 0.08891098490259591 0.6651751943971684 0.0011396788547715258 0.6336002132364957 0.12237374827237688 0.970603505689104 0.21014505432020128
0 0.9444076610576922 0.318866810096154 0.5993958013911318 0.22282107389271313 0.5657932028334395 0.34352705706578995 0.9108050624999999 0.4395727932692309
0 0.8855946298076925 0.546099622596154 0.5369299158653846 0.4497423293269231 0.5040486312871374 0.568721840815454 0.8527133452294453 0.6650791340846847
0 0.8050705216346153 0.6786033677884615 0.44647223798076935 0.6786033677884615 0.44647223798076935 0.7692307692307693 0.8050705216346153 0.7692307692307693
0 0.6829369881245694 0.8252612286577092 0.6743293563488487 0.7526514960931376 0.449635959570433 0.7792881183969667 0.4582435913461538 0.8518978509615382
0 0.9544703990384615 0.7692307692307693 0.7299992980769231 0.7692307692307693 0.7299992980769231 0.8247887091346153 0.9544703990384615 0.8247887091346153
0 0.6696611802099196 0.8775312219416407 0.6632405324775454 0.8277260520275118 0.4399029134615385 0.8565176850961537 0.4463235611939126 0.9063228550102825
0 0.9395389707880705 0.8604646527665534 0.9354661609935371 0.8124385850663965 0.6970229089554666 0.8326595621075354 0.70109571875 0.8806856298076924