0 0.16939932310061173 0.2922743015408401 0.08369591887717195 0.1759744247095837 -0.03119335679237083 0.2606383323758964 0.05451004743106895 0.3769382092071528
0 0.2673311011870082 0.39881215857758806 0.2141628531860281 0.33490529754988935 0.10668242656250002 0.4243252109375 0.1598506745634801 0.4882320719651987
0 0.4223987987978253 0.6459214439331118 0.21897007055088893 0.4472808293685908 0.12083170847368203 0.5477847582019311 0.32426043672061844 0.746425372766452
0 0.5329095945920379 0.6834962516423513 0.45893056326384646 0.585284187994298 0.37564631426301043 0.6480187221962976 0.4496253455912019 0.7462307858443509
0 0.9448558595717126 0.5513311240956398 0.7699199705657376 0.4808211714175787 0.6865788650252564 0.6875912774057668 0.8615147540312315 0.7581012300838279
0 1.085463010871566 0.3291500638682246 0.8408537 0.2025722109375001 0.6938497422892597 0.48665458363106273 0.9384590531608256 0.6132324365617873
0 0.2775998841681607 0.7951284640410244 0.24396397553884436 0.6912698074009127 0.21578764861798105 0.7003950588578421 0.24942355724729745 0.8042537154979538
0 0.2551156734375001 0.8353499140625 0.22793639500589843 0.7428013976378616 0.20187772333025333 0.7504542041915654 0.22905700176185495 0.8430027206162041
0 0.4401633796875 0.9542715531250001 0.41513719621199907 0.8702111556448402 0.330955498243718 0.8952734523004162 0.35598168171921896 0.9793338497805761
0 0.369787165625 0.9999999999999998 0.36476584562314446 0.9813654944247684 0.33687434375 0.9888812375 0.34189566375185554 1.0075157430752315
0 0.7231946950599345 0.7993923761920497 0.7052497066241683 0.6973999287614069 0.5414300115642339 0.7262230681943572 0.559375 0.828215515625