0 0.24930057421875002 0.08403065242881078 0.21212467561163975 0.06239626071452844 0.1638562248884501 0.30641961730694006 0.20103212349556038 0.3280540090212224
0 0.9978457041015624 0.30626637855946415 0.9621104915326738 0.28755585080822355 0.9589200598920489 0.30548299151174113 0.9946552724609374 0.3241935192629818
0 1.002810131026109 0.1216931053446124 0.9661771063285965 0.10194344652944012 0.9348939403230487 0.2726598023990432 0.9715269650205614 0.29240946121421546
0 0.8804536168508909 0.06136430351137937 0.8432589673427958 0.04405621105785976 0.8098809584960939 0.25508559966499184 0.8470756080041889 0.2723936921185115
0 0.8310683216554555 0.03148953860405499 0.8212604317675087 0.026578333167762553 0.7858521418503344 0.2346168188518149 0.7956600317382811 0.23952802428810735
0 0.5159424086914063 0.32704231993299854 0.49515803591039353 0.3146134923808479 0.4707454467773437 0.43472146984924637 0.4915298195583565 0.447150297401397
0 0.5458475795898439 0.41865545393634856 0.525712694189996 0.4098144157461252 0.5187747250817536 0.45630120039111216 0.5389096104816015 0.4651422385813355
0 0.5335165078641937 0.20211372986246068 0.515875933115541 0.14607573944340307 0.4660341462658445 0.19223672076349868 0.48367472101449727 0.2482747111825563
0 0.6326035361328124 0.10872109798994985 0.6152583857421874 0.054250955611390435 0.5659847316881972 0.10041305804143238 0.5833298820788222 0.15488320041999182
0 0.7254357524414061 0.08091781658291473 0.7158258082300548 0.048474591924035276 0.6480436274414063 0.10754413902847579 0.6576535716527575 0.13998736368735523
0 0.731513531670445 0.1982797143516536 0.6581119619140624 0.16508222696817432 0.652868818427211 0.1991891960336063 0.7262703881835936 0.23238668341708552
0 0.6903499681715453 0.3205444467024707 0.66201185317117 0.2289708468404128 0.5255282955757943 0.3532311064504766 0.5538664105761696 0.4448047063125345
0 0.7004703009829254 0.0043777508604775405 0.6894462104286811 -0.028217280110575484 0.6242901520916628 0.0366159155057181 0.6353142426459071 0.06921094647677113
0 0.4788019593555078 0.5120125186412582 0.4574290201836544 0.5004474698642957 0.4483536233281467 0.5497913909215302 0.4697265625000001 0.5613564396984927
0 0.31252263232421873 0.7005864824120603 0.25277909033257284 0.6611985898567192 0.24896586425781253 0.6782151599664993 0.3087094062494584 0.7176030525218403
0 0.17146694384765634 0.8570807654941375 0.12041652780826745 0.8364585483768848 0.11829862254224248 0.851883425463593 0.16934903858163136 0.8725056425808457
0 0.882653746960713 0.9620103447261986 0.5453163205268517 0.9465996136508883 0.5445371455078124 0.996779255443886 0.8818745719416736 1.0121899865191963