0 0.41149488833703 0.08135843722668969 0.3263945783903933 0.06514145650039643 0.22877811298891546 0.5773941132537047 0.3138784229355522 0.593611093979998
0 0.8886438894230769 1.0387470238576403e-16 0.8047441322115384 9.873732392984649e-17 0.8047441322115384 0.026535966346153954 0.8886438894230769 0.026535966346153957
0 0.9099790456730769 0.049202716346153946 0.7996898907610687 0.04038282134497295 0.7970942019230769 0.07284084134615396 0.9073833568350851 0.08166073634733494
0 0.9056296706730771 0.10131762019230782 0.7921994076922501 0.09538398288183376 0.7905769711538462 0.1263992596153847 0.9040072341346731 0.13233289692585876
0 0.951350137019231 0.15193141586538475 0.7991074879807692 0.1436193293269232 0.7973531511462062 0.17575144029133227 0.9495958001846679 0.18406352682979382
0 0.9487939206730769 0.19795106250000008 0.7949308063508828 0.194915338199138 0.7943063825388449 0.22656373010014308 0.9481694968610389 0.22959945440100515
0 0.034964795673077025 0.80177728125 9.818939811118797e-17 0.80177728125 1.0068758470258677e-16 0.842575764423077 0.034964795673077025 0.842575764423077
0 0.49211288309414974 0.8165570843963477 0.09030374202142874 0.802525597740792 0.08468292475937353 0.9634847185834077 0.4864920658320946 0.9775162052389632
0 0.1877181490384616 0.630339189903846 0.005137128131324198 0.6239633229802265 -0.00039981949769604035 0.7825208278539264 0.18218120140944136 0.7888966947775459
0 0.4936016076108944 0.6386157189200947 0.2430569698981972 0.6298665065035196 0.23743613151354603 0.7908262420399562 0.4879807692262433 0.7995754544565313
0 0.9436133865086529 0.7920238659400265 0.942070733173077 0.7716933197115383 0.8935074620490393 0.7753782326176657 0.8950501153846152 0.7957087788461539
0 0.9489913766933145 0.7436619638630074 0.9486266624893032 0.7308708192496456 0.786016586276758 0.7355073241366383 0.7863813004807694 0.7482984687500002