0 0.2476878904203718 0.252351484570001 0.2154013722143078 0.24662718260680813 0.14525019793976945 0.6422976381409738 0.17753671614583344 0.6480219401041667
0 0.38671392968749996 0.47898425911458337 0.359375 0.47200388932291665 0.35137480050710584 0.5033370275304822 0.3787137301946058 0.5103173973221489
0 0.97324528054852 0.625668661970014 0.4565812812560337 0.4937503455746432 0.40722703835140567 0.6870484501739583 0.9238910376438921 0.8189667665693291
0 0.5794240716145833 0.3007758580729167 0.3786398967151419 0.24951022178158003 0.33002205378952265 0.43992419463732574 0.530806228688964 0.49118983092866236
0 1.0151085352935003 0.40587202907066483 0.6145418201353562 0.3035964891307479 0.5644508005246446 0.4997802022274694 0.9650175156827886 0.6020557421673863
0 0.7721334565399153 0.12256804890799995 0.41476123828125 0.03132124088541671 0.36540680694253885 0.22462008596989236 0.7227790252012042 0.3158668939924756
0 1.049354429570398 0.19027634668595547 0.834874523743161 0.13551381826505998 0.7855200941727628 0.3288126616832712 0.9999999999999999 0.3835751901041667
0 0.8639928995910671 0.038462268024961443 0.4479546355011332 -0.06776357040774333 0.4273289225947053 0.013017959960160344 0.8433671866846392 0.11924379839286513
0 0.3780426825376777 0.869829684620066 0.17641128313398516 0.8302369263146868 0.15763120007066897 0.9258770027086464 0.35926259947436145 0.9654697610140256
0 0.1177690623036375 0.8907173011389538 0.04693230614371874 0.8773268302143028 0.023750495660707343 0.9999606244826946 0.0945872518206261 1.0133510954073455
0 0.7237328877526297 0.8244132668761828 0.5726497329045531 0.7713495931902491 0.5463525681613536 0.8462230110481492 0.6974357230094302 0.8992866847340829