0 0.6007058534572651 0.08746876738123215 0.26976414010786015 -0.14581494881673898 0.16690988049950334 0.00009649950393098017 0.4978515938489083 0.2333802157019021
0 0.055724459518730424 0.8348183829515998 1.0248212535001446e-16 0.8219533798076922 -0.011896379693283098 0.8734822695578468 0.04382807982544722 0.8863472727017545
0 0.36075611773903 0.9027735726138911 0.06329203005925982 0.8340985766481729 0.04003998114344784 0.9348142653812324 0.337504068823218 1.0034892613469508
0 0.09628057460019816 0.6591505549377537 0.0013314754041222963 0.6372298281440986 -0.037602361215306586 0.8058708020524986 0.05734673798076928 0.8277915288461538
0 0.3995317993907899 0.7251419705017886 0.10060401702167293 0.6601535654195678 0.06358284983165613 0.8304401787750877 0.36251063220077306 0.8954285838573086
0 0.14447765025001308 0.4346123697553803 0.04138594376510173 0.412556557578557 -0.005507782545502788 0.6317438733771853 0.09758392393940854 0.6537996855540087
0 0.4456564439926755 0.5029709201697675 0.15287712629289937 0.43537749010232807 0.10258762289708535 0.6532052653313235 0.39536694059686156 0.7207986953987628
0 0.7519035442635058 0.9760264761095995 0.6839782590492509 0.9603446894098459 0.679652277285745 0.9790825762810158 0.7475775625 0.9947643629807694
0 0.9519183581730768 1 0.7755081249999999 0.9592724879807693 0.7717228562486379 0.9756682880172469 0.9481330894217148 1.0163958000364777
0 0.7618160308133017 0.9437761892049825 0.6915486583602293 0.9275536861813826 0.6872226756238506 0.946291573899477 0.7574900480769233 0.962514076923077
0 0.9962215271923847 0.9756894256539383 0.785420610576923 0.9270221995192309 0.781635480019154 0.943417401269139 0.9924363966346156 0.9920846274038463
0 0.7670443426493312 0.9104444781386462 0.6967769707231469 0.8942219752366884 0.692450988376575 0.9129598612663462 0.7627183603027592 0.9291823641683039
0 1.0043259820558221 0.9356197028493228 0.792271338942308 0.8866630288461541 0.787945356886486 0.905400914939139 1.0000000000000002 0.9543575889423077
0 0.7784001490384616 0.8612570769230771 0.7104748626941222 0.8455752883953609 0.70668959375 0.8619710889423078 0.7746148800943392 0.877652877470024
0 1.0043259847324106 0.898613996171442 0.8003824506314388 0.8515299444133403 0.7960564658990281 0.870267852088052 1 0.9173519038461537
0 0.7859705484320578 0.8284660766070734 0.7180452620192308 0.8127842884615386 0.7142601318000944 0.8291794885406758 0.7821854182129214 0.8448612766862109
0 1.0037851303814596 0.8664173060983335 0.807412137019231 0.8210810288461541 0.8036270066377715 0.8374762299593592 1.0000000000000002 0.8828125072115386
0 0.7930002340590687 0.7980171612622395 0.7250749471153846 0.7823353725961538 0.7212898164217006 0.7987305743146835 0.7892151033653847 0.8144123629807694
0 1.0043259818883885 0.7900626198993707 0.8218326670678257 0.7479307209550812 0.8175066851794371 0.766668608267249 1 0.8088005072115385
0 1.0037852684611912 0.7578653115432263 0.8312051754807693 0.7180220576923079 0.8274199067850996 0.734417857741643 0.9999999997655216 0.7742611115925617
0 0.8200342609065631 0.7129761296329261 0.6818428031767775 0.6810721141191224 0.6775168205560416 0.6998100013363147 0.8157082782858271 0.7317140168501185
0 1.0037852684527169 0.7233265471160164 0.8387755745192307 0.6852310576923079 0.8349903060665139 0.7016268567301377 1.0000000000000002 0.7397223461538462
0 0.8273554103791075 0.68260000799304 0.6894443971023254 0.6481562116505232 0.6849309047548213 0.6662279798398194 0.8228419180316036 0.7006717761823362
0 0.9892222050864853 0.6854256323868975 0.8463459735576924 0.6524400552884617 0.8425608429904378 0.66883525703618 0.9854370745192308 0.7018208341346155
0 0.835175198005584 0.6473935270411706 0.694641053023813 0.6149486653275263 0.690315071364383 0.6336865517478945 0.830849216346154 0.6661314134615387
0 1.0043259818728232 0.6223013742239938 0.8586035120192309 0.5886586899038462 0.8542775298454537 0.6073965765988117 0.9999999996990461 0.6410392609189594
0 0.8422083105322359 0.5848735582072737 0.6993314802020206 0.5518878486107028 0.6950054989967078 0.5706257351149676 0.8378823293269231 0.6036114447115385
0 1.0037851299922227 0.5901046642169058 0.8656331971153848 0.5582097764423077 0.8618480669669342 0.5746049758828683 0.9999999998437722 0.6064998636574662
0 0.8492379981004401 0.5544246448333136 0.7063611674715862 0.5214389307868852 0.7020351855083552 0.5401768180854309 0.8449120161372091 0.5731625321318593
0 1.0037852686682873 0.5555652996250033 0.873203735576923 0.5254181754807692 0.8694184667448049 0.5418139751230867 0.9999999998361692 0.5719610992673207
0 0.854465849950909 0.5210921938157493 0.7139317058349798 0.48864733033755275 0.7096057241007058 0.5073852159475782 0.850139868216635 0.5398300794257748
0 0.8620363870192308 0.48830059375000023 0.7238443290358837 0.45639644224050063 0.7200590600961541 0.4727922427884617 0.8582511180795012 0.5046963942979612
0 1.0043259811189171 0.5186838171666891 0.8813149855769231 0.49028449038461547 0.8769890039797186 0.5090223748088472 0.9999999995217126 0.5374217015909208
0 1.0037852409006511 0.48895417533098207 0.8878039302884614 0.4621777812500002 0.8840186893878103 0.47857346168824894 1 0.5053498557692309
0 0.8696067863455931 0.4555095929617564 0.7290726418269231 0.42306472836538467 0.7252873727234322 0.43946052973024935 0.8658215172421022 0.4719053943266211
0 1.0037852268261793 0.45441515529362986 0.8953743850774237 0.42938654046532854 0.8915891579777319 0.4457821603948729 0.9999999997264875 0.47081077522317416
0 0.8771772548076923 0.4227182932692308 0.7767435465946048 0.39953134512262617 0.772417564903846 0.41826923076923084 0.8728512731169336 0.4414561789158355