0 0.2988565982541906 0.451547392047273 0.24740741015625 0.22993556406249996 0.18127390825622605 0.23546282045272707 0.23272309635416666 0.4570746484375001
0 0.709159643090802 0.5913638787356005 0.6835980448522326 0.22865411162431154 0.6076228857030623 0.2305816492903352 0.6331844839416316 0.5932914164016242
0 0.5852229733861499 0.6034036472349824 0.5594800859682876 0.23176980543587594 0.4843526263813849 0.23364326018078904 0.5100955137992472 0.6052771019798955
0 0.2715717502168095 0.8338405729983484 0.27142756168629495 0.8205595780270937 0.2055553994826438 0.8208170349197879 0.20569958801315835 0.8340980298910425
0 0.24982337838877947 0.8137878554485048 0.24947687895414697 0.8095686679052821 0.2045938963508039 0.8108956281452452 0.2049403957854364 0.8151148156884679
0 0.24905103645833337 0.8053518312500001 0.24870453794102468 0.8011326458364806 0.2038328913088322 0.8024592680872772 0.2041793898261409 0.8066784535007967
0 0.281693774255332 0.7938133187397923 0.2812606356917188 0.7885391336993961 0.20459038482404676 0.7908058693463634 0.20502352338765997 0.7960800543867597
0 0.28467235215005543 0.785304115274678 0.2845553130203348 0.7808197894338366 0.2039973179476994 0.781576700878096 0.20411435707742 0.7860610267189376
0 0.2838955130208333 0.7567406515625 0.2833757587085957 0.7504117922731757 0.20110918511982034 0.7528439882806371 0.20162893943205795 0.7591728475699615
0 0.28301771273305465 0.7475256166052986 0.2829216710348077 0.7406459900547593 0.2019366649809956 0.7410529972497648 0.20203270667924256 0.7479326238003041
0 0.2817503486490688 0.733830209356525 0.28158628825177323 0.7290864374481881 0.20272721253951267 0.7300682625770127 0.20289127293680823 0.7348120344853496
0 0.7233092408854166 0.88253612578125 0.7145259942622503 0.8119538441830242 0.5459115703125 0.8195074898437499 0.5546948169356664 0.8900897714419755