0 0.4155493736918104 0.08867417743903307 0.2835503926621301 0.08204827380752203 0.2814908534745634 0.15924555989766168 0.4134898345042437 0.1658714635291727
0 0.8710173436621753 0.018463761869480236 0.75689705719386 0.017361140428898015 0.756776812185816 0.04077699354401133 0.8708970986541315 0.04187961498459354
0 0.06796387096774194 0.8243115044247786 0.06158377676978537 0.776666123759893 0.013666725087385647 0.7887387814661331 0.020046819285342212 0.8363841621310187
0 0.11670516129032259 0.7998637168141592 0.10417408937512103 0.7515947198300904 0.06314193548387097 0.771637168141593 0.07567300739907251 0.8199061651256618
0 0.05117935483870966 0.7591176991150442 0.03325510203810741 0.707436646183016 -0.0002532044611596927 0.7293026135636229 0.01767104833944256 0.7809836664956511
0 0.1020741935483871 0.731912389380531 0.09165387151726258 0.6874903998976518 0.0527512908721013 0.7046603114020765 0.06317161290322583 0.7490823008849558
0 0.9786392180645163 0.9695108991150444 0.8882661290322581 0.9695108991150444 0.8882661290322581 0.9969512460176991 0.9786392180645163 0.9969512460176991
0 0.9983569600000001 0.9024336283185843 0.9835687587096773 0.9024336283185843 0.9835687587096773 0.9969512460176991 0.9983569600000001 0.9969512460176991
0 0.9802822580645161 0.8993848743362833 0.8882661290322581 0.8993848743362833 0.8882661290322581 0.9390210176991151 0.9802822580645161 0.9390210176991151
0 0.8734779277419354 0.8963361203539825 0.7831048387096774 0.8963361203539825 0.7831048387096774 0.9969512460176991 0.8734779277419354 0.9969512460176991
0 0.7781752980645161 0.8932865858407082 0.6828730890322581 0.8932865858407082 0.6828730890322581 0.9969512460176991 0.7781752980645161 0.9969512460176991
0 0.6730140077419355 0.8902378318584072 0.5809979838709679 0.8902378318584071 0.5809979838709679 0.9969512460176991 0.6730140077419355 0.9969512460176991
0 0.9983569600000001 0.5335109805309737 0.9835687587096773 0.5335109805309737 0.9835687587096773 0.8780420353982303 0.9983569600000001 0.8780420353982303
0 0.981587674271824 0.5319255360230996 0.8907826243040802 0.5301202503723751 0.8871387748313634 0.8749708686055967 0.9779438247991072 0.8767761542563212
0 0.878146272679988 0.528040069926082 0.7855786047751976 0.5264218529348504 0.7823237746574118 0.8767357779593057 0.8748914425622023 0.8783539949505372
0 0.7829347818999435 0.5274937131949288 0.6892250124497342 0.5250574510380831 0.6844401564067403 0.8713444890896166 0.7781499258569494 0.8737807512464624
0 0.6782495196172678 0.5201982204826753 0.5841772793004568 0.518078077100978 0.5799992924275105 0.8668727430869289 0.6740715327443214 0.8689928864686262
0 0.9983569600000001 0.21946902654867273 0.9868548387096774 0.21946902654867273 0.9868548387096774 0.5091193876106197 0.9983569600000001 0.5091193876106197
0 0.9840350988637738 0.21947541780568994 0.8926943572091554 0.2182235801697377 0.8905755354202535 0.5091059963972047 0.981916277074872 0.5103578340331568
0 0.880144386090617 0.21947038633190283 0.7877160698322688 0.21813159693119352 0.7854765798209231 0.5090347412133277 0.8779048960792712 0.510373530614037
0 0.7831048387096774 0.2194690265486727 0.6894456696774193 0.21946902654867267 0.6894456696774193 0.5060706336283188 0.7831048387096774 0.5060706336283188
0 0.6814724903062226 0.2194730573497039 0.5859414185859321 0.2178847686226798 0.583427742408348 0.5023512068995604 0.6789588141286387 0.5039394956265845
0 0.5826411290322581 0.21946902654867267 0.5793548387096774 0.21946902654867267 0.5793548387096774 0.49997234513274336 0.5826411290322581 0.49997234513274336