0 0.42273730391467224 0.24814255196207097 0.22286553593749997 0.24301195312499999 0.22065298283060444 0.3292059658050227 0.4205247508077766 0.3343365646420937
0 0.8546247687499997 0.19445849843750013 0.6000000000000002 0.19201742031250008 0.5975880005435129 0.4436090418765146 0.8522127692935125 0.44605012000151467
0 1.0011212194870882 0.3054550975044963 0.9774205246938397 0.30469526072845043 0.9762993052067515 0.3396681413489543 1 0.34042797812500014
0 1 0.3470805281250001 0.9778023328125001 0.3470805281250001 0.9778023328125001 0.3867891187500001 1 0.3867891187500001
0 1 0.3987951421875001 0.9757073937499999 0.3987951421875001 0.9757073937499999 0.43165889218750014 1 0.43165889218750014
0 1 0.4364144718750002 0.9775417578125 0.4364144718750002 0.9775417578125 0.4711320390625001 1 0.4711320390625001
0 0.4851654756825591 0.9716053425625211 0.4612671127614979 0.8413812970733423 0.236082018858676 0.882706653525658 0.25998038177973715 1.0129306990148368
0 0.6264138590838173 0.9456838240056011 0.5927790627011598 0.7624051847174806 0.4388599638749965 0.790651998249753 0.4724947602576541 0.9739306375378736
0 0.5829187870547076 0.7300217784853109 0.5253276582031189 0.5828150501959806 0.3611886919857035 0.6470305141414482 0.41877982083729215 0.7942372424307785
0 0.5298862875 0.594467209375 0.5279091791986473 0.583693793128296 0.481696769798014 0.5921745698994945 0.48367387809936674 0.6029479861461985
0 0.4730784910923401 0.7806004647358794 0.21791813108591054 0.515909679806803 0.0084628897779075 0.7178233006066511 0.2636232497843371 0.9825140855357276
0 0.0938439759660559 0.6728267705920944 0.08440264173014614 0.6213801906020449 -0.00944133423590976 0.6386021778224505 0 0.6900487578125001
0 0.692594147123638 0.6194864312541991 0.68523261615494 0.5959756053329157 0.592638469031302 0.6249679803287166 0.6 0.64847880625
0 0.7016267267961013 0.6603835931760706 0.6929103887377872 0.6349909085591781 0.5912836619416859 0.6698754794456075 0.6 0.6952681640625001
0 0.7134540656385007 0.7015299999639947 0.7035413446971153 0.6740934878971816 0.5900872790586147 0.7150840660581871 0.6 0.7425205781250002
0 0.7248697734375 0.743403540625 0.7184880120185794 0.7214396700527761 0.5936182385810793 0.7577214856777761 0.6 0.77968535625
0 0.8135608953125001 0.97156843125 0.7814135477794022 0.8515928966326662 0.5750506275873211 0.906887674309792 0.6071979751204191 1.026863208927126