0 0.4987609645890447 0.23289361195565358 0.47599465625 0.1293840013020833 0.20798743384845533 0.18833055731517975 0.2307537421875 0.29184016796875
0 0.10975626652189795 0.061442965303810215 0.04226492580409078 0.039469037096002184 0.03416995894232733 0.06433214584014124 0.10166129966013449 0.08630607404794928
0 0.7052621835937499 0.3959085625 0.6586712109330651 0.2722108512840726 0.6341943697916667 0.2814300989583333 0.6807853424523516 0.4051278101742608
0 0.6751782955729166 0.40997398697916676 0.630604227296969 0.2854154821359002 0.6024965260416667 0.29547400520833345 0.6470705943176144 0.4200325100516
0 0.6401923124999999 0.4242862447916667 0.5903914791666666 0.29059410546875003 0.5692074754900076 0.29848522787712023 0.6190083088233409 0.43217736720003685
0 0.6087541757812501 0.4372135546875 0.5594223268229168 0.3042838606770833 0.5463414921674329 0.30913831975244005 0.5956733411257663 0.44206801376285676
0 0.7607665989583333 0.33731050390625006 0.7087779796990569 0.1980386565683874 0.6851525507812499 0.2068577643229167 0.7371411700405263 0.34612961166077927
0 0.7949665775198396 0.322024776270332 0.7420366282654579 0.18788016171587751 0.7200531874999999 0.1965542513020834 0.7729831367543815 0.3306988658565379
0 0.8269851705108496 0.30970374504224013 0.7737259772556954 0.17586674947856087 0.7502614401041665 0.18520424479166672 0.8035206333593208 0.319041240355346
0 0.8590097526041666 0.29508733984374996 0.8066037548365602 0.16264365608005762 0.7844784283854166 0.1713983190104167 0.8368844261530229 0.30384200277410905
0 0.5062259195739441 0.6682735742955993 0.4347991367610223 0.6327063235173364 0.3633975476716233 0.7760962590560944 0.4348243304845451 0.8116635098343575
0 0.9374168105401525 0.6680626065490406 0.8805439381484045 0.6443372126292912 0.7446135950561689 0.9701800240490007 0.8014864674479169 0.9939054179687501
0 0.9234720690817658 0.7557683229824473 0.834574951578645 0.7248196215657897 0.7420292726485392 0.990648031730605 0.83092639015166 1.0215967331472628