0 0.4285820898437501 0.05093457552083341 0.3618941025794391 0.03005210714199873 0.20889831839762185 0.24720355201091807 0.2755863056619329 0.26808602038975277
0 0.24979177403536795 0.3125993893249666 0.18090296821802898 0.2912522720338884 0.05750222656250009 0.46824061848958337 0.12639103237983906 0.48958773578066167
0 0.7240784407201535 0.3961243764268901 0.6774502038104578 0.24732581363231043 0.5641010163457432 0.263112324431769 0.6107292532554389 0.4119108872263486
0 0.8764949809989352 0.45483330853532294 0.8078091732540257 0.23462154035247473 0.6920433646994054 0.2506696645647694 0.7607291724443149 0.4708814327476177
0 0.36616937421470597 0.9908182116715741 0.30698192115394174 0.7320727084142084 0.2067371803246425 0.7422641570560055 0.26592463338540673 1.0010096603133711
0 0.972585373694507 0.9683146611596872 0.9720447187499999 0.9665660950520834 0.9328852649773679 0.9719474573298962 0.9334259199218751 0.9736960234375
0 0.9172447955305745 0.9759196608942672 0.9161633470490541 0.9724220807273797 0.8380610085497295 0.9831550448331127 0.83914245703125 0.9866526250000002
0 0.8211279154262705 0.9891282158276592 0.8195058113738234 0.9838820680179369 0.7411868510256778 0.9946448014090277 0.7428089550781249 0.99989094921875
0 0.7281212871093752 0.9965274062499999 0.7022177792968752 0.9965274062499999 0.7022177792968752 1 0.7281212871093752 1
0 0.9735353953051243 0.9632230707420913 0.9594724257734073 0.8861846134114661 0.9180644230464079 0.8895440869402081 0.9321273925781249 0.9665825442708332
0 0.926234732480558 0.9688322093864289 0.912019123046875 0.89095755859375 0.822992313921813 0.8981803930378317 0.837207923355496 0.9760550438305106
0 0.8319379759636927 0.9817159757877153 0.817411046875 0.9021359049479166 0.7283837056769322 0.9093587846289514 0.7429106347656249 0.98893885546875
0 0.7393915296247814 0.9926790546867911 0.7248524882812499 0.9130326041666664 0.6337548816086049 0.9204234440656395 0.6482939229521364 1.0000698945857642
0 0.6398769140625 0.9999999999999999 0.62646946875 0.9265525742187498 0.5353717559589154 0.9339434245936862 0.5487792012714154 1.0073908503749363
0 0.6281691367577104 0.925161296321309 0.6125616787941669 0.8263884664061387 0.5077519565645292 0.8337490750776828 0.5233594145280728 0.932521904992853
0 0.7268412590117588 0.9124182013379879 0.7078524591415644 0.8083954954693492 0.6167548524735557 0.8157863357980281 0.6357436523437501 0.9198090416666668
0 0.8193790674056315 0.901407814788195 0.799333333984375 0.7915951197916667 0.7103059942653547 0.7988179977790636 0.7303517276866112 0.9086306927755919
0 0.9136630560802064 0.8884511399049044 0.8929888574319992 0.7751956477981042 0.803961516195543 0.7824185261223665 0.8246357148437502 0.8956740182291668
0 0.9627567240279111 0.8811551963232427 0.94183499609375 0.7665436927083333 0.8983567251199304 0.7700711282533272 0.9192784530540915 0.8846826318682366