0 0.13683505853174607 0.32334171796875 0.07361391423656591 0.27155855360464776 0.052945954868885085 0.33415252135801965 0.11616709916406524 0.38593568572212195
0 0.18397029662698414 0.3647822546875 0.12166063314088008 0.31434347775730687 0.10199746995690954 0.37460017982652183 0.16430713344301362 0.4250389567567149
0 0.3233246096230158 0.09969744062500005 0.29364046621494727 0.03910452878617612 0.11388861011904762 0.25754705859375004 0.14357275352711615 0.31813997043257397
0 0.36786404315476184 0.14365794843750002 0.3407986968060973 0.08696475788138347 0.161547469504061 0.29924322575675577 0.18861281585272555 0.3559364163128723
0 0.9050487787698412 0.4141689109375002 0.7457944781746031 0.4141689109375002 0.7457944781746031 0.47968750000000016 0.9050487787698412 0.47968750000000016
0 0.7540315396825397 0.4053813632812502 0.5534513236793781 0.3731555858152762 0.5480675975816218 0.45628003179709503 0.7486478135847834 0.4885058092630691
0 0.5583072223625493 0.37393574447328237 0.4444084037102019 0.3556364481541835 0.4390246791862759 0.43876089644919913 0.5529234978386233 0.457060192768298
0 0.9660567673611111 0.39745098046875016 0.7904143586793883 0.36923177833974485 0.7878448606150795 0.4089046890625002 0.9634872692968023 0.4371238911915055
0 0.260559990082135 0.6691967118830986 0.19916224113253136 0.646206113328064 0.1656329159719892 0.8683263355712771 0.22703066492159282 0.8913169341263117
0 0.2327301329155543 0.8989673494616236 0.23207779173580015 0.8671342133454122 0.1951429568424666 0.86901176825387 0.19579529802222076 0.9008449043700815
0 0.3097212537167239 0.49884066131881505 0.2748506718105483 0.4906976860781714 0.2741008570472007 0.498662785183656 0.30897143895337625 0.5068057604242997
0 0.19261346378968255 0.5683990859375 0.1488312578583143 0.5578470982085767 0.14662975592510438 0.5805062448119972 0.19041196185647263 0.5910582325409205
0 1.021310000683441 0.6821599767415485 0.8831327630989827 0.4143882645701561 0.544203141654347 0.8482411132246364 0.6823803792388052 1.1160128253960289