0 0.37990209708746486 0.12863173099466374 0.20675005468749996 0.04507972265625003 0.15827109284845214 0.1455468619003677 0.33142313524841704 0.2290988702387814
0 0.3151476870675306 0.24329296991527036 0.21592800863626102 0.19442041238467517 0.05917587594598392 0.5126541407752672 0.15839555437725347 0.5615266983058623
0 0.6187831809674348 0.3506239075587635 0.4705399944947766 0.32593599089785996 0.4397532280508807 0.5108008550141664 0.5879964145235388 0.5354887716750699
0 0.46836269444370376 0.7034464018830756 0.43749743519361944 0.6985578235303849 0.42924801757812503 0.750642580078125 0.46011327682820935 0.7555311584308158
0 0.4479121542578729 0.7039632448579145 0.3821319632561736 0.6698165390197098 0.35794451109329134 0.716411230485928 0.42372470209499064 0.7505579363241328
0 0.3870376325712882 0.6732621391016151 0.31627032735346394 0.6423135708135441 0.2950343815932492 0.6908718963946835 0.36580168681107345 0.7218204646827546
0 0.32435565256529997 0.6476375450730468 0.25321900148068355 0.61340315128472 0.23026081341244736 0.6611086437272938 0.3013974644970637 0.6953430375156207
0 0.472791479382437 0.6408687814319538 0.4607782617187501 0.63896607421875 0.4567367823363131 0.664482964661796 0.46875 0.6663856718749999
0 0.2551194826411327 0.616437571850256 0.1212221915206034 0.5564753150416617 0.0997907334783836 0.604332322588536 0.23368802459891294 0.6642945793971303
0 0.4647941831267763 0.6358907134051203 0.36234086615260624 0.589727441709889 0.3485482629231988 0.6203383126180577 0.45100157989736883 0.666501584313289
0 0.11353126135939717 0.5590783907687914 0.04794258148073555 0.5486901664392208 0.04134719101280934 0.5903318311118071 0.10693587089147097 0.6007200554413777
0 0.042419068359375034 0.5585937500000001 0.019270121422132247 0.5549273172035648 0.017089892755139127 0.5686927400342655 0.040238839692381914 0.5723591728307008
0 0.36138764070223406 0.5868432321891316 0.26949061705869987 0.5496546229678013 0.2562525286321061 0.5823673527688424 0.34814955227564026 0.6195559619901727
0 0.26191846875000013 0.55859375 0.21032115039062504 0.55859375 0.21032115039062504 0.575102740234375 0.26191846875000013 0.575102740234375