0 0.08189536312217631 0.20873286116914683 1.3306043740825846e-17 0.1492555792682927 -0.045743889600277525 0.22345381829962985 0.036151473521898764 0.282931100200484
0 0.28366872801972587 0.17690742218075664 0.2092318141997078 0.1352916629751623 0.08830235771556247 0.39010077026595036 0.16273927153558052 0.43171652947154476
0 0.5595560288153306 0.0076774863261803135 0.45392086128738524 -0.02090866877714027 0.4109351797136675 0.1662150782609571 0.516570347241613 0.19480123336427768
0 0.5129826920338904 0.23745961564072274 0.43694958036390363 0.21828762920536182 0.3878871767195265 0.4474993286052896 0.4639202883895132 0.4666713150406505
0 0.6263547350187266 0.020981831300813113 0.5846595338548006 0.011003207044737335 0.5488544725897254 0.18724631126250313 0.5905496737536514 0.1972249355185789
0 0.5436344147940074 0.2489499390243903 0.5175408217063433 0.24239425505754986 0.4770917382200876 0.4320547460637705 0.5031853313077517 0.438610430030611
0 0.9969344662921347 0.05602127337398388 0.6455682643138052 -0.04159841141949948 0.6308488136704121 0.020813357723577296 0.9822150156487415 0.11843304251706066
0 1.0182954379105593 0.3153221263215872 0.9098692460630124 0.2896556363654936 0.8709456920475843 0.4833569297593537 0.9793718838951312 0.5090234197154473
0 0.2253390056032635 0.7990264840196271 0.2021291403913768 0.730365098965115 0.1440850177879238 0.753478859937963 0.1672948829998105 0.8221402449924751
0 0.800369541198502 0.7453924491869921 0.7335950300186231 0.6973475207506978 0.7248285720973784 0.7117004197154474 0.7916030832772573 0.7597453481517417
0 0.5842801797752809 0.8538374197154471 0.523580350330774 0.8241003041727877 0.5179337778676442 0.8376779927990303 0.578633607312151 0.8674151083416898