0 0.34576559185571676 0.4108829533112198 0.3366878341400196 0.22402197195037296 0.237942928125 0.2288190265625 0.24702068584069714 0.4156800079233468
0 0.177272559375 0.5687500000000001 0.1710392359375 0.39025100468749996 0.03930711250338352 0.3948511926663508 0.04554043594088351 0.573350187978851
0 0.42603111875 0.4628892265625 0.24392579531250008 0.4628892265625 0.24392579531250008 0.56875 0.42603111875 0.56875
0 0.996274665554694 0.18392147617914087 0.9919620067489096 -0.00031376781350846985 0.9770683208817156 0.00003487006985062047 0.9813809796875 0.18427011406249996
0 0.9770429773029681 0.19048773973495398 0.9741631265085022 -0.0012322577683623215 0.890266396094568 0.00002796583315050338 0.893146246889034 0.19174796333646682
0 0.881168110118758 0.17101567148937166 0.8799588169785446 -0.0005210563275988795 0.7955677647137214 0.00007388052294032623 0.7967770578539346 0.17161060833991088
0 0.7949214265170352 0.17619820579118578 0.7908154796875 0.0007935171875000008 0.7059226540475259 0.0027807242060893995 0.710028600877061 0.1781854128097752
0 0.6996212864202758 0.18063227428231757 0.6989756094622935 0.005671150506328815 0.6181043230420177 0.005969598099011257 0.61875 0.18093072187499998
0 0.43164344531250015 0.9163144328125 0.3052237359375001 0.9163144328125 0.3052237359375001 1 0.43164344531250015 1
0 0.29077477895777426 0.9941774987036112 0.08985294727998183 0.741030252895275 -0.05794748798598568 0.8583387943395575 0.14297434369180673 1.1114860401478937
0 0.9268898005935167 0.8833897159826265 0.7223772859375001 0.7561981421874999 0.6671200043297267 0.8450468392943076 0.8716325189857432 0.9722384130894343