0 0.33424031093750006 0.09734274804687501 0.10613014405960416 0.08737336296091985 0.08031392812500007 0.31811655175781256 0.30842409500289597 0.32808593684376774
0 0.16806241093750005 0.2119560498046875 4.15314076725164e-17 0.2119560498046875 6.477644818061621e-17 0.44921875 0.16806241093750007 0.44921875
0 0.7850428989400886 0.22970387736756076 0.7497387200657487 0.16098490448819458 0.66603279504442 0.17778321829652444 0.7013369739187599 0.24650219117589062
0 0.8833996779019507 0.27603263419375473 0.837727699448292 0.13829868332522122 0.7774331381428936 0.14610861067816788 0.8231051165965525 0.28384256154670134
0 0.3951156996767322 0.8515056467878996 0.3898319984375001 0.851362755859375 0.3855057221982681 0.9138523746964753 0.3907894234375002 0.9139952656249999
0 0.4166495295713591 0.8536270367852942 0.3990899765625001 0.853129009765625 0.3947132578551002 0.9134084514363571 0.41227281086395917 0.9139064784560262
0 0.43896029998794595 0.855024377878407 0.4218114234375002 0.854385732421875 0.4161861397881153 0.913389576684826 0.43333501633856103 0.914028222141358
0 0.46241030468750016 0.8577575908203128 0.44505997499788696 0.8569992892863478 0.438654281247887 0.9142514660441603 0.4560046109375002 0.9150097675781252
0 0.48616799454118614 0.8595137755235389 0.4669874535848577 0.8587533825432304 0.46091782310617174 0.9185594214728164 0.48009836406250017 0.9193198144531249
0 0.4957018572472598 0.8612199243432698 0.49104451562500007 0.8610458740234376 0.48540954744024045 0.9199458031957928 0.4900668890625002 0.920119853515625
0 0.41266298593750017 0.8036770537109376 0.40440806507321636 0.8034365610186885 0.4020336869482163 0.8352727407061885 0.41028860781250015 0.8355132333984375
0 0.4217853641604895 0.8032265902269289 0.41339972627487426 0.8030329439316019 0.41147336523938494 0.8356184621031105 0.4198590031250002 0.8358121083984376
0 0.43543156406250005 0.8048451435546875 0.42703746009756616 0.8046671793557627 0.4253156632225662 0.8363908658792001 0.4337097671875001 0.8365688300781249
0 0.445782676488738 0.8052963112014826 0.43769238750000017 0.8050095312500002 0.43471934382376237 0.8377719964157052 0.4428096328125002 0.8380587763671876
0 0.4588520234577621 0.807604303651427 0.45101269702486746 0.8073760921750553 0.4487168516921055 0.8381827035626909 0.45655617812500016 0.8384109150390625
0 0.4689285374512012 0.807973270702196 0.46068642812500016 0.8076563613281251 0.45752298754879916 0.8397946687509292 0.46576509687500023 0.8401115781250001
0 0.4823748077196761 0.8088144288220004 0.47397927735436446 0.8085859648940419 0.4716874633846885 0.8414839950564166 0.48008299375000013 0.8417124589843751
0 0.49137867349033215 0.8095263219962635 0.4838148364995818 0.809340228119636 0.48168777238424987 0.8431117547561849 0.48925160937500023 0.8432978486328124
0 0.4971142515219162 0.715495868125075 0.4800779140625001 0.7152806396484375 0.4780450609780841 0.778136030312425 0.4950813984375002 0.7783512587890624
0 0.4747380238278329 0.7144484620674171 0.46089330010991525 0.7142503024931496 0.4586054356570825 0.7766898228476077 0.47245015937500023 0.7768879824218752
0 0.42815718561269883 0.7090189293394682 0.4101135792119278 0.7088257674157609 0.408367918599229 0.7725231622950426 0.42641152500000007 0.7727163242187499
0 0.4047716168164448 0.7081832049494198 0.3962410818168979 0.7081055367091689 0.3948012259379532 0.7698804098847492 0.40333176093750006 0.7699580781250001
0 0.40373967343749995 0.6162242675781249 0.4032567073714578 0.5533551318484695 0.3981959924650747 0.5533703181155795 0.3986789585311169 0.6162394538452348
0 0.4262486804296418 0.5550807107576494 0.4085526921875001 0.5550511972656251 0.4082866086328584 0.6173718927579757 0.4259825968750001 0.61740140625
0 0.44935891874999995 0.620989826171875 0.44881879056237306 0.5529161669083245 0.4311464984374999 0.5529709404296874 0.4316866266251268 0.621044599693238
0 0.4720021864546099 0.5556340559366066 0.4536999312500001 0.555603658203125 0.45341824010789045 0.6218552975790185 0.47172049531250027 0.6218856953125002
0 0.4953743890625 0.6222734384765626 0.49360216892966735 0.5561812425822292 0.47637294205865616 0.5563617077164867 0.47814516219148884 0.6224539036108201
0 0.5041881546875 0.6223761992187501 0.5030965657557878 0.5576469774546582 0.49922067656250013 0.557672509765625 0.5003122654942123 0.6224017315297169
0 0.42792718727625134 0.640173173367497 0.4098401093312276 0.6400785655875375 0.40936719154612095 0.6753958449103521 0.4274542694911447 0.6754904526903116
0 0.45148347220973994 0.6420741644631157 0.43362852031250015 0.6419489599609375 0.43299490179507216 0.6772450529061655 0.45084985369231195 0.6773702574083438
0 0.4742965940209579 0.6447789992141054 0.4567835742921812 0.6447153525126983 0.45646817354558467 0.6786159918004175 0.47398119327436145 0.6786796385018247
0 0.49682913506481147 0.6460547958671515 0.4797058187500002 0.6459256435546875 0.4790372970031587 0.68054837019022 0.49616061331797 0.680677522502684
0 0.9007994222584464 0.5248873439536653 0.8399503609375 0.5219315673828127 0.8233665713823154 0.6552917229369897 0.8842156327032619 0.6582474995078424
0 0.848402621710988 0.6700158537273233 0.7438512479755468 0.6659949185538135 0.7109720224646375 0.9999471008302057 0.815523396200079 1.0039680360037155