0 0.45562504296875 0.20481320507812506 0.3472383847004515 0.1848529019035913 0.3279986067679223 0.419919686201287 0.43638526503622077 0.43987998937582073
0 0.4669174765625 8.326672684688674e-17 0.3613039881326141 -0.018384896960062798 0.35344753240344745 0.08316216749306218 0.4590610208333334 0.10154706445312506
0 0.3055896783854167 6.245004513516506e-17 0.15976789785817183 -0.026929011621095112 0.13470958960027565 0.2783776276201767 0.2805313701275205 0.3053066392412719
0 0.26616227343750004 0.3697335703125 0.18708432357583263 0.3572498815420758 0.1826871002604167 0.41992187500000006 0.2617650501220841 0.4324055637704242
0 0.9998183783812266 0.15856607899644826 0.935475264910453 0.06403843889526317 0.7938689776198169 0.2809128488934112 0.8582120910905905 0.3754404889945963
0 0.5372007949456253 0.46060652749984626 0.4218612195868112 0.44250747800669077 0.4038656352184926 0.7005379831644984 0.5192052105773067 0.7186370326576539
0 0.42453681380208336 0.4429273339843751 0.22748113849936535 0.41200542510947313 0.21864119384301792 0.5387573943886217 0.4156968691457359 0.5696793032635237
0 0.7585897055706806 0.9797691569838531 0.72069177668895 0.9733387376615458 0.7191583866293506 0.9936722004042273 0.7570563155110812 1.0001026197265346
0 0.7057603478828481 0.8815653164393007 0.6139641264295164 0.8659895754554776 0.6057859869791667 0.974435470703125 0.6975822084324985 0.9900112116869482
0 0.61376280078125 0.7126745292968751 0.51953125 0.712674529296875 0.5195312500000001 0.972227955078125 0.61376280078125 0.9722279550781251
0 0.992697955353227 0.7766903784683851 0.9301649143888535 0.7603119091921797 0.9206746573417792 0.8418380213720235 0.9832076983061527 0.8582164906482288
0 1.0038603145660658 0.6808000429290085 0.9560408741637895 0.6682753187887105 0.9463295779940322 0.7517002846592087 0.9941490183963086 0.7642250087995066
0 1 0.45648768359375025 0.9878566953125 0.45648768359375025 0.9878566953125 0.6289412871093752 1 0.6289412871093752