0 0.09826806955225607 0.32983917197484275 0.03710423632812502 0.10165366015625 -0.06116383322413104 0.12799385927515727 1.3877787807814457e-17 0.35617937109375003
0 0.15379335742187505 0.435127787109375 5.5050384984772674e-17 0.435127787109375 6.081657858796666e-17 0.529296875 0.15379335742187505 0.529296875
0 0.468088767578125 0.529296875 0.35750250280148044 0.12439151093313147 0.14451340916775957 0.18256230933042417 0.2550996739444042 0.5874676733972927
0 0.25629086628151937 0.08246798799199148 0.23089863526240137 -0.010431090220209334 0.11660336663713204 0.020809390537799177 0.14199559765625003 0.11370846874999999
0 0.7214836725889548 0.1792745608921236 0.7133203530385807 0.1495536877141799 0.6310106609183758 0.17216137877518128 0.63917398046875 0.20188225195312498
0 0.8053612586316841 0.10935699298736004 0.7971980781250001 0.07963662695312498 0.7138969737901908 0.10251662615326496 0.7220601542968749 0.1322369921875
0 0.7121290789751777 0.1370959931444307 0.7034215750442612 0.10539386509855556 0.6210217180287787 0.12802632301529254 0.6297292219596953 0.15972845106116768
0 0.791920290869407 0.049123195522779606 0.7826685328064835 0.015439557149664496 0.7010080231870766 0.03786894170500993 0.71025978125 0.07155258007812504
0 0.7039434354039165 0.09246508453668109 0.6897937421875 0.04094912500000003 0.6055904243687877 0.06407693093926112 0.6197401175852042 0.11559289047594218
0 0.6877908419443478 0.028714084194436357 0.6834370898437502 0.01286301953125002 0.6007667088369024 0.035569781039938686 0.6051204609375 0.05142084570312502
0 0.35669801953124997 0.9999999999999998 0.30175251171875 0.8002540996093749 0.1279834859007093 0.8480539660746383 0.18292899371320925 1.0477998664652632
0 0.81162367578125 0.849901998046875 0.7931191671949596 0.8324856986893407 0.7211399316406251 0.908962357421875 0.7396444402269156 0.9263786567794093