0 0.10887877663600434 0.29004435025320274 0.0771160578125 0.08459759635416665 0.0014080436764956545 0.09272585938221393 0.03317076249999999 0.29817261328125
0 0.1496155027272777 0.5629096054448579 0.11973106688652224 0.346020761867875 0.045539575180714456 0.35311979919183206 0.07542401102146991 0.570008642768815
0 0.28557586476652486 0.502722978641194 0.22502859687500001 0.11836567578125 0.12262333054597516 0.12956828568172268 0.18317059843749997 0.5139255885416667
0 0.17952257900896224 0.08808325664249649 0.16558537226315417 -0.0003212834432690127 0.11078339169169191 0.0056784911642344975 0.12472059843749998 0.09408303124999999
0 0.86719511875 0.16482342317708334 0.8231430401294585 0.021568873448185144 0.44486264609335374 0.1023498915449136 0.48891472471389524 0.24560444127381179
0 0.8547324749999999 0.38511788020833326 0.7991223520073414 0.21237048600958883 0.50161561875 0.27887891015624994 0.5572257417426585 0.4516263043549944
0 0.9544328594042486 0.5698559758053382 0.8375150805015986 0.20556502814584818 0.8191315085973496 0.20966234530926 0.9360492874999998 0.5739532929687501
0 0.829810221875 0.41533138281250004 0.8240733721088 0.3969315141679344 0.5750419096088001 0.4508515883866843 0.580778759375 0.46925145703125
0 0.9285838273010478 0.6113430708696912 0.8624097288501982 0.41371876342618225 0.5659069823346733 0.48266552953128244 0.6320810807855228 0.6802898369747913
0 1.0437923849843058 0.06447086523266872 0.9959789901261249 -0.005919704664880306 0.9362481348293195 0.022255776456617655 0.9840615296875 0.09264634635416669
0 0.4978377625 0.7707298984375002 0.49016752255277485 0.7305928301616191 0.36107976005277487 0.7477239551616192 0.36875 0.7878610234375002