0 0.30625 1.8752404111943846e-17 0 0 1.014160630543902e-17 0.16562500000000002 0.30625 0.16562500000000005
0 0.5890625 6.408872002465097e-17 0.4575857265625 5.603808953702817e-17 0.4575857265625 0.17324375000000006 0.5890625 0.17324375000000009
0 0.5890625 0.10403125000000006 0.30512968749999997 0.10403125000000005 0.3051296875 0.4796875 0.5890625 0.4796875
0 0.04843750000000004 0.3340104953125 4.090448839660752e-17 0.3340104953125 4.743274399201888e-17 0.440625 0.04843750000000005 0.440625
0 0.6756363406250001 8.881784197001253e-17 0.6140922490364957 -0.027091711525912433 0.5843282761867454 0.04052294136712191 0.6458723677752498 0.06761465289303444
0 0.63125 0.042397562500000076 0.5890625 0.04239756250000007 0.5890625 0.15625000000000008 0.63125 0.15625000000000008
0 0.7015947999898398 0.2242318622678277 0.6491805037019236 0.18799355079530905 0.5850793617680572 0.28070803193948024 0.6374936580559734 0.3169463434119989
0 0.7547266215464845 0.1431154790442674 0.6970611113288392 0.10480974415400172 0.6400992878916665 0.19056015778897709 0.6977647981093118 0.22886589267924276
0 0.8085794289720051 0.05981383675891063 0.7464062499999999 0.02465000000000006 0.697082241975438 0.11185977746407678 0.7592554209474431 0.14702361422298735
0 0.8398368921875001 4.4408920985006264e-17 0.7830130539017087 -0.033834869885912514 0.7488702135865118 0.02350618811815961 0.8056940518723031 0.057341058004072167
0 1.061328004322084 0.23444893563593544 0.974175468907456 0.19125804404477056 0.9126875 0.3153312500000002 0.9998400354146281 0.3585221415911651
0 0.35205674218750016 0.6768585640625001 0.2713328063805082 0.6751503848165321 0.2696085392772615 0.7566345892904744 0.35033247508425347 0.7583427685364424
0 0.43030718749999997 0.9267242359375004 0.4301928574043198 0.895844116538281 0.31708966990431986 0.8962628681007809 0.317204 0.9271429875000002
0 1.0738202726372315 0.9172261465394806 0.7212296875 0.6027750000000001 0.6362925128417448 0.698014112473382 0.9888830979789762 1.0124652590128622