0 0.26552584244791666 0.4596354166666667 0.2425303046875 0.3674053541666667 0.14860592216674123 0.3908233333627658 0.1716014599271579 0.4830533958627658
0 0.4064011158854166 0.4596354166666667 0.3804583777454551 0.368173739891793 0.2690640018742166 0.39977030826222865 0.2950067400141782 0.49123198503710236
0 0.4234073411458333 0.45963541666666674 0.4025862012980361 0.387941341986393 0.3906138706500896 0.39141830395063676 0.41143501049788683 0.46311237863091054
0 0.4895833333333333 0.34318544791666666 0.4050410442708334 0.34318544791666666 0.4050410442708334 0.4596354166666667 0.4895833333333333 0.4596354166666667
0 0.19711211848958335 0.30726784114583344 0.13118201352184422 0.19609430853618703 0.08508395719342436 0.22343219752108523 0.1510140621611635 0.33460573013073164
0 0.24425024088541666 0.2806566484375 0.18355680374271507 0.16992377694022096 0.1542316579233204 0.18599708805754103 0.21492509506602198 0.2967299595548201
0 0.29605127734375 0.25288285937500005 0.23382287553145745 0.14352888307347858 0.20380684094522064 0.16060965072561953 0.26603524275751317 0.269963627027141
0 0.34568783593749997 0.2249411953125001 0.28548092838541667 0.11684050651041668 0.2534949703801596 0.13465515355779253 0.31370187793224286 0.2427558423598759
0 0.9058468625477246 0.22935356687223862 0.8917088227406579 0.060598648380628055 0.6887529071897535 0.0776019976091189 0.7028909469968201 0.24635691610072943
0 0.09422800454111196 0.7168436985946359 0.06776779710531727 0.6107176032259243 0.038709460937500016 0.6179626601562501 0.0651696683732947 0.7240887555249617
0 0.1308667746643827 0.7077086268685258 0.09936652779297599 0.5813680377729772 0.06651797503258844 0.589558101858701 0.09801822190399517 0.7158986909542495
0 0.796766756044935 0.613452251103607 0.7523366697489607 0.6029675314961741 0.7510395119245521 0.608464372254521 0.7954695982205262 0.6189490918619538
0 0.8672715522385247 0.5689755531822374 0.8263433168021308 0.5595092626138239 0.8055194866528307 0.6495426940702674 0.8464477220892245 0.659008984638681
0 0.8054079438235274 0.5758381965843945 0.7605340171956726 0.5652496064068487 0.7531840356117284 0.5963984684162041 0.7980579622395833 0.60698705859375