0 0.34690041756751044 0.36260609004671196 0.23089991234381446 0.35652676092931473 0.22182494218750004 0.5296875000000002 0.337825447411196 0.5357668291173974
0 0.20467028437500007 0.4005248265625 0.0639888223204196 0.3931520226716347 0.05703587439030834 0.5258221567042681 0.1977173364448888 0.5331949605951334
0 0.05936143906250006 0.41848321874999994 0.04373735891254599 0.4175442936383867 0.037280853125000055 0.5249830687499999 0.05290493327495414 0.5259219938616132
0 0.039307660321540316 0.39194967940671954 4.9960036108132046e-17 0.38964399218750007 -0.007797212318046068 0.5225718978886189 0.031510448003494194 0.5248775851078384
0 0.3778984093750001 0.14891653281250003 0.31634394164772073 0.1296020193492738 0.27063065000000003 0.27528818125000004 0.3321851177272793 0.2946026947132263
0 0.29185648125 0.12213339531250003 0.25347642359629347 0.11031642920200604 0.20901098906249999 0.2547347109375 0.24739104671620654 0.266551677047994
0 0.22603709687500007 0.10300974375000005 0.18638727231263819 0.09062273781856031 0.141632434375 0.23387942812500007 0.18128225893736188 0.24626643405643978
0 0.15996987126487244 0.0818406772594822 0.11771205264514364 0.06970843443123599 0.07676509531250002 0.21233079375000002 0.11902291393222883 0.22446303657824623
0 0.47883675468750003 0.49250085468750004 0.43017053672851324 0.49021351274920005 0.4290045279711058 0.5150218876493031 0.4776707459300926 0.5173092295876031
0 1.0016282521123987 0.17727564838648693 0.5572388327943308 0.1563890712377158 0.5401373699628252 0.5202452015673056 0.9845267892808931 0.5411317787160768
0 1 0.02834589062500012 0.9174585109375 0.028345890625000113 0.9174585109375 0.14791638281250014 1 0.14791638281250014
0 0.7293890653532548 0.00331537175654395 0.593246638442417 -0.14994581687529163 0.2736485665234994 0.1339542202801543 0.4097909934343372 0.2872154089119899
0 0.15608649311324424 0.548122407954914 0.10045555272613962 0.5119507796131996 -0.05563094038710457 0.7520073872832855 4.4408920985006264e-17 0.788179015625
0 0.13502370531701158 0.6265500830460742 0.04224811500097867 0.5834090975757593 -0.0810807293167799 0.8486303531830828 0.01169486099925301 0.8917713386533975
0 0.9357970265625 0.9999999999999998 0.8674674439403163 0.7791634269383988 0.6829909562500001 0.8362427468749999 0.7513205388721838 1.0570793199366009