0 0.40013067342103464 0.07753378870739835 0.16669681971153846 0.05126428365384618 0.15559758138665766 0.14989339638875554 0.38903143509615384 0.17616290144230773
0 0.3826596408476866 0.21382386864973754 0.15150684855769234 0.18906668269230772 0.14492747213308263 0.2504969775041087 0.3760802644230769 0.2752541634615385
0 0.37143134246643533 0.3196158562562132 0.1419478245192308 0.2940806225961539 0.13488031859125707 0.35759584807070993 0.3643638365384616 0.38313108173076926
0 0.3567803200871485 0.420040086337537 0.1293725755204085 0.40006929020020454 0.12345539485633696 0.4674483120357445 0.35086313942307695 0.4874191081730769
0 0.4778404531012755 0.3498306609875131 0.4626955600961538 0.16840232932692306 0.4201142454676582 0.17195684282634952 0.43525913847277986 0.3533851744869395
0 0.46111388656200347 0.5984343877764297 0.4475593413461538 0.4147949206730769 0.42084183416084514 0.41676695677680964 0.43439637937669473 0.6004064238801624
0 0.8312649156955588 0.12504355633545416 0.8239930408750058 0.061295408668779874 0.45964642566021613 0.10285713358332572 0.4669183004807692 0.16660528125000001
0 1.00886722680341 0.584786469572743 0.994199485576923 0.3559812764423077 0.961533902784092 0.35807532994197844 0.976201644010579 0.5868805230724138
0 0.9369928920407862 0.5025962024123631 0.9322696784481921 0.3157907824026817 0.8154351947115385 0.3187448413461539 0.8201584083041327 0.5055502613558354
0 0.1962612355769232 0.8835031490384615 1.1113035491244985e-16 0.8835031490384615 1.1826372969448957e-16 1 0.1962612355769232 1
0 0.9522678558379835 0.7831329065519436 0.8429176570131898 0.7787305614942308 0.8404613656588553 0.8397425776917172 0.949811564483649 0.84414492274943
0 0.9260433446826989 0.7717478741747037 0.9206905336538459 0.7336606394230769 0.8730814898119618 0.7403516532656899 0.8784343008408146 0.7784388880173166
0 0.907450220466589 0.7258115662089495 0.8987519464786357 0.6639201158769432 0.8416210960983275 0.6719493313357334 0.8503193700862807 0.7338407816677397
0 0.9100432675488968 0.6582836883482783 0.9059588854586491 0.6024677396708481 0.8399358509842265 0.6072990344161828 0.8440202330744742 0.663114983093613