0 0.12198315182957739 0.23262645942987284 0.11070572509765626 0.23262604416403787 0.11070392873682888 0.3598880563429978 0.12198135546875001 0.3598884716088328
0 0.1426691005859375 0.360911179022082 0.1405707578125 0.230974738170347 0.12878367272255964 0.2314712999434115 0.13088201549599715 0.3614077407951465
0 0.16336236164400236 0.23414497146459434 0.15110201458963005 0.23392355035874093 0.15022305712890624 0.3608853304416404 0.16248340418327856 0.3611067515474938
0 0.1838079755859375 0.3599502917981072 0.18148126220703126 0.23293061671924295 0.16830776431566427 0.23356011477545538 0.17063447769457052 0.3605797898543197
0 0.20380236279296876 0.3638002326498423 0.20226253504482297 0.2339504320136681 0.18901456141201045 0.23436026008937788 0.19055438916015624 0.36421006072555207
0 0.2224540092201197 0.3614545476360876 0.22186761556039758 0.2350799409832452 0.2109412064379341 0.23521220091813552 0.21152760009765623 0.36158680757097794
0 0.24262930626094428 0.3636916848102069 0.24133375244140623 0.2340926845425867 0.2303406190320244 0.2343793640856921 0.23163617285156246 0.3639783643533123
0 0.2629539488251438 0.36334964988979634 0.2628943764648437 0.23602365063091477 0.25144855947563743 0.23603762061493544 0.2515081318359375 0.363363619873817
0 0.28497707861328136 0.23731495899053637 0.2725890400193603 0.23676551553798686 0.2704792191811549 0.3608582978759091 0.282867257775076 0.36140774132845865
0 0.2539355953100012 0.012052329875039201 0.2200029840269739 0.011138456423947458 0.21819805712890625 0.18596695820189277 0.25213066841193355 0.18688083165298452
0 0.3041438786644494 0.18797354717559495 0.303775163720003 0.014475213550608237 0.2714657406219599 0.014654334356085855 0.2718344555664063 0.18815266798107255
0 0.7054052455235759 0.24374897909289156 0.5459108774822297 0.20940396418926596 0.540185598899502 0.2787624597010682 0.6996799669408482 0.31310747460469385
0 0.6356724335937501 0.3986366963722397 0.6347083319351158 0.3683189185938074 0.58164121919939 0.3727211444618822 0.5826053208580244 0.40303892224031457
0 0.07845490429687503 1 0.040412333496093786 0.8199656474763407 0.019974771185334417 0.8312315235084574 0.05801734198611566 1.0112658760321167
0 0.03369685742187503 1 0.027484084113999496 0.970090699811982 0.02204887907179079 0.9730359119771413 0.028261652379666324 1.0029452121651594
0 0.26001264062500007 0.8398120749211359 0.2460254565429688 0.8109454574132493 0.21652624946164725 0.8482332035331148 0.2305134335436785 0.8770998210410014
0 0.2604486611868425 0.7798630847904175 0.22853245526249052 0.744922871965003 0.21732557861328125 0.771627817823344 0.2492417845376332 0.8065680306487585
0 0.15745779540168992 0.704638615727723 0.15224640869140632 0.7017624093059937 0.13895412744987265 0.7645905443669142 0.14416551416015624 0.7674667507886436
0 0.14393270808728256 0.6811335045552752 0.13809143359375006 0.6763713201892745 0.1267238057362331 0.7127454535996705 0.1325650802297656 0.7175076379656713
0 0.8170224831918251 0.7732488278804871 0.7085640521967826 0.7711555017139219 0.7082018215678778 0.8201145517735928 0.8166602525629202 0.8222078779401581