0 0.3460076057692308 0.6406844110576922 0.3154240892500649 0.4227768461910092 0.28524455785715286 0.42701256970735657 0.31582807437631877 0.6449201345740397
0 0.40177439903846157 0.6356147043269231 0.3688212932692308 0.41381495673076923 0.33726721070942467 0.4185029919125656 0.37022031647865544 0.6403027395087195
0 0.4550063365384615 0.6292775673076925 0.4299001790697068 0.41169085866354915 0.39694707330047596 0.41549313991354914 0.42205323076923074 0.6330798485576925
0 0.5120405576923077 0.6204055793269231 0.4790874543269231 0.40367553846153836 0.44383631460978695 0.4090353605065493 0.4767894179751716 0.625765401371934
0 0.5665399254807693 0.6204055793269231 0.5348542600480767 0.39860583115384696 0.4993662985096151 0.40367553788461613 0.5310519639423078 0.6254752860576923
0 0.6161327826270621 0.6102524151202865 0.5879882622346463 0.39405133856248337 0.5586742368191225 0.3978673657498893 0.5868187572115384 0.6140684423076924
0 0.6707810592422541 0.6074462425780557 0.6400506947115385 0.38593155769230764 0.6105877604692844 0.3900189016527135 0.6413181249999999 0.6115335865384616
0 0.7252821781161004 0.6001327039870646 0.69835234375 0.3821292764423077 0.6676202281338994 0.3859255964937047 0.6945500625 0.6039290240384616
0 0.7783421957940002 0.5902014078937612 0.7579214182692309 0.37705956971153853 0.7245460919870876 0.38025720617107567 0.7449668695118571 0.5933990443532984
0 0.6591074923913216 0.30144057652711237 0.6271977147278757 0.0014886863416694318 0.5358975732980925 0.011201467987633995 0.5678073509615384 0.31115335817307693
0 0.7989886527468968 0.2859121388321873 0.760305236391744 -0.010883035976367484 0.6736106269140778 0.00041648624913759313 0.7122940432692306 0.29721166105769237