0 0.5640901727238841 0.3198364849625712 0.5601933977383666 0.2829967000948358 0.2995 0.310571875 0.3033967749855175 0.3474116598677354
0 0.5775104150467886 0.3561361216558783 0.5692879621338002 0.31869945092998114 0.30308479334434574 0.37716733758277216 0.3113072462573342 0.41460400830866934
0 0.4718029189377412 0.578010851929656 0.4394077362791201 0.3120071584249246 0.39994341898838065 0.31681330885948067 0.4323386016470018 0.5828170023642121
0 0.4849428910087806 0.6421642162429884 0.4618940632933268 0.38006965314404656 0.41908437500000006 0.38383437500000006 0.44213320271545387 0.6459289380989419
0 0.591219975238233 0.5929294746570781 0.5879529798468702 0.5496595931321315 0.31871669167230354 0.5699876754299028 0.3219836870636663 0.6132575569548495
0 0.5977211940604615 0.6530980413270202 0.5949250396346674 0.6172533487463452 0.33433593749999996 0.63758125 0.33713209192579413 0.673425942580675
0 0.5063584508130231 0.8371277361653158 0.47711362595374335 0.569464759311911 0.44127960668515864 0.5733799799742283 0.4705244315444384 0.8410429568276332
0 0.6134411939786019 0.7754492992524568 0.6092719601019494 0.738214997406127 0.3462703125 0.7676640625000001 0.3504395463766526 0.8048983643463299
0 0.5195750596663358 0.9636650351423581 0.49791875 0.7063875 0.45753349641916685 0.7097869245048098 0.47918980608550266 0.9670644596471678
0 0.9297698355954171 0.8010592258483132 0.884446369004807 0.49071891927844186 0.7764578107912152 0.5064900444167099 0.8217812773818254 0.8168303509865812
0 0.9506417171947831 0.9507566501131424 0.8947228985108536 0.6755031949070833 0.790855834498565 0.696604196220172 0.8467746531824943 0.9718576514262309