0 0.1269614042034136 0.12650133492367827 1.3877787807814457e-17 0.11324020937499997 -0.0035977179168789884 0.14768459473113316 0.1233636862865346 0.16094572027981147
0 0.1298159828125 0.165634165625 2.028433507620988e-17 0.165634165625 2.2398294739855684e-17 0.200157746875 0.12981598281250004 0.200157746875
0 0.10170921718750003 0.4036037375 4.4408920985006264e-17 0.3859899171875 -0.005809067856118999 0.4195337897689432 0.09590014933138098 0.4371476100814432
0 0.8122301909722307 0.13411011281275137 0.5330838731729084 -0.03837086656824544 0.41398728554033104 0.15437719190991223 0.6931336033396533 0.326858171290909
0 0.21309198974776572 0.9902722103401864 0.21303068719703858 0.9797383851920957 0.18142689822417896 0.9799223063080665 0.1814882007749061 0.9904561314561573
0 0.21300404034848275 0.9721546105934478 0.21294753709469671 0.9624633839080359 0.18095197903757726 0.9626499292438961 0.1810084822913633 0.972341155929308
0 0.21137149774270805 0.9548888190779345 0.21121182054814364 0.9275015798722122 0.17998242384929744 0.9276836581903425 0.18014210104386186 0.9550708973960649
0 0.41335906538736245 0.7184312263316943 0.3383061930587992 0.7075697795760323 0.33561779694589955 0.7261466648445515 0.4106706692744628 0.7370081116002135
0 0.5110356958870341 0.7173632521909425 0.46559082266275065 0.712375089825741 0.46393012677571654 0.7275049329472985 0.5093750000000001 0.7324930953125
0 0.4160599740404253 0.6949689857760404 0.3401988221554634 0.6846412796889508 0.33754190440147125 0.7041574083996051 0.4134030562864332 0.7144851144866947
0 0.400759881883079 0.645463800248584 0.34578583971959503 0.6355672148533674 0.343948572126647 0.6457729597731404 0.398922614290131 0.6556695451683568
0 0.42851840245271805 0.5032235587238371 0.3796284912637987 0.4929623804624604 0.37522869403956155 0.5139254404603433 0.4241186052284808 0.5241866187217199
0 0.5085498233543734 0.49813430397388825 0.48297754062500015 0.4927671156250001 0.48121762526334955 0.5011523352749158 0.5067899079927228 0.5065195236238039
0 0.9262804397368608 0.9209407723961303 0.9007399625577124 0.8821439528050004 0.768873411481776 0.9689535076587686 0.7944138886609244 1.0077503272498987
0 0.77613669375 1 0.7690158281249999 0.9690486984375 0.6893639564754481 0.9873739463645016 0.6964848221004483 1.0183252479270017