0 0.23112839192708334 3.1885407602921105e-17 0.20281179427083332 2.98047377619729e-17 0.20281179427083332 0.15147230937500006 0.23112839192708334 0.15147230937500006
0 0.31956231019266645 0.09440979525837237 0.3157575804000053 0.0572534522643986 0.12522386458333332 0.085348203125 0.12902859437599448 0.12250454611897377
0 0.234071124274714 0.26270753859567675 0.23404052073494766 0.03791859768875186 0.20838896886582417 0.037923626587103 0.2084195724055905 0.2627125674940279
0 0.2510296115173244 0.322616094392823 0.23676365494791665 0.08971895937499999 0.211075309669106 0.09198483137898819 0.22534126623851372 0.3248819663968112
0 0.33035731033631827 0.2586297752451014 0.32702057640797916 0.22718692689106587 0.1372079169118593 0.25619289482139485 0.14054465084019846 0.28763574317543034
0 0.25895547111516665 0.43101879135511323 0.24889798697916668 0.20955013593749997 0.2200388678200611 0.211437356460454 0.23009635195606107 0.4329060118780673
0 0.49055456626602595 0.21496220070980288 0.4790069502096131 0.12075407269058724 0.3950780756102614 0.13556826074451314 0.40662569166667417 0.22977638876372874
0 0.6078439186063777 0.1909130542780344 0.5394254027786166 0.07096260791949627 0.41274379033653313 0.1750139904985054 0.48116230616429423 0.29496443685704354
0 0.8584683593749999 1.0818344806325515e-16 0.5656521263020834 8.66676603089872e-17 0.5656521263020834 0.1372823921875001 0.8584683593749999 0.1372823921875001
0 0.6032927955729167 8.273730833986728e-17 0.5226951966145833 7.681509284487018e-17 0.5226951966145833 0.03352062187500008 0.6032927955729167 0.03352062187500009
0 0.9831169153645836 0.9944183562500003 0.8955938181387157 0.9913650374712312 0.8953846250000002 1.0000000000000002 0.982907722225868 1.0030533187787694
0 0.8847650677083333 0.95438075625 0.7623989328945849 0.9501119092881879 0.7612434818647503 0.997806013097302 0.8836096166784987 1.002074860059114
0 0.7553792144272111 0.9254625053968978 0.6313719027315922 0.9211364039955431 0.6303381256247361 0.9638081094294313 0.7543454373203549 0.968134210830786
0 0.9871239000354994 0.9193110195123617 0.8956052882339379 0.9161183130547975 0.8940300033766307 0.981142064770945 0.9855486151781921 0.9843347712285093
0 0.8888251010246665 0.8914772671359497 0.7644258310883331 0.8871374912884461 0.7631951432291668 0.9379371671874999 0.8875944131655 0.9422769430350035
0 0.757567769852049 0.8659716052885393 0.6356375897201932 0.8598341044635847 0.6338800368783731 0.9101135564126908 0.7558102170102289 0.9162510572376454
0 0.6330478376006979 0.8535432652923076 0.5048844406404063 0.828563972291161 0.49447706724546875 0.9054570946001913 0.6226404642057605 0.930436387601338
0 0.48272699739583347 0.8081643234375002 0.4791666666666668 0.8080401203125002 0.47798522308790165 0.8568079353306827 0.4815455538170683 0.8569321384556827
0 0.9016903439726206 0.8065105372563158 0.777726587676962 0.8021859591128988 0.7763482277490928 0.859081222111557 0.9003119840447514 0.8634058002549739
0 0.7699201590470869 0.8019136222281504 0.6456515394786618 0.7975784075606979 0.6445685384907321 0.8422819780277406 0.7688371580591572 0.8466171926951931
0 0.9964372374644846 0.7880728871665609 0.9253111669827705 0.7844926655067972 0.9218865676936637 0.8824622248026358 0.9930126381753777 0.8860424464623993
0 0.9019112596850829 0.7550544399736798 0.7799810810477198 0.7489169279839565 0.7785283841678874 0.7904750919629568 0.9004585628052505 0.7966126039526801
0 0.7720938130273626 0.7409779063215389 0.6495752475066742 0.7367037413290243 0.6483445598958334 0.7875034171875 0.7708631254165218 0.7917775821800148
0 0.6399369944547973 0.7368384720591666 0.5159745158187119 0.7305986680829405 0.5130644857476191 0.8138477157013227 0.6370269643837045 0.820087519677549
0 0.48592215625000007 0.71675846875 0.4798256210226994 0.7164515921436989 0.47705434298857013 0.7957312735871154 0.4831508782158709 0.7960381501934164
0 0.7100621655519433 0.7083081044301998 0.6489773466963954 0.706177110201563 0.6484850645200275 0.7264972934840008 0.7095698833755755 0.7286282877126375
0 0.641604476843823 0.6754141296435529 0.517509802365221 0.6710849786897178 0.5162791015625 0.721885175 0.6403737760411021 0.7262143259538351
0 0.48805113276851886 0.6558531086577961 0.48195459631896603 0.6555462345684158 0.48017734375000004 0.7063896359375 0.4862738801995528 0.7066965100268805
0 1.0037472839825599 0.5789498814656237 0.9346532548590439 0.5754719456703812 0.9285634278523921 0.7496872910449843 0.997657456975908 0.7531652268402269
0 0.5059062460937501 0.552725284375 0.4855845505138783 0.5517023665840293 0.4837985130208334 0.6027966453125 0.5041202086007052 0.6038195631034707
0 0.9106776452985169 0.5625030959598817 0.7704580695007425 0.5554449695914248 0.7648370080437613 0.7162501534483041 0.9050565838415358 0.7233082798167612
0 0.7645251153304983 0.5504554366038023 0.652755654995585 0.5448293843655777 0.6481579740972374 0.6763581400719346 0.7599274344321506 0.6819841923101592
0 0.6471083144948558 0.5316841134668376 0.5353388531052564 0.5260580571048507 0.5315057841265443 0.6357129982968561 0.6432752455161436 0.6413390546588431