0 0.4834617475684582 0.1985896595530725 0.36837221539456233 0.079588454907867 0.1154497115575878 0.32419717739629567 0.2305392437314837 0.4431983820415012
0 0.8430953966329785 0.3919459398272532 0.827165599397955 0.3237228611007263 0.654985742119588 0.3639261217215815 0.6709155393546116 0.43214920044810834
0 0.8275650063985444 0.30755850084278913 0.818552958416926 0.18497946525143932 0.6521094529012311 0.19721644240417896 0.6611215008828495 0.31979547799552877
0 0.6191528671875 0.1930599609375 0.6155892502221236 0.07979721246064546 0.41515407807460364 0.08610355933575234 0.41871769503997996 0.1993663078126069
0 0.41221988226345835 0.20179359342456898 0.4085862619747268 0.08631015914872175 0.3651163797112684 0.08767791416165271 0.36874999999999997 0.20316134843749994
0 0.8158492425716162 0.17527040829037108 0.8113750310967485 0.059831390992637276 0.6463121655699497 0.06622893477204932 0.6507863770448175 0.18166795206978312
0 0.9546360296875 1.0980795419311658e-16 0.8386639531250001 1.0270671257547971e-16 0.8386639531250001 0.0037821250000001027 0.9546360296875 0.0037821250000001096
0 0.7920773984375 9.290441035653156e-17 0.7251667640624999 8.880731564571844e-17 0.7251667640624999 0.01178940156250009 0.7920773984375 0.011789401562500093
0 0.7206983843749999 0.012022010937500003 0.7202791356206993 -0.0013030024296603049 0.6536453015625 0.0007935171875000008 0.6540645503168006 0.014118530554660308
0 0.5924516003504106 0.013834010459185916 0.5921022273608774 0.0027298606923915726 0.3684006270104669 0.009768247108205664 0.36875 0.020872396875000008
0 0.1141770859251134 0.9917207637067099 0.10165317374019919 0.572297299036142 -0.006348701352578601 0.5755222163652916 0.006175210832335609 0.9949456810358592
0 0.9867586921874999 0.5687500000000002 0.8411311203124999 0.5687500000000002 0.8411311203124999 0.6233962031250002 0.9867586921874999 0.6233962031250002