0 0.2843511256274935 0.2691787835739329 0.16720226507643193 0.15220429363786983 -0.015172081930566827 0.3348505010057468 0.10197677862049474 0.4518249909418099
0 0.8150792828124999 0.18592831562500006 0.4748009934271321 0.14259737097994724 0.46930441392106104 0.18576205818253905 0.8095827033064289 0.22909300282759187
0 0.15442526940914567 0.8883009115936371 0.14988755009487853 0.7682367599238923 0.032706608261908146 0.7726655108509974 0.03724432757617528 0.8927296625207424
0 0.2518710532450144 0.7983251793521157 0.2470911445581819 0.6718528189414912 0.16286710570365373 0.6750359904554393 0.16764701439048624 0.8015083508660638
0 0.14551331040797857 0.714510714339579 0.1427563217640985 0.676573354723947 0.09023702854361994 0.6803900435093679 0.09299401718750001 0.718327403125
0 0.14205707765867412 0.6580718912132584 0.1376773125 0.5421869796875001 0.08641018171632589 0.5441245744117418 0.090789946875 0.6600094859375001
0 0.2865026047009097 0.6473306379331176 0.27814134090736525 0.4260985619550948 0.16096039870645554 0.4305273083969771 0.16932166250000003 0.6517593843749999
0 0.7417836682572843 0.43135850426192157 0.7405786562499999 0.4237690250000001 0.6189192536177157 0.4430853754255787 0.6201242656250001 0.4506748546875001
0 0.7296717395185167 0.42429734303480393 0.7283529500000001 0.4153119437499999 0.6304952339189834 0.429674547590196 0.6318140234375 0.438659946875
0 0.7107993378144825 0.41696439022178194 0.7098093249999999 0.4094481312499999 0.6789031403105175 0.413518975403218 0.679893153125 0.421035234375
0 0.7319864621147639 0.38031245038710193 0.728077328125 0.3545486734374999 0.6232237698856162 0.3704580880106453 0.6271329038753801 0.3962218649602473
0 0.747810490625 0.4225631328125001 0.7421009192902221 0.35881493580985335 0.7350202913468082 0.3594491082608211 0.7407298626815861 0.4231973052634679