0 0.38977570467622513 0.23256189749950246 0.2842174439414958 0.18755768031981804 0.27310660937500003 0.21361835742187507 0.3786648701097294 0.25862257460155946
0 0.2675743811191776 0.19201029846006382 0.1755545859375 0.153364619140625 0.16635756224019746 0.17526378747743626 0.25837735742187506 0.21390946679687506
0 1.0443991325375055 0.007174136969398559 0.9887512902988095 -0.0018175982167482063 0.9364499897925541 0.3218634777044783 0.9920978320312501 0.33085521289062514
0 0.22352187304687504 0.94475144140625 0.19034154973195597 0.7485809256751499 0.049269140625 0.772441943359375 0.08244946393991907 0.9686124590904751
0 0.5385242768188769 0.8333766952644043 0.504667005859375 0.6752300527343751 0.23807870169674816 0.7323033633293459 0.27193597265625 0.8904500058593751
0 0.7735675720549713 0.9682685148096507 0.741828150390625 0.9646779160156251 0.7381183276946771 0.9974712281067936 0.7698577493590234 1.0010618269008191
0 0.617030224803947 0.9479337802297705 0.5908920167599611 0.9449768343270528 0.5872197958622642 0.9774377845660324 0.6133580039062502 0.98039473046875
0 0.585624276130899 0.9413954086972676 0.565086806640625 0.93907205859375 0.5611523469159762 0.9738510815371074 0.5816898164062501 0.976174431640625
0 0.5601782847538426 0.9384179177723879 0.5222415722656252 0.9333622402343752 0.5176730863399078 0.9676431720713625 0.5556097988281252 0.9726988496093754
0 0.7393485261708048 0.9581902944996784 0.6233325017230158 0.9427292829307264 0.618226507628706 0.9810435376632751 0.734242532076495 0.9965045492322271
0 0.7750722258315328 0.9116425329316469 0.6942102543209372 0.900866364075781 0.6891042589581546 0.9391806163003843 0.7699662304687502 0.9499567851562501
0 0.5922616284456572 0.8827239099196865 0.5698572457031452 0.880189361283937 0.5643174844449881 0.9291586056611256 0.5867218671875001 0.9316931542968752
0 0.5606185855172447 0.8782813624877226 0.5270118689224652 0.8744795234128203 0.5221331056708456 0.9176058132688479 0.5557398222656251 0.9214076523437502
0 0.6814113247576764 0.8888990992991065 0.5986061403831258 0.8778639769658152 0.5921564894535746 0.9262607702448339 0.6749616738281252 0.9372958925781252
0 0.6817983259162008 0.8335371981332728 0.6139758906250001 0.8244987617187503 0.6088698967400494 0.8628130147573527 0.6766923320312501 0.8718514511718752
0 0.6103468263321736 0.8231503335714222 0.567404974609375 0.8182924335937501 0.5618191170272013 0.867669133225453 0.60476096875 0.8725270332031251
0 0.7268643858182928 0.8343223800327171 0.693527409838465 0.8331233984478812 0.6915078074153125 0.8892772529532004 0.7248447833951404 0.8904762345380363
0 0.7712120059068902 0.8386566507078651 0.7394725837662153 0.8350660546628201 0.733916062414921 0.8841834643045364 0.765655484555596 0.8877740603495814
0 0.5644113446452109 0.8113227187609541 0.5308049154230715 0.8075209125831999 0.5248119184341107 0.8604965824941208 0.5584183476562501 0.8642983886718749
0 0.7315149096827308 0.7884024901366875 0.6811049303655199 0.7826997420248808 0.6774494692964911 0.8150125346069528 0.727859448613702 0.8207152827187596
0 0.780414981271804 0.7740200201594888 0.7393405194558742 0.7693733767236463 0.7344450557621953 0.8126473096891575 0.7755195175781251 0.8172939531250001
0 0.6276831761513378 0.7534780319346304 0.5772731953125001 0.7477752832031251 0.5712131500205374 0.8013436204091199 0.6216231308593752 0.8070463691406251
0 0.5698972571079576 0.7461155250217681 0.5362906828746431 0.7423137028226977 0.5295821542823107 0.8016143887384298 0.5631887285156252 0.8054162109375003
0 0.6730105225258632 0.753963060173395 0.6319355812326019 0.7493163615081251 0.6252563848786137 0.8083577622722303 0.6663313261718751 0.8130044609375002
0 0.790984534070902 0.720842297078129 0.74737891796875 0.7150311445312502 0.7422729248251494 0.753345398897134 0.7858785409273014 0.7591565514440128
0 0.7232578950914836 0.708506258706169 0.6796034200730011 0.7072380945396467 0.6776823848858697 0.7733665854717251 0.7213368599043523 0.7746347496382474
0 0.6458426939745743 0.7014998000003303 0.5815861484375001 0.6929365761718751 0.575405212275426 0.7393169597652949 0.6396617578125001 0.7478801835937502
0 0.5760435952678674 0.691784339301779 0.55363921262716 0.6892497938129732 0.5483323614999178 0.7361602650580694 0.5707367441406253 0.7386948105468751
0 0.5483045247393418 0.6862610490209012 0.5371023803609725 0.6849937803503273 0.5315919532778807 0.7337037352356762 0.54279409765625 0.7349710039062501
0 0.7441360435718282 0.7102689436364088 0.7329336132812502 0.7090016425781253 0.7276477669750471 0.7557263923010916 0.7388501972656251 0.7569936933593752
0 0.6717348308496053 0.6983795763307483 0.6511973613281252 0.6960562265625 0.645661790244145 0.7449884295286268 0.6661992597656251 0.7473117792968751
0 0.5310028887736946 0.6553355408285828 0.5272688242187502 0.6549131152343752 0.5263455877888056 0.6630741369057924 0.5300796523437501 0.6634965625000001
0 0.746857832710865 0.6689555910551483 0.7356378612516072 0.6684860899750245 0.7344920402594922 0.6958685164980012 0.74571201171875 0.6963380175781251
0 0.5330614820564362 0.637138370374261 0.529327419444375 0.6367159472116068 0.528632841684814 0.642855754571721 0.5323669042968752 0.643278177734375
0 0.797040183185352 0.66623583154918 0.7558173940649482 0.6607422291786662 0.7515176249420965 0.6930067550513614 0.7927404140625003 0.6985003574218752
0 0.5791794940611329 0.6306321346178502 0.5455731586138086 0.6268303386639301 0.5400375883808008 0.67576253607733 0.5736439238281252 0.67956433203125
0 0.680230655203334 0.6399938717555934 0.6596931836187468 0.6376705232193761 0.6543905191305567 0.6845439559184197 0.6749279907151439 0.686867304454637
0 0.6525417703261199 0.6340260727110565 0.5890629260935134 0.6268448800972869 0.5828160151423936 0.6820650515268555 0.6462948593750001 0.6892462441406251
0 0.7303446039887663 0.6409287979065661 0.6871795478284857 0.6351763508454618 0.6801923807479429 0.687606465582579 0.7233574369082235 0.6933589126436833