0 0.8220720051897519 0.4032465887078466 0.8202832852916014 0.39404442169683085 0.7497286341873679 0.40775885528471695 0.7515173540855185 0.4169610222957326
0 0.7319189736383448 0.41440399028224045 0.7307264937500001 0.40826921250000014 0.6632400151534525 0.4213872538240981 0.6644324950417972 0.4275220316063385
0 0.6490947687500002 0.43050338437500013 0.6479022887277794 0.42436860601134396 0.5436040055387407 0.44464213696588784 0.5447964855609614 0.450776915329544
0 0.5344010562499999 0.44643101250000006 0.5332084240632091 0.4402954504074425 0.4994655780988529 0.4468543937550825 0.5006582102856435 0.45298995584764007
0 0.8190906532334941 0.3879088604636495 0.81730178125 0.37870590937500004 0.7467471296760034 0.39242034057105135 0.7485360016594974 0.4016232916597008
0 0.7289376198793402 0.39906626228047865 0.7277449875 0.3929307 0.6602585113706598 0.40604874084452147 0.6614511437500001 0.4121843031250001
0 0.6461134168125569 0.41516565601916244 0.6443245442341471 0.40596270400243445 0.5400262617965902 0.4262362354832721 0.541815134375 0.4354391875000001
0 0.5314195517210663 0.43109249654045856 0.5302270711759017 0.4249577182784523 0.496484225 0.43151666562499996 0.4976767055451646 0.4376514438870062
0 0.9658245262401944 0.3402861528839306 0.9646318935224494 0.3341505894543544 0.8971446312499998 0.3472687843750001 0.8983372639677449 0.3534043478045763
0 0.8124448874999999 0.370100134375 0.8112522547863324 0.3639645715520697 0.7437657766613326 0.3770826153020697 0.744958409375 0.38321817812500003
0 0.7259562687500001 0.383728534375 0.7247636363100994 0.37759297149885485 0.6572771581850994 0.39071101212385484 0.658469790625 0.396846575
0 0.6431320643218549 0.3998279261779908 0.6413431918975864 0.39062497567731924 0.5370449088257315 0.41089850887432855 0.53883378125 0.4201014593750001
0 0.5284382 0.41575476875 0.5272455670702015 0.4096192059690812 0.4935027201952014 0.41617815284408116 0.4946953531249999 0.422313715625
0 0.9659104110165708 0.324351399680911 0.9641216912071704 0.3151492321512592 0.8966344274598258 0.32826742470297443 0.8984231472692263 0.33746959223262624
0 0.8364759955715538 0.3463276152709259 0.835283515452488 0.3401928366125033 0.7309852323809342 0.36046636821657746 0.7321777125 0.366601146875
0 0.7229747645370765 0.3683900183540324 0.7217822842612247 0.36225524003967713 0.65429580625 0.37537328437500006 0.6554882865258518 0.38150806268935533
0 0.6395543175662075 0.3814220268179415 0.6377654468750001 0.37221907499999995 0.5334671617009997 0.3924925860627469 0.5352560323922071 0.40169553788068846
0 1.0017888720372017 0.304644187936358 1.0000000000000002 0.29544123750000006 0.9770743060877984 0.29989754018864206 0.978863178125 0.309100490625
0 0.9629290580709778 0.30901367152103787 0.9611401856003429 0.2998107200541464 0.893652924404365 0.3129289141581086 0.8954417968749999 0.32213186562500007
0 0.8334946437500002 0.3309898875 0.8323020111986679 0.3248543246455149 0.7280037281249999 0.34512785625 0.7291963606763321 0.3512634191044851
0 0.719993410778107 0.3530522903522635 0.7182045375428474 0.3438493366824743 0.6507180611397404 0.35696738070521083 0.652506934375 0.36617033437499996
0 0.5236679750000001 0.39121409062499996 0.5218791025683837 0.3820111380095062 0.4881362556933836 0.38857008175950625 0.489925128125 0.397773034375
0 0.6359765741045015 0.36301612144162887 0.6341878539893482 0.35381395547454914 0.529889571875 0.374087490625 0.5316782919901534 0.3832896565920797
0 1.0011924799224596 0.2856587710045152 0.9999999997886221 0.2795239926625551 0.9740929531249998 0.28455981249999995 0.9752854332588374 0.29069459084196003
0 0.9256078359184284 0.29716764969998777 0.9244152030112247 0.29103208691467697 0.89373974375 0.29699479375 0.8949323766572037 0.3031303565353108
0 0.7630260291583022 0.32877035292414647 0.76123715625 0.31956739999999995 0.7244261364666977 0.3267227377008536 0.7262150093749999 0.33592569062500005
0 0.7170120593750001 0.3377145624999999 0.715223187253305 0.32851161194051426 0.6477367091283048 0.3416296525655143 0.64952558125 0.350832603125
0 0.520686621875 0.3758763625 0.5188977493440748 0.3666734107360231 0.48515490295259084 0.3732323553630317 0.4869437754835161 0.3824353071270085
0 0.6329952218749999 0.34767839375000004 0.631206349297412 0.33847544173750005 0.5269080680474121 0.3587489729875 0.528696940625 0.367951925
0 1.0011926325421037 0.2697414976196263 1.0000000000000002 0.26360593437499996 0.9711114487078966 0.26922129925537375 0.9723040812500001 0.2753568625000001
0 0.9256945043074474 0.28123274352015554 0.924502025 0.27509796875000003 0.8907583925675528 0.28165706585484446 0.8919508718750002 0.287791840625
0 0.5177051166770303 0.3605378477965572 0.5159163975856441 0.351335682237916 0.4821735493838982 0.35789462495543045 0.48396226847528456 0.3670967905140716
0 1.001192633001073 0.2538242505591905 1.0000000000000002 0.24768868749999995 0.9681300951239272 0.2538835713158094 0.9693227281250001 0.26001913437499996
0 0.714116590625 0.30644208125 0.7129241107101701 0.30030730286546925 0.6454376315520459 0.31342534330219846 0.6466301114668758 0.3195601216867292
0 0.7932779504479792 0.28787138428792175 0.7914890779620712 0.2786684335368054 0.720934426838826 0.29238286900000693 0.7227232993247339 0.30158581975112325
0 0.625839884375 0.31086737500000006 0.6246474043146708 0.30473259664375146 0.5203491212896773 0.3250061282387752 0.5215416013500065 0.3311409065950238
0 0.7111352382182426 0.2911043529853877 0.709346365625 0.2819014000000001 0.6418598867817573 0.29501944076461234 0.6436487593749999 0.30422239375
0 0.8234439888991313 0.26290716847803647 0.8222513561362247 0.25677160566467716 0.7179530749999999 0.277045140625 0.7191457077629064 0.2831807034383593
0 0.6197903573808156 0.2961260404051918 0.6185977250000001 0.289990478125 0.5173676176191846 0.3096676158448083 0.5185602500000001 0.31580317812500003
0 0.5124246886293402 0.31699581228047863 0.5106358164278262 0.3077928617365081 0.4431493375000001 0.32091090312500004 0.4449382097015141 0.3301138536689706
0 0.708153884996827 0.2757666248791292 0.7063650125 0.266563671875 0.6388785346275863 0.2796817117171598 0.6406674071244133 0.28888466472128893
0 0.820462484375 0.24756865625 0.8192700041889178 0.24143387791819532 0.7180398968749999 0.26111101875 0.7192323770610821 0.2672457970818047
0 0.6198771781250001 0.28019191874999994 0.6186845452840937 0.27405635440578396 0.5143862640340937 0.294329885655784 0.5155788968750001 0.30046544999999997
0 0.5094433360896631 0.3016580840417033 0.5076544634349118 0.29245513116602967 0.4401679867202489 0.3055731721243264 0.4419568593750001 0.31477612499999996
0 0.704576140625 0.25736072187500003 0.7027872683283916 0.24815777041566323 0.6353007902033916 0.26127581104066316 0.6370896625 0.27047876249999997
0 0.9518586291929495 0.20292730291741173 0.950665996875 0.19679174062500002 0.9199897551820504 0.20275459708258836 0.9211823875 0.2088901593750001
0 0.5800838702017537 0.27200889346780766 0.5782951499878004 0.2628067270242817 0.5108086717821629 0.2759247713973946 0.5125973919961162 0.2851269378409206
0 0.50646183125 0.28631956875000003 0.504673111208696 0.27711740276856556 0.4371866330836959 0.2902354465185656 0.438975353125 0.2994376125
0 1.0011926323981037 0.17742049755509534 0.9999999995838612 0.17128493535915332 0.9599549828107573 0.17906890030405803 0.961147615625 0.18520446250000006
0 0.9488772781249997 0.18758957500000006 0.9476846458103456 0.18145401209950948 0.917008402060346 0.18741686834950946 0.9182010343750001 0.19355243125000005
0 0.815778296875 0.207094009375 0.8145856643609644 0.20095844651326528 0.7102881674859644 0.22123182463826524 0.7114808000000001 0.22736738750000002
0 0.7028740899763763 0.23222364789930197 0.7010852170490826 0.2230206952191364 0.6305305656249999 0.23673513125000004 0.6323194385522937 0.2459380839301656
0 1.0017887199296585 0.1613865704893448 0.9999999993732878 0.15218440302584574 0.9594447791203192 0.16006754103896811 0.9612334996766899 0.16926970850246717
0 0.9489631623305455 0.17165481944073258 0.9471744398808623 0.16245264929674713 0.9134308093750001 0.169011753125 0.9152195318246832 0.17821392326898544
0 0.6962283230043402 0.21441492478047858 0.6950356905112247 0.2082793619146773 0.6275492125 0.22139740312500003 0.6287418449931155 0.22753296599080128
0 0.6078647956973071 0.23477434024648183 0.6060759227482786 0.22557138733025184 0.5048458145509713 0.24524852833377003 0.5066346874999998 0.25445148125
0 0.494364347759518 0.2568365935780671 0.49257547488495473 0.2476336400331433 0.4250882134351894 0.2607518341864368 0.4268770863097527 0.2699547877313606
0 0.8097295543972368 0.19235251850270227 0.807940682226938 0.18314956926364429 0.7067105737277631 0.20282670962229776 0.708499445898062 0.21202965886135577
0 0.6932468187499999 0.199076409375 0.6920543386411315 0.192941631635625 0.6245678605161318 0.20605967538562503 0.6257603406250002 0.21219445312500004
0 0.60488344375 0.21943661250000007 0.6030945710141628 0.21023365893489143 0.5018644616391627 0.22991079643489143 0.5036533343749999 0.23911375000000007
0 0.4913829968750001 0.2414988625 0.4895941240956283 0.23229591121096718 0.4221068615956282 0.24541410808596717 0.423895734375 0.254617059375
0 0.809815439040463 0.1764177661708876 0.8080267189229108 0.16721559966573835 0.7037292218387516 0.1874889810635188 0.7055179419563038 0.19669114756866807
0 1.0011924803088477 0.13285126784611484 1 0.1267164875 0.9546745540661522 0.13552686027888522 0.9558670343749999 0.14166164062500003
0 0.9472603225105327 0.1465178887553144 0.9454716010419701 0.13731572365874997 0.8779851254064376 0.15043377865343555 0.8797738468750002 0.15963594374999998
0 0.601305698693691 0.2010307090214824 0.60011321875 0.19489593125000002 0.4958157214034524 0.21516931007409798 0.49700820134714335 0.22130408784558037
0 0.4884016443800053 0.22616113425253936 0.4866127712896772 0.21695818136377526 0.41912550815967187 0.23007637836123593 0.42091438124999997 0.23927933125000003
0 0.8031704573808156 0.1586088904051918 0.801977825 0.15247332812499997 0.7007477176191845 0.17215046584480823 0.70194035 0.17828602812500005
0 0.690265465625 0.18373868124999998 0.6884765926977061 0.17453572856983438 0.620990115625 0.18765377187500001 0.6227789885522939 0.19685672455516562
0 1.001192632180998 0.11693399139281173 0.9999999995923867 0.11079842915301145 0.9547604392863887 0.11959210963519973 0.955953071875 0.125727671875
0 0.9436827323793404 0.12811278415547853 0.9424900998862249 0.12197722128967728 0.8750036218750002 0.13509526249999998 0.8761962543681158 0.14123082536580123
0 0.5989205846080325 0.18876036994884912 0.597131865625 0.17955820312499998 0.49590175577549295 0.19923533163271126 0.49769047475852546 0.2084374984565604
0 0.48482389999999986 0.207755234375 0.4836314199934547 0.20162045600829695 0.4161441562500001 0.21473865000000006 0.41733663625654527 0.2208734283667031
0 0.8001891044383258 0.14327115911971527 0.7989964718749999 0.13713559687499996 0.6977663643116739 0.15681273775528465 0.698958996875 0.1629483
0 0.689756046875 0.16473717187500003 0.6885634145911895 0.15860161053414473 0.618008763716554 0.17231604507915663 0.6192013960003645 0.17845160642001195
0 1.0011926326734826 0.10101674756654562 1.0000000000000002 0.094881184375 0.9517790860765176 0.10425438055845437 0.9529717187500001 0.11038994375
0 0.9437695542587662 0.11217866227961819 0.9419806821643888 0.10297571232226085 0.874493418530623 0.11609390629264263 0.8762822906250003 0.12529685624999995
0 0.59534299375 0.17035525312500008 0.5941503612908857 0.16421969025258962 0.48985286532975136 0.18449306723107747 0.4910454977888657 0.19062863010348793
0 0.481842546875 0.19241750312500003 0.48064991410369495 0.18628194031327322 0.4131626516036951 0.19940013718827318 0.414355284375 0.2055357
0 0.6867745424722769 0.14939865901592578 0.6855820625 0.14326388124999997 0.6150274106527231 0.1569783159840742 0.616219890625 0.16311309375
0 0.8002749889104883 0.12733640597582882 0.7984862684983179 0.1181342381820947 0.6941887715220478 0.13840762005921817 0.6959774919342183 0.14760978785295228
0 1.001192480290411 0.08509871785356357 0.999403760922387 0.07589655281550726 0.948201496256976 0.08584926308694363 0.9499902156250002 0.09505142812499993
0 0.9407880500000001 0.09684015000000001 0.9389993301975583 0.08763798351680308 0.8715120655397147 0.1007561776862453 0.8733007853421565 0.10995834416944224
0 0.5954298156250001 0.15442113125000004 0.5942371830736679 0.14828556839551488 0.4899389 0.1685591 0.49113153255133224 0.17469466285448515
0 0.4788611943800051 0.1770797748775394 0.477072321875 0.16787682500000006 0.4095850587449948 0.18099502199746068 0.41137393125 0.19019797187500004
0 1.0011926326464295 0.06918144445247579 0.9999999995970944 0.06304587917723103 0.9488836169506649 0.0729818972247553 0.9500762500000001 0.07911746250000004
0 0.9378066976797003 0.08150242171858213 0.9360178250000002 0.07229946875000001 0.8685305616952999 0.08541766265641788 0.8703194343749999 0.09462061562499999
0 0.801639542092796 0.1016032465896893 0.7998508217612246 0.09240108066467707 0.7661079755716547 0.09896002727748701 0.7678966959032261 0.10816219320249924
0 0.4728122999999999 0.162337503125 0.4710235800768242 0.15313533501002544 0.40353631797105055 0.1662535272426517 0.40532503789422625 0.17545569535762628
0 0.7980619480058155 0.08319813103019177 0.796869315625 0.07706256875000003 0.6956392082441843 0.0967397064698083 0.6968318406249999 0.10287526875000004
0 0.6845615014031072 0.10526038097726353 0.6833688687500001 0.09912481874999994 0.615882392346893 0.11224286277273639 0.617075025 0.11837842499999998
0 1.001192632789942 0.04053023814449299 1.0000000000000002 0.034394675 0.9465853265850583 0.04477743685550699 0.9477779593750002 0.050912999999999986
0 0.9355076201392236 0.05329811222996221 0.9343149875 0.047162550000000025 0.8698951142357763 0.0596845065200378 0.8710877468749999 0.06582006874999999
0 0.5925343468750002 0.12314865000000005 0.5907454740815248 0.11394569644609509 0.5232582115815247 0.12706389019609507 0.5250470843750001 0.13626684375000003
0 0.7950805968749999 0.06786040312500001 0.7938879644158857 0.0617248402525896 0.6926578550408855 0.08140197775258959 0.6938504874999998 0.08753754062500001
0 0.6815801499999999 0.08992265312500006 0.6803875172863325 0.08378709030206966 0.6129010391613325 0.09690513405206964 0.614093671875 0.10304069687500003
0 1.001192632680572 0.024612994438681347 1 0.01847743125000001 0.9436039747662056 0.02943970817223258 0.9447966074467775 0.035575271360913915
0 0.935593657482879 0.03736414450447463 0.934401025 0.03122858125000001 0.866913761267121 0.044346774245525376 0.8681063937500001 0.050482337499999995
0 0.5895529945547001 0.10781092171858217 0.587764121875 0.09860796874999997 0.5202768585702999 0.11172616265641781 0.5220657312500001 0.12092911562500001
0 0.7675584124999999 0.057292112500000034 0.7663659323911314 0.05115733476062503 0.6988794542661314 0.06427537851062504 0.7000719343749999 0.07041015625000005
0 0.6785986437500001 0.07458414062499999 0.67680989375 0.06538181875 0.6093234186783959 0.07849985938410195 0.6111121686783959 0.08770218125910194
0 0.5865714877065986 0.09247240731285752 0.5847827375 0.08327008437500003 0.5172954749896352 0.09638827807167707 0.5190842251962338 0.10559060100953457
0 1.001672041996221 0.008601909814006992 0.9998832151258228 -0.0006008060548628568 0.9430936937500002 0.010437959374999983 0.9448825206203985 0.01964067524386983
0 0.9326121814535574 0.022025787460432444 0.9308233544992912 0.012823070753984856 0.8633360933841733 0.025941265696109505 0.8651249203384394 0.035143982402557096
0 0.7645770906249998 0.041954540625000016 0.76278826381229 0.03275182535235512 0.6953017856872902 0.04586986910235513 0.6970906124999999 0.055072584375000025
0 0.6750210531249998 0.05617902187500003 0.6738284970063935 0.05004385309945971 0.60634201875 0.063161896875 0.6075345748686065 0.06929706565054032
0 0.9321019160027898 0.0030241155515650987 0.9309093448188378 -0.003111131457760985 0.86035469375 0.010603303125000019 0.861547264933952 0.016738550134326104
0 0.7615957077194748 0.026616655964363002 0.7598068649259018 0.017413858903452394 0.6923203874999999 0.030531903125000003 0.694109230293573 0.03973470018591061
0 0.67203966875 0.04084113750000003 0.6708470968287009 0.03470588771075796 0.60029323125 0.04842017187500003 0.6014858031712991 0.0545554216642421
0 0.734750184375 0 0.7329613576331103 -0.009202715286410946 0.6403436513831103 0.008800344088589073 0.642132478125 0.01800305937500002
0 0.6121392968749999 0.011099184375000015 0.6109467409187184 0.004964015567906932 0.506648459375 0.025237546874999996 0.5078410153312817 0.03137271568209308
0 0.2875000000000001 0.45 0.10617695937500005 0.45 0.10617695937500007 0.5600252343750001 0.2875000000000001 0.5600252343750001
0 0.9634209260545129 0.6950441449313319 0.945296104979881 0.675215743273718 0.8400940195503681 0.7713792670923862 0.858218840625 0.79120766875