0 0.4931437963004167 0.19097590368300496 0.4401808317307693 0.17831729086538464 0.4330038695649679 0.20834531987468743 0.4859668341346154 0.22100393269230775
0 1.0001206886689302 0.3829594628588515 0.8660726922529682 0.382667630388298 0.8659516277780261 0.43827641947321927 0.9999996241939881 0.4385682519437728
0 0.41244768563127737 0.750802692382899 0.3576971346153846 0.7431080048076921 0.3566935465431662 0.7502489055148218 0.411444097559059 0.7579435930900286
0 0.3437486473573629 0.7387203582746527 0.2913790055770002 0.7313602858279731 0.29070994711538467 0.7361208846153846 0.34307958889574736 0.7434809570620643
0 0.2794768990384616 0.7296875528846154 0.19854122141210429 0.7183127857561497 0.19787216291854615 0.7230733845390721 0.27880784054490343 0.7344481516675379
0 0.1920688586121963 0.7125479020250386 0.16588434132331636 0.7088679086506365 0.16521519685589572 0.7136291196348222 0.1913997141447757 0.7173091130092242
0 0.41412050480769247 0.7388999759615384 0.3593699543269231 0.7312052884615384 0.3583662807143643 0.7383467978198601 0.4131168311951337 0.7460414853198601
0 0.345421466346154 0.7268176418269233 0.2930518245192308 0.7194575673076926 0.29238268009490925 0.7242187764151059 0.3447523219218324 0.7315788509343366
0 0.2814842454723462 0.7154045355699468 0.2005485697115386 0.7040297692307692 0.19954489635457712 0.7111712769300532 0.28048057211538474 0.7225460432692308
0 0.19374159134615396 0.7006457956730769 0.16755707451923085 0.6969658004807692 0.16688801546938653 0.7017264012515182 0.19307253229630963 0.705406396443826
0 0.532435235651139 0.7433908317411996 0.4800649850916934 0.7360306730087285 0.4793958407867084 0.7407918821329135 0.531766091346154 0.7481520408653846
0 0.41341232692307694 0.7266632524038462 0.3610426850753926 0.7193031802855436 0.36037354086538476 0.724064389423077 0.4127431827130691 0.7314244615413796
0 0.3470941971153847 0.7149155336538461 0.29472455528846164 0.7075554591346154 0.29405541086414017 0.7123166682420288 0.34642505269106316 0.7196767427612595
0 0.5896113666061991 0.746571784991205 0.5711915282023994 0.7439830431787569 0.5705224687500001 0.7487436442307692 0.5889423071537998 0.7513323860432173
0 0.28315697677713575 0.7035024274823771 0.20222130076484196 0.6921276607597776 0.20121762711911176 0.6992691702952217 0.2821533031314055 0.7106439370178212
0 0.19541440865384624 0.6887430769230769 0.16922989171118247 0.685063084118349 0.16856074759615394 0.6898242932692309 0.1947452645388177 0.6935042860739588
0 0.5368227973504132 0.7294429524025463 0.4844525456730771 0.7220827932692307 0.4834489574572793 0.7292236942320691 0.5358192091346154 0.7365838533653848
0 0.43684411376836574 0.715391865495305 0.3559084378067758 0.7040170980303112 0.3552393792482468 0.7087776970367597 0.43617505520983674 0.7201524645017536
0 0.3487669302884617 0.7030134254807693 0.29639728846153857 0.6956533509615386 0.29572822953101835 0.7004139517490576 0.3480978713579414 0.7077740262682883
0 0.28516432469920844 0.6892194110829866 0.20422864903846166 0.6778446418269232 0.20322497556129815 0.6849861485413297 0.28416065122204487 0.6963609177973932
0 0.5899459812000358 0.7271990499069858 0.5500631081730769 0.7215938774038462 0.5490594346653488 0.7287353851891682 0.5889423076923077 0.7343405576923079
0 0.5384956160251945 0.7175402339773156 0.4861253634350456 0.7101800766490829 0.4851216897175434 0.7173215878640751 0.5374919423076924 0.7246817451923078
0 0.43851693269230785 0.7034891490384616 0.3575812572115386 0.6921143798076924 0.3569121128007919 0.6968755889170137 0.4378477882815611 0.7082503581477829
0 0.3507742770059669 0.6887304060294273 0.29840463521113764 0.6813703336856834 0.2974009615384616 0.6885118437500002 0.3497706033332909 0.695871916093744
0 0.19842534419893207 0.6673191616534453 0.17224082693912385 0.6636391681550516 0.1712371534132688 0.6707806771746834 0.19742167067307703 0.6744606706730771
0 0.2871715858327968 0.6749369954050459 0.20623590940113085 0.6635622353441086 0.205232321164488 0.6707031413813707 0.2861679975961539 0.6820779014423078
0 0.5896113661470117 0.7150148281287658 0.5517358399026642 0.7096917690278999 0.5510667812500003 0.7144523677884614 0.5889423074943478 0.7197754268893275
0 0.5139832211538462 0.7019580480769232 0.49017900478485465 0.6986125841314059 0.4895098605769231 0.7033737932692309 0.5133140769459146 0.7067192572147482
0 0.3881539424701945 0.6818465817536075 0.35958851682692305 0.6778319735576923 0.35858484358749787 0.6849734807463925 0.38715026923076934 0.6889880889423078
0 0.35244701010658647 0.6768282981459569 0.3000773677884616 0.6694682259615383 0.2990736942203368 0.6766097355078892 0.35144333653846166 0.6839698076923076
0 0.20009807506462438 0.6554170537812353 0.17391355985556833 0.6517370600623417 0.17290988623325168 0.6588785687811066 0.1990944014423077 0.6625585625000002
0 0.28884440432932784 0.6630342856933253 0.2079087283653847 0.6516595168269231 0.20690505453356806 0.6588010263362143 0.2878407304975112 0.6701757952026165
0 0.5896114520550254 0.7028770204573801 0.553408658620994 0.6977890504761521 0.5527395142582764 0.7025502607880031 0.5889423076923078 0.7076382307692308
0 0.5180368637683658 0.6903905553991512 0.4918517379807693 0.6867104759615384 0.49118267950086525 0.6914710744085415 0.5173678052884617 0.695151153846154
0 0.20177080831105731 0.6435149453195148 0.17558629086538471 0.6398349519230769 0.17458270312544266 0.6469758507926814 0.20076722057111535 0.6506558441891193
0 0.5896114521029638 0.6907398282118707 0.555081389423077 0.6858869423076924 0.5544122448382853 0.6906481513925531 0.5889423075181721 0.6955010372967314
0 0.3578382451923078 0.6557389110576922 0.3054686033653847 0.6483788389423076 0.30479954460259034 0.6531394400912376 0.3571691864295134 0.6604995122066222
0 0.4203994476760735 0.659676064982646 0.3656488966346154 0.6519813774038462 0.36464522299700347 0.6591228869404311 0.41939577403846157 0.6668175745192308
0 0.29252439738930547 0.636849769336834 0.21158872115384625 0.6254750024038462 0.21091966270684848 0.6302356008554739 0.29185533894230775 0.6416103677884617
0 0.3598455921681145 0.6414558943462882 0.3074759494376597 0.6340958196305143 0.3064722755291894 0.6412373291985927 0.3588419182596442 0.6485974039143667
0 0.4482573053297668 0.6514540360634975 0.3673216298076924 0.6400792692307693 0.36665248553561786 0.6448404783595797 0.4475881610576923 0.656215245192308
0 0.29181630784608087 0.6246124375216114 0.21326154086538465 0.6135722836538461 0.21259239648084227 0.61833349276685 0.2911471634615385 0.6293736466346154
0 0.2088348610671719 0.6105228392440767 0.15646521875000005 0.603162766826923 0.15546154515073451 0.6103042763688972 0.20783118746790635 0.6176643487860509
0 0.3615183245192309 0.6295537860576924 0.30914868138223045 0.6221937121959122 0.3081450075586281 0.6293352220441965 0.36051465069562855 0.6366952959059767
0 0.44993003678197907 0.6395519279864073 0.3713752692307693 0.6285117764423076 0.370706210814175 0.6332723748982082 0.4492609783653848 0.6443125264423077
0 0.2958699470004663 0.6130449442411433 0.2149342716346154 0.6016701754807692 0.214265127250073 0.6064313845937731 0.2952008026159239 0.6178061533541471
0 0.21050759186825216 0.5986207343320875 0.15813795192307697 0.5912606586538461 0.15713427784313988 0.5984021681282663 0.20950391778831506 0.6057622438065077
0 0.3635256711680747 0.6152707683728289 0.311156028846154 0.6079106971153847 0.31015235527423324 0.6150522075887095 0.36252199759615394 0.6224122788461538
0 0.5566772765621562 0.6399891418437668 0.5328724495192307 0.6366435913461539 0.5322033051686132 0.6414048004639258 0.5560081322115387 0.6447503509615385
0 0.26931117606719673 0.5947478406300013 0.21694153239437466 0.5873877690537621 0.2159379446014808 0.5945286690523328 0.2683075882743029 0.6018887406285719
0 0.2121803260452547 0.5867186252144687 0.15981068269230778 0.5793585504807692 0.1588070946278224 0.586499449304762 0.2111767379807693 0.5938595240384615
0 0.5896114521848959 0.6324805445330814 0.5678718173076924 0.6294252379807692 0.5672026728151043 0.6341864482553803 0.5889423076923077 0.6372417548076925
0 0.5583500072115385 0.6280870336538462 0.5345451825615339 0.6247414841035824 0.5338760383307647 0.6295026932381979 0.5576808629807692 0.6328482427884616
0 0.4566595600961541 0.6089401225961539 0.37572449486259313 0.5975654422498882 0.3750553506318238 0.6023266513845035 0.4559904158653848 0.6137013317307694
0 0.3685829856024885 0.596561766830516 0.31383243509615394 0.5888670793269231 0.3128287614871882 0.5960085886596794 0.36757931199352273 0.6037032761632724
0 0.5899458953820249 0.6179630353919211 0.5722593774038462 0.615477358173077 0.5712557895413409 0.6226182591067619 0.5889423075195197 0.625103936325606
0 0.562737570499135 0.6141391563606896 0.5365524431418491 0.6104590767024716 0.5355488550886655 0.6175999767447258 0.5617339824459512 0.6212800564029437
0 0.36787480769230785 0.5843250456730771 0.31550516826923086 0.5769649711538463 0.3148360238147895 0.5817261802570266 0.3672056632378664 0.5890862547762573
0 0.29884185136996677 0.5746230964838923 0.22028708413461542 0.5635829423076923 0.21928341028039353 0.5707244518138347 0.2978381775157449 0.5817646059900347
0 0.21076527644230772 0.5622447403846154 0.15839502410359188 0.5548845786400421 0.1573913499277282 0.5620260887970151 0.20976160226644408 0.5693862505415882
0 0.45628652234509554 0.5943231838308961 0.37773175497056016 0.5832830324949818 0.37672808118315704 0.5904245433756242 0.4552828485576924 0.6014646947115386
0 0.3695475417723023 0.572422937627459 0.3171778990384616 0.5650628629807692 0.31650884010794145 0.5698234637682883 0.3688784828417821 0.5771835384149779
0 0.30051458215246674 0.562720988040035 0.22195981490384623 0.5516808341346153 0.22095614107393075 0.5588223436441738 0.29951090832255123 0.5698624975495934
0 0.21243800744458483 0.550342632244291 0.1600677573451419 0.5429824740948501 0.15906408403517253 0.5501239812736359 0.2114343341346155 0.5574841394230768
0 0.46033955331694343 0.5827556066529405 0.37940448798076926 0.5713809254807692 0.3784008999608485 0.5785218255845548 0.45933596529702275 0.589896506756726
0 0.5896113663428744 0.5984962608287995 0.5749357839538004 0.596433742266221 0.5742667253032339 0.6011943420143447 0.5889423076923077 0.6032568605769232
0 0.5677942749754953 0.5954300698432301 0.5154246338292968 0.5880699950818303 0.5144210455625995 0.5952108950168571 0.566790686708798 0.602570969778257
0 0.3021873157357437 0.5508188799246079 0.22125224759615392 0.5394441971153846 0.22058318907194877 0.5442047955561615 0.3015182572115385 0.5555794783653847
0 0.21411074064180471 0.5384405240746072 0.1617404879807693 0.5310803653846154 0.16073681464665696 0.5382218725600083 0.21310706730769238 0.5455820312500002
0 0.45963207226915775 0.5705183605985346 0.3810773052884615 0.5594782067307692 0.3804081609039191 0.5642394158437731 0.4589629278846153 0.5752795697115385
0 0.37155488903522466 0.5581399202141999 0.3191852475961539 0.5507798461538462 0.318181573798563 0.5579213553928308 0.37055121523763374 0.5652814294531845
0 0.589611452083154 0.5863584556100366 0.5789889014423077 0.5848655528846154 0.578319756877725 0.5896267619723164 0.5889423075185711 0.5911196646977376
0 0.5694670937500002 0.5835273509615386 0.5170974519023157 0.5761672788432362 0.5164283076923079 0.5809284879807693 0.5687979495399923 0.5882885600990717
0 0.3038600480769231 0.5389167716346154 0.22530528009115283 0.5278766176255961 0.22430169195555327 0.535017517388488 0.3028564599413235 0.5460576713975072
0 0.21578347194144257 0.5265384159760741 0.1634132211538462 0.5191782572115385 0.16274416267394218 0.5239388556585414 0.21511441346153853 0.5312990144230769
0 0.4613048052993595 0.5586162524053778 0.38275003814114156 0.5475761009165097 0.38208089389947436 0.5523373100495934 0.4606356610576923 0.5633774615384616
0 0.3756085289455969 0.5465724249763638 0.32085797793242193 0.5388777373729857 0.32018883359827455 0.5436389470400067 0.3749393846114495 0.5513336346433848
0 0.5896114515672874 0.5742212582982928 0.5806616317276809 0.5729634443056987 0.5799924878527013 0.5777246547574058 0.5889423076923078 0.57898246875
0 0.5738552626563006 0.5695795569493917 0.5214850120192309 0.5622193990384616 0.5204813383052381 0.5693609093967624 0.5728515889423079 0.5767210673076926
0 0.3055328653846154 0.5270140528846154 0.22459779812506367 0.5156393722536159 0.22392865389429445 0.5204005813882314 0.3048637211538462 0.5317752620192309
0 0.21745629090948101 0.5146356971215821 0.16508603846153852 0.5072755384615385 0.16441689418667296 0.5120367475899567 0.21678714663461546 0.5193969062500001
0 0.37728126201923085 0.5346703173076924 0.3225307099201281 0.5269756295802505 0.32186165111101295 0.5317362307226704 0.3766122032101157 0.5394309184501124
0 0.4656923676827157 0.5446683586481444 0.3847572981234836 0.5332936919763979 0.3837537092869217 0.540434607366715 0.4646887788461539 0.5518092740384616
0 0.5899458970667735 0.5597037549621398 0.5826688971799305 0.5586810378108336 0.5816653076923077 0.5658219375000001 0.5889423075791508 0.5668446546513063
0 0.5755279965221058 0.5576774539060707 0.523157744743652 0.5503172908023302 0.52215415625 0.5574581899038462 0.5745244080284538 0.5648183530075868
0 0.30958650723335474 0.51544656009922 0.22865082932692313 0.5040717932692309 0.22798168507433778 0.5088330024007802 0.3089173629807694 0.5202077692307694
0 0.21946355072970217 0.5003532890941348 0.16709330041807816 0.4929931326576093 0.16608962709222222 0.5001346416403977 0.21845987740384623 0.5074947980769232
0 0.5772008128822883 0.5457747332268041 0.5248305628371577 0.5384145739689552 0.5238268892955776 0.5455560817128504 0.5761971393407083 0.5529162409706994
0 0.47312937139378836 0.5262938150727033 0.4469448539481156 0.5226138216762655 0.4459412662081736 0.5297547205458699 0.4721257836538463 0.5334347139423078
0 0.21875598485041314 0.4881166519217771 0.16638573317307698 0.4807564927884615 0.16538214495727926 0.48789739375129976 0.21775239663461543 0.49525755288461537
0 0.4748021900576194 0.5143910985793038 0.3962474230769231 0.5033509447115384 0.3955782786923807 0.5081121538245424 0.47413304567307696 0.5191523076923077
0 0.3867256129901277 0.5020127427897768 0.334355973235756 0.49465267062783175 0.33368682899562824 0.49941387976113194 0.38605646875 0.506773951923077
0 0.5822575192307695 0.5270656442307693 0.5322675671661153 0.5200400154304504 0.5315984229353461 0.5248012245650658 0.5815883750000003 0.5318268533653847
0 0.31564688524904605 0.4895959640313631 0.26327663461538464 0.4822358052884616 0.2622729609048002 0.4893773148147909 0.3146432115384616 0.4967374735576924
0 0.47647492082685017 0.5024889904062267 0.3979201538461539 0.4914488365384615 0.39725100946161146 0.4962100456514656 0.4758057764423077 0.5072501995192309
0 0.3883983461538463 0.49011063461538473 0.33602870430616183 0.4827505624970823 0.3353595600961539 0.48751177163461556 0.3877292019438384 0.494871843752918
0 0.58631055070892 0.5154980673397568 0.5339403002236902 0.5081379086177161 0.5332711562179355 0.5128991156127662 0.5856414067031653 0.5202592743348069
0 0.3173196184221231 0.47769385585828605 0.2649493660648373 0.470333696873145 0.2639456923076923 0.47747520673076926 0.3163159446649781 0.48483536571591035
0 0.45910403675032385 0.48791047605888155 0.4067343942307693 0.48055040384615394 0.4060653358458302 0.4853110023065033 0.45843497836538477 0.4926710745192309
0 0.390405625 0.47582810576923074 0.338035982512795 0.46846803115720337 0.33703237722895796 0.47560905250322716 0.389402019716163 0.4829691271152546
0 0.31899236778846163 0.4657916250000001 0.26662211444239925 0.45843146617322095 0.2656185091581857 0.4655724891090957 0.3179887625042481 0.47293264793587486
0 0.5883178554545662 0.5012153546336289 0.5359476039598549 0.49385519445724735 0.5349439558986653 0.5009965202052036 0.5873142073933766 0.5083566803815851
0 0.46111134092798584 0.47362776387369754 0.40874169951923095 0.4662676899038462 0.40773805138583685 0.4734090166162836 0.4601076927945918 0.48076909058613493
0 0.39207838277582685 0.46392581498315183 0.33970874097062986 0.4565657403093334 0.339039639423077 0.46132664423076924 0.3914092812282741 0.4686867189045877
0 0.5896114177386105 0.48925977046242836 0.5376203626301723 0.4819529037968808 0.5369512524038462 0.4867138701923078 0.5889423075122845 0.4940207368578553
0 0.4627840989420011 0.46172547361170346 0.4104144570807513 0.4543653993367199 0.4094108004464426 0.4615067863019395 0.46178044230769244 0.46886686057692306
0 0.589611409194193 0.4771224495601748 0.539293111490302 0.4700506728674515 0.5386240096153846 0.4748115793269231 0.5889423073192754 0.4818833560196464
0 0.6846297764423077 0.45913461538461553 0.5889423076923077 0.45913461538461553 0.5889423076923077 0.7807113485576924 0.6846297764423077 0.7807113485576924