0 0.2739453026041667 0.32676945185185197 0.23543598896132634 0.3250927797316786 0.23521440729166673 0.34117723703703706 0.2737237209345071 0.3428539091572104
0 0.3388608671875001 0.10785432314814818 0.13576836011338128 0.09572375418357838 0.13527402760416668 0.12188068888888892 0.3383665346782855 0.13401125785345872
0 0.7463610606005129 0.390670130363658 0.7403161776041666 0.3756658166666667 0.7303002638786538 0.3884189613030089 0.736345146875 0.4034232750000002
0 0.7575051362136064 0.37783536124168593 0.7520515447916668 0.36252023518518517 0.7423220033697271 0.37347011468423996 0.7477755947916668 0.3887852407407407
0 0.7780313181105037 0.37662359043027804 0.7707060633323134 0.35658902499193323 0.760813812930143 0.3680202521542478 0.7681390677083333 0.3880548175925926
0 0.7523302952397757 0.4074020500575982 0.7483959443695656 0.39804711900029505 0.7388590090256232 0.4107235291278821 0.7427933598958333 0.42007846018518535
0 0.7636547268475605 0.394825865915074 0.7599672021537034 0.38510937747243557 0.7509875148894759 0.39588002359439867 0.754675039583333 0.4055965120370371
0 0.7679595624999999 0.4082444888888891 0.7647651415870633 0.39885710837756233 0.7553936061703967 0.40893601485904385 0.7585880270833333 0.41832339537037055
0 0.7567916350966755 0.42092472382664414 0.7530712828125 0.4117001055555557 0.7435880117783246 0.4237879474696524 0.7473083640625 0.4330125657407409
0 0.7684707762677658 0.4543998607240413 0.7594615020833332 0.4288895157407409 0.7501101534197337 0.4393271642759592 0.7591194276041665 0.46483750925925965
0 0.7799838494791668 0.4409747712962962 0.7710852906028727 0.41542501266025456 0.7618757791666667 0.4255623620370369 0.7707743380429607 0.45111212067307854
0 0.7887089932434621 0.40721005894231704 0.7802292468750001 0.3830775166666666 0.770518516410299 0.3938616843766347 0.7789982627787612 0.41799422665228514
0 0.8005383708333333 0.3942574342592593 0.7920236662199869 0.3700254041822176 0.7827378208333333 0.3803377194444444 0.7912525254466798 0.4045697495214861
0 0.80026661098772 0.44056518829241054 0.7911924640624998 0.4126668083333336 0.7812321637855673 0.4229057295187932 0.7903063107107874 0.4508041094778702
0 0.8117479932291668 0.4258733546296295 0.8028965808510509 0.4008100070843062 0.7938054665547518 0.41095719171377026 0.8026568789328679 0.43602053925909356
0 0.8315198131259112 0.48009446806427636 0.8145920619791666 0.4326824879629631 0.8050012660640228 0.44350481786234763 0.8219290172107672 0.4909167979636609
0 0.8077037781594996 0.4580481694237456 0.8025581333505242 0.4457891660041097 0.7927717124826913 0.45877181972851216 0.7979173572916667 0.4710308231481481
0 0.7794834369791668 0.4840808064814816 0.7709423140625001 0.46087747407407426 0.7614245130905818 0.47195024143818426 0.7699656360072483 0.4951535738455916
0 0.7911597427083333 0.471470277777778 0.7828381179341174 0.44757199099092904 0.7734378731424506 0.4579171095094477 0.7817594979166667 0.4818153962962966
0 0.8182220479166666 0.48981481481481504 0.8087079670515858 0.4629620699794594 0.7991195027399455 0.47369905027075615 0.8086335836050264 0.5005517951061118
0 0.7978583296875001 0.4898148148148149 0.7935819803431247 0.47747363933962306 0.7842659213541665 0.48767607407407404 0.7885422706985421 0.500017249549266
0 0.5864961182291667 0.770057427777778 0.5731655345806088 0.7655875826355002 0.5635872703125 0.8558690166666667 0.5769178539610579 0.8603388618089445
0 0.4044302020833334 0.9167682055555556 0.3216334959109019 0.9113017426868663 0.3213844947502578 0.9232213781977594 0.40418120092268933 0.9286878410664489
0 0.46749971093750003 0.7527397370370371 0.35331445113764237 0.7441392569698217 0.35294918536981296 0.7594660491882331 0.4671344451696706 0.7680665292554484
0 0.7209493844375033 0.9612648259095705 0.7147085102237283 0.9508592605583136 0.6937458085021605 0.99059505949716 0.6999866827159356 1.001000624848417
0 0.7352632518556135 0.9385878200727478 0.7314159813701913 0.9277229776334406 0.7151310873285522 0.9459480462366615 0.7189783578139745 0.9568128886759687
0 0.7967805027138924 0.9312690077845064 0.7664637481632129 0.8824333463950336 0.711012474232588 0.9912291409562421 0.7413292287832676 1.0400648023457149
0 0.739545875 0.9129340722222227 0.7355687599306158 0.9071982634210303 0.7296045255208334 0.920268490740741 0.7335816405902177 0.9260042995419333
0 0.7482223833333335 0.8975341601851854 0.7352431592018396 0.8966885936671617 0.7350788442708335 0.9046599629629632 0.7480580684023274 0.905505529480987
0 0.728566949640417 0.887416147253215 0.7210726948386775 0.8753440465829565 0.6640159622270475 0.9872897554601107 0.671510217028787 0.9993618561303692
0 0.6578282657635531 0.7632586463858133 0.6157461232672432 0.7441122937466764 0.6100543430682581 0.7836503082147308 0.652136485564568 0.8027966608538678
0 0.8037345176725432 0.7365280814769988 0.7942977418762873 0.717417867566344 0.7651349630208332 0.7629315462962961 0.7745717388170891 0.7820417602069509
0 0.8104590744791668 0.7159932861111112 0.7957932943903864 0.7150378445721222 0.7955057223236887 0.7289887596377073 0.8101715024124689 0.7299442011766962
0 0.6463287345447054 0.7135366263923562 0.6318683718460796 0.6808283277774672 0.5974417890634118 0.7289310987680989 0.6119021517620378 0.7616393973829878
0 0.7514301674347421 0.7122355348048891 0.7098980628286021 0.6919673529379439 0.7035790811268912 0.7328907041448461 0.745111185733031 0.7531588860117912
0 1.0000451827965948 0.7124387657071879 0.9984488619539387 0.712226065523366 0.9981950770833332 0.7182457398148149 0.9997913979259894 0.7184584399986369
0 0.6585300414905839 0.6685328835050843 0.646651840580819 0.6433091297640303 0.6166378742905646 0.6879794726238591 0.6285160752003295 0.7132032263649131
0 1.0089722890958701 0.6898570005275967 0.9943814208135677 0.6578795312053214 0.9618497573253729 0.7047930775229541 0.9764406256076753 0.7367705468452295
0 0.6966238299947007 0.6473413352987712 0.6457880556060974 0.6181413146077911 0.639146393290092 0.6546854778079038 0.6899821676786952 0.6838854984988839
0 0.8204398821035838 0.6482028413712189 0.8062368636100142 0.6160726076713281 0.7702508455560374 0.6663480045983514 0.7844538640496072 0.6984782382982423
0 1 0.6498556564814817 0.9941400213541667 0.6498556564814817 0.9941400213541667 0.6644807601851854 1 0.6644807601851854
0 0.7885326526634572 0.6308050383786079 0.7441986896972276 0.6126260480131712 0.739301246860496 0.650373802064394 0.7836352098267256 0.6685527924298307
0 0.8642594933163606 0.6188164027005485 0.8563257460179065 0.6008708396480839 0.8278007858167545 0.6407275332386041 0.835734533115209 0.6586730962910687
0 0.9802279112145091 0.6113060670586479 0.9374000697578277 0.5904039753876694 0.9309832507590856 0.631957816400113 0.973811092215767 0.6528599080710914
0 0.9490748288749248 0.5980732080656732 0.9306714441042598 0.5578352689125821 0.8725832362933055 0.6418015465409093 0.8909866210639705 0.6820394856940004
0 0.7775476024702009 0.5812379738094676 0.7628321737481971 0.5479506383222593 0.7284042109033748 0.5960523087494534 0.7431196396253789 0.6293396442366617
0 0.8820572030719449 0.5789674003049241 0.874763377345766 0.5624682563548558 0.8452765971927041 0.603666269225538 0.8525704229188832 0.6201654131756064
0 0.6640701427083334 0.570752477777778 0.63053999105341 0.5471079811049018 0.6230332781352452 0.5807521804822926 0.6565634297901687 0.6043966771551689
0 1 0.5777976851851855 0.9820805125 0.5777976851851855 0.9820805125 0.6145897435185188 1 0.6145897435185188
0 0.7466265535778802 0.5629725579207158 0.703590498433523 0.5419709531731516 0.697174386198498 0.583524382711971 0.7402104413428553 0.6045259874595352
0 0.8613421115504779 0.5704494886178058 0.8468813242933414 0.5377418833158424 0.8112643234778668 0.5875104898714602 0.8257251107350034 0.6202180951734235
0 0.9998083111818424 0.5702327977153886 0.9551658584420666 0.5532289088545569 0.9503310205794395 0.5933466665298851 0.9949734733192154 0.6103505553907168
0 0.8288379530858723 0.5516400940871087 0.7888098830746352 0.5321049234531379 0.782296059119867 0.5742880149641376 0.8223241291311041 0.5938231855981085
0 0.9028375156721713 0.5415044612045814 0.8950317541510089 0.52384799371541 0.8668721313451103 0.563193327979522 0.8746778928662725 0.5808497954686933
0 1.0031941633526902 0.5460084395192849 0.9793814386323497 0.5343872989309236 0.9760759940833041 0.5557937739674325 0.9998887188036446 0.5674149145557938
0 0.8812653334018351 0.5319110393491955 0.8675016778415133 0.5000817449991585 0.8326109911310567 0.5477655879447427 0.8463746466913785 0.5795948822947797
0 0.7679661467691965 0.5253258236430363 0.7535066065017617 0.492617325850295 0.7184828585536832 0.5415514085468827 0.7329423988211181 0.5742599063396239
0 0.984144666056814 0.5374121610602285 0.9673596652063675 0.49747620686952376 0.9163937028767871 0.565176800595526 0.9331787037272338 0.6051127547862306
0 0.91828695679176 0.5207827842880562 0.9102386295013498 0.4991306010966496 0.88922288740239 0.5238196075248647 0.8972712146928001 0.5454717907162714
0 0.7855136255208334 0.48981481481481504 0.7391356911458333 0.48981481481481504 0.7391356911458333 0.5156279990740743 0.7855136255208334 0.5156279990740743
0 0.7452000167766556 0.4936809585911688 0.7272664472630844 0.4597098867791221 0.6872759323780558 0.5264319447754794 0.7052095018916271 0.560403016587526
0 0.7058501489583333 0.48981481481481504 0.6568976145833333 0.48981481481481504 0.6568976145833333 0.5241355842592594 0.7058501489583333 0.5241355842592594
0 0.6669212255208333 0.48981481481481504 0.6285831677083333 0.48981481481481504 0.6285831677083333 0.5102128333333336 0.6669212255208333 0.5102128333333336