0 0.30636364081592576 0.31432917980221975 0.28821950003851377 0.2415569995034287 0.20938297250383797 0.26121315173245896 0.22752711328124997 0.33398533203125
0 0.20581627539062503 0.3071917773437501 0.19220817021502246 0.25261264207976825 0.163908509765625 0.25966853906250004 0.17751661494122756 0.3142476743264819
0 0.206807826171875 0.33700344921875 0.18815999532203043 0.2622110838352022 0.11740989648164762 0.27985106445380503 0.13605772733149218 0.3546434298373528
0 0.24422444697624718 0.2976155437442833 0.23061633945488802 0.24303640859661 0.20029459755676587 0.2505964683679517 0.21390270507812498 0.305175603515625
0 0.673172884438581 0.5773686942858767 0.6219013781681325 0.45157820526258635 0.531408333575039 0.4884626687805533 0.5826798398454875 0.6142531578038436
0 0.6224320162927177 0.4554490596538091 0.6150212684015899 0.4271319845354974 0.5192403853887337 0.45219841437799474 0.5266511332798617 0.48051548949630646
0 0.6079403911850294 0.4220026381948856 0.5896984613544601 0.3522987210287996 0.49212754608866827 0.37783361005866584 0.5103694759192374 0.4475375272247518
0 0.7957029861950125 0.5570720151817384 0.680391692741123 0.2761623703689742 0.576035589481247 0.3189997647728746 0.6913468829351364 0.5999094095856389
0 0.5492738789976743 0.5487399425631051 0.46429804584896783 0.34173145826383966 0.4280045464061554 0.35662973822311206 0.512980379554862 0.5636382225223775
0 0.0823417070312501 0.786375451171875 9.693373426158627e-17 0.786375451171875 1.0674939950589366e-16 0.9466774296875 0.08234170703125011 0.9466774296875
0 0.7010806015624998 0.8176343828125 0.6934651931809099 0.7299779933725651 0.5512567512059449 0.7423327728457841 0.5588721595875348 0.8299891622857191