0 0.15444240638172327 0.15917774330588827 0.1476062609375 0.1056183109375 -0.006836145444223238 0.12533081919411174 0 0.17889025156250002
0 0.8221852212408288 0.37744716009633733 0.7340516469162195 0.30733794499464295 0.6206135178628907 0.44993985208580584 0.7087470921875001 0.5200490671875002
0 0.7675905180835614 0.7176215195291947 0.7416813250000002 0.6967541375000003 0.7104609072711229 0.7355177845140449 0.7363701003546842 0.7563851665432395
0 0.8535473784029228 0.1826702803252301 0.8288036562500001 0.12278268125000005 0.8018953553045097 0.1339003672565146 0.8266390774574328 0.1937879663317447
0 0.954296911144193 0.31059392920888895 0.9352945015625 0.25274041093750005 0.8968652737989492 0.26536277078164283 0.9158676833806423 0.32321628905303174
0 0.9409057899346122 0.5283939644615161 0.9021979234374999 0.44749279062499986 0.8657968522528879 0.4649091980384837 0.9045047187499999 0.5458103718749999
0 0.5537461599960785 0.44763602164087024 0.519902434375 0.3952838515624999 0.4977634321914217 0.4095958908591297 0.5316071578125001 0.46194806093749996
0 0.23858272499999994 1 0.21626161157948226 0.9810270950626784 0.20911516882195108 0.989434693154329 0.23143628224246876 1.0084075980916505
0 0.20994777031250003 0.9673550375000002 0.19035862669642672 0.9400128012236838 0.1462640400516007 0.971604042764709 0.165853183667674 0.9989462790410253
0 0.34402392798141646 0.7831527774447242 0.3169007113172617 0.7649474099626833 0.29145067500000016 0.8028640765625001 0.31857389166415484 0.821069444044541
0 0.42722520937499997 0.8141079703124999 0.41233700491610853 0.800701827815083 0.3847359815379714 0.8313541709038965 0.39962418599686284 0.8447603134013134
0 0.40497710312499996 0.8035907453125002 0.3616225140625001 0.7724843062500001 0.3554012828523219 0.781155145173033 0.3987558719148218 0.812261584235533
0 0.34384575625 0.7517190250000001 0.3168395524484451 0.732104725755632 0.3113291448834484 0.7396918022999373 0.33833534868500337 0.7593061015443052
0 0.047571478125000066 0.830665828125 0.03864135186177089 0.8143144834595011 -0.0019220122007291619 0.836467766272001 0.007008114062500015 0.8528191109375
0 0.9706132140625 1 0.875354046875 0.8032694703125 0.6843188180436991 0.8957709078415398 0.7795779852311991 1.0925014375290398