0 0.22354672656249996 0.36353319140625007 0.21258090800786456 0.3290125308873838 0.1581304133393212 0.3463092522064635 0.16909623189395662 0.3808299127253298
0 0.132128837890625 0.39009010546875006 0.12129113873085637 0.3583758151099418 0.04861680296564731 0.38321075793061876 0.05945450212541595 0.414925048289427
0 0.23381117578125 0.211567400390625 0.2134358236000808 0.14850585498178856 0.18588567954106888 0.15740737942437946 0.2062610317222381 0.2204689248332159
0 0.051812947265625006 0.411713236328125 0.04219019384668983 0.38463569177602047 -0.006637219062443578 0.40198786171170264 0.002985534356491598 0.4290654062638072
0 0.8024096109272019 0.3468837674898666 0.5227403173494082 0.26998183888236676 0.4821567500526234 0.4175721243573627 0.7618260436304171 0.49447405296486246
0 0.09157756751935528 0.915101975742471 0.018252834144553032 0.9048583978719579 0.009084999005156663 0.970482838445153 0.08240973237995891 0.9807264163156661
0 0.41694584864020046 0.9578279910540761 0.3724961476072324 0.9530311512897391 0.36742745117187503 1 0.4118771522048431 1.004796839764337
0 0.3549716978537501 0.9499308716087749 0.20559148828125012 0.9290622304687499 0.19615403071307277 0.9966166715991813 0.3455342402855728 1.0174853127392063
0 0.15110396387398856 0.9211241901727809 0.09297749779338978 0.9148514070527799 0.0856496147035176 0.982754910125907 0.1437760807841164 0.989027693245908
0 0.1562502775823022 0.8670709935712089 0.10148633565288466 0.8594203867792133 0.09663282890773786 0.894162358072699 0.15139677083715541 0.9018129648646945
0 0.08961104687500011 0.8373714179687499 1.02548422671291e-16 0.8373714179687499 1.1000084632518301e-16 0.959078732421875 0.08961104687500011 0.959078732421875
0 0.4254538148584205 0.8789892767657045 0.4117770510551746 0.8775133339704139 0.40486182604050414 0.9415929849390845 0.41853858984375003 0.9430689277343751
0 0.39046727262813 0.8506082175108449 0.32892181835937506 0.843966451171875 0.31954356483437873 0.9308693688576193 0.3810890191031337 0.9375111351965892
0 0.43839894475117014 0.7726776994625991 0.3875373574218751 0.765572255859375 0.3810659672646544 0.8118952152695478 0.43192755459394944 0.8190006588727718
0 0.8426763346705545 0.6923561504182668 0.691468130859375 0.6737901171875001 0.6752823584653055 0.8056126524907375 0.826490562276485 0.8241786857215042
0 0.9471047541325862 0.5600027488188501 0.900059091270762 0.5513967175761725 0.8705261632321649 0.7128411902543894 0.9175718260939891 0.7214472214970671
0 1.003845906411962 0.5116172865693234 0.9540888382258156 0.5075183010826466 0.9459108503744807 0.6067898648554302 0.9956679185606272 0.6108888503421069
0 0.9884074550781253 0.6433447324218753 0.9382341650625773 0.6356583448382417 0.9181886663818879 0.7665063677708901 0.9683619563974359 0.7741927553545236
0 0.8779091546908734 0.6297772467797681 0.831383552734375 0.62406462109375 0.8270990835903766 0.6589588215796072 0.873624685546875 0.6646714472656252
0 0.6135818815017228 0.506803478533906 0.5651177150570406 0.5008528268813528 0.5360785345039554 0.7373579631109364 0.5845427009486376 0.7433086147634896