0 0.26627685937499995 0.45265355664062507 0.2657379804518777 0.437503704933821 0.20514263476562497 0.43965907617187505 0.20568151368874724 0.4548089278786791
0 0.8444525165780645 0.5317851550681599 0.838366626628807 0.2805942806929049 0.5622734850507424 0.28728350648412015 0.5683593749999999 0.5384743808593752
0 0.8375081777343748 0.2763889257812501 0.8299167079679888 0.042978920880341005 0.5608921920139103 0.05172872352975639 0.5684836617802963 0.2851387284306655
0 0.5830347494247402 0.921952926621779 0.4846515947377389 0.8855654642374997 0.46804458752422945 0.9304669124978961 0.5664277422112307 0.9668543748821756
0 0.803272423666002 0.6213149777328526 0.7659276623229921 0.607625401784007 0.7596533138559245 0.6247416402241963 0.7969980751989344 0.6384312161730419
0 0.956326863587999 0.6614563083773467 0.9546997866764457 0.6259146011926315 0.8135175488803769 0.6323778348872189 0.8151446257919301 0.667919542071934
0 0.9141610279463014 0.6163520123599948 0.8882972709881279 0.6073834622233616 0.8769474825179501 0.6401143012159789 0.9028112394761235 0.6490828513526121
0 0.8702982462977968 0.6379372231744346 0.8598704453001873 0.5888782704505859 0.7910027594064761 0.6035165471318654 0.8014305604040858 0.6525754998557141
0 0.9135357437117576 0.5933995501786427 0.9013244520201312 0.5695301436599076 0.8560314535346932 0.5927014787184461 0.8682427452263196 0.6165708852371813
0 0.9680815078125 0.5683593750000002 0.91637980078125 0.5683593750000002 0.91637980078125 0.5959445371093752 0.9680815078125 0.5959445371093752
0 0.867961416015625 0.568359375 0.7976923535156251 0.568359375 0.7976923535156251 0.597680119140625 0.867961416015625 0.597680119140625