0 0.2579252535194102 0.4127966016329828 0.24571939648437496 0.37325149609374997 0.14949512733996478 0.4029517499295172 0.161700984375 0.44249685546875
0 0.6607701883283968 0.73774844089814 0.6603545105879837 0.7233921444797077 0.6237104756145413 0.7244531499934852 0.6241261533549545 0.7388094464119175
0 0.6603806075562134 0.7130471171771524 0.6599980121417128 0.6998391812764411 0.6228696319578233 0.7009146822565318 0.6232522273723239 0.714122618157243
0 0.658085138899919 0.6897826526162777 0.6574068160079954 0.6522529938009473 0.6211398198608239 0.6529084949295076 0.6218181427527475 0.6904381537448381
0 0.8891876717442847 0.3620979718117017 0.8015878007812502 0.3491865312500001 0.7978650672745894 0.37444405176096274 0.8854649382376238 0.3873554923226643
0 1.002194471619342 0.35804885568597955 0.9489340519246369 0.3523755335455338 0.9467395803052949 0.37297695129705444 1 0.37865027343750013
0 0.8911184537127802 0.3299375154201832 0.803612691358232 0.31776257884058956 0.799921290379827 0.34429403998290653 0.887427052734375 0.35646897656250015
0 0.8724913271665139 0.26136074677902776 0.8080131808444847 0.25238969660526367 0.8060669318029708 0.26637808459186096 0.870545078125 0.27534913476562506
0 0.9021874461215953 0.06822889039225447 0.8450411948490236 0.05545875940774869 0.8387095774936987 0.08379270498655177 0.8958558287662703 0.09656283597105754
0 0.9952204428299428 0.059269580358010554 0.9649297480468751 0.0525007031250001 0.962397102572189 0.0638342800871155 0.9926877973552567 0.07060315732012595
0 0.4080505737506478 0.8758588987121789 0.14178230866295424 0.8268416177458194 0.11950293471012616 0.9478660836628664 0.3857711997978197 0.9968833646292259
0 1.017147564507738 0.8184435435488912 0.757467975716069 0.7671709346594371 0.7361931620423178 0.8749211542421864 0.9958727508339867 0.9261937631316405