0 0.2973359443359376 0.29143009519867547 0.2936130298999079 0.25899184248568224 0.1881360643996056 0.29378623552809047 0.19185897883563527 0.3262244882410837
0 0.8209750737304689 0.1856854139072849 0.7083616397533896 0.16170836975207306 0.7070711168723511 0.1791299001815526 0.8196845508494304 0.20310694433676443
0 0.817025681640625 0.21649811589403992 0.7011182834713654 0.19209450186550384 0.6997831051073107 0.2103218014551509 0.8156905032765702 0.23472541548368697
0 0.8118532749023438 0.24576993791390747 0.6982539341321423 0.22462679818798986 0.6970279675472493 0.24355943049318302 0.8106273083174508 0.2647025702191006
0 0.805273955078125 0.27638122847682134 0.6917721255765727 0.2543634391984372 0.6903968676910012 0.2747403962795599 0.8038986971925535 0.29675818555794403
0 0.8039544882812499 0.30739534519867556 0.6890653291015625 0.28557156788079485 0.6877139261992933 0.3060199999344388 0.8026030853789807 0.32784377725231956
0 0.7960142299804687 0.33862601572847695 0.6832352322960125 0.3160894829487675 0.6820628428372797 0.33295264720681694 0.7948418405217359 0.35548917998652646
0 0.7927223173828125 0.36948907284768223 0.6766401979179573 0.34662198232180913 0.6754793694386297 0.36355945112732413 0.791561488903485 0.3864265416531973
0 0.7868464541015626 0.3994306283112585 0.6726859529114269 0.3773640251630289 0.6714990120738265 0.395013650492653 0.7856595132639623 0.4170802536408825
0 0.7787682709960937 0.4328215612582782 0.6684156572308402 0.4071686450893176 0.6668585136718749 0.42642174089403995 0.7772111274371284 0.45207465706300054
0 0.6395658188476563 0.31579023427152325 0.48207805411497306 0.2875344010460126 0.47880751525886034 0.33992870191342467 0.6362952799915436 0.3681845351389354
0 0.6270923090820314 0.397326325331126 0.47998046875 0.36656466225165574 0.47634977862253663 0.4164706938867787 0.623461618954568 0.4472323569662489
0 0.2665291186662305 0.6740783463257036 0.25552709745679847 0.6115074590517597 0.14458144607572423 0.6675782244810229 0.15558346728515626 0.7301491117549668
0 0.8435852648508319 0.8037657026270869 0.7934726093521991 0.8020044724187045 0.7931793239075369 0.8259899205605443 0.8432919794061696 0.8277511507689267
0 0.6068779357112386 0.8855375656788529 0.577806760238758 0.884570599600232 0.5773734122580829 0.9220173526374281 0.6064445877305635 0.922984318716049
0 0.7500592249059861 0.8198292221160646 0.7163811889319819 0.8075062513732806 0.7067785087890628 0.8829372466887419 0.7404565447630669 0.8952602174315258
0 0.828391804884764 0.8428897363384527 0.7768230583837847 0.8180929180379616 0.7675383729319523 0.8735917504521884 0.8191071194329317 0.8983885687526793
0 0.7953565322166797 0.8851662385753337 0.7290218785393147 0.8840355512097374 0.7288939024359116 0.9056156210309924 0.7952285561132766 0.9067463083965885
0 0.5695442897425036 0.9246986838886495 0.5213440895930124 0.9229827196062331 0.5211728230170503 0.9368100789394916 0.5693730231665415 0.938526043221908
0 0.7081328627929688 0.7629905033112585 0.6418630167769181 0.7607567378744913 0.6417189876344024 0.7730383338336877 0.7079888336504531 0.7752720992704549
0 0.7824875678710937 0.7577528882450333 0.7666087076913946 0.7516977475837637 0.7612215860176016 0.7923025974433999 0.7771004461973008 0.7983577381046695
0 0.758271466308594 0.7851260910596028 0.7403959761082108 0.77878495456395 0.7338592106880756 0.8317488347873022 0.7517347008884587 0.838089971282955