0 0.2662310996093751 0.34152598437500004 0.25561817005507564 0.294242760942495 0.23439787695312497 0.29900575000000007 0.24501080650742438 0.3462889734325051
0 0.3803002656250001 0.328502193359375 0.36968733607070065 0.2812189699268699 0.34846704296875 0.28598195898437495 0.3590799725230494 0.3332651824168801
0 0.3442908886718751 0.3337156386718749 0.33367986900836694 0.2864350882071459 0.31245944140625 0.29119751953125006 0.3230704610697581 0.3384780699959791
0 0.30413312304687506 0.338568109375 0.29352019316889316 0.29128488450040957 0.27229990234375 0.2960478730468751 0.28291283222173186 0.34333109792146543
0 0.7747027028281646 0.13590007721368735 0.6854695978237358 0.12475213853558115 0.6646075385854665 0.29174142474982306 0.7538406435898952 0.30288936342792927
0 1 0.2617626289062501 0.954207177734375 0.2617626289062501 0.954207177734375 0.4133240371093751 1 0.4133240371093751
0 0.9539093088830648 0.3485223460356223 0.8767372642361253 0.27038577215149534 0.677240440075612 0.4674199784870421 0.7544124847225517 0.5455565523711691
0 0.01164824023437512 0.97414615234375 1.249000902703301e-16 0.97320091015625 -0.00031613740895626574 0.9770966783892955 0.01133210282541873 0.9780419205767955
0 0.16642231391217815 0.987541297460654 0.020154643629810565 0.769330169612587 -0.08441477127449754 0.8394234084482017 0.061852899007870055 1.0576345362962687
0 0.6715760663702866 0.9367623243926109 0.5401689034065561 0.9242913968441449 0.535189969769074 0.9767548195802256 0.6665971327328044 0.9892257471286916
0 0.9847520702048627 0.93511432082762 0.9305840573559256 0.9299735780155574 0.9248674639194069 0.9902093295483697 0.9790354767683439 0.9953500723604324