0 0.3069723437500001 0.2172731966145833 0.2900042483846044 0.1812152454126097 0.2739146708089804 0.18878665414747917 0.2908827661743761 0.22484460534945275
0 0.21882150520833335 0.24915161067708336 0.2018534082619069 0.2130936574180262 0.1857638297258749 0.22066506687837753 0.20273192667230136 0.2567230201374347
0 0.16523041796875002 0.51953125 0.16258178515625 0.5002996549479166 0.09484261277169052 0.5096288964478256 0.09749124558419055 0.528860491499909
0 0.2464452330729167 0.2381942122395833 0.22947746451003614 0.20213809240149494 0.2133879790493883 0.20970969652357008 0.23035574761226885 0.24576581636165842
0 0.21581200130208333 0.51953125 0.2155957213541667 0.5119327317708332 0.17513106680391954 0.5130844949323665 0.1753473467518362 0.5206830131615333
0 0.2774312994791667 0.22675623567708336 0.26046320300486775 0.19069828342131792 0.24437362603650126 0.19826969214395965 0.2613417225108002 0.2343276443997251
0 0.7001741061137708 0.008481157897775852 0.6791682392288404 -0.014754694267431293 0.6283409186435079 0.031194639664546792 0.6493467855284384 0.05443049182975394
0 0.6955080570391304 0.17027574886757443 0.6191658049635685 0.08642108201028369 0.572195577684046 0.12918331654545046 0.6485378297596078 0.2130379834027412
0 0.5646694440104166 0.1615299739583334 0.5091145833333334 0.1615299739583334 0.5091145833333334 0.27908101171875005 0.5646694440104166 0.27908101171875005
0 0.3312547035186054 0.887069286245126 0.30288596469250223 0.666165437991593 0.231690633785975 0.67530842832016 0.2600593726120782 0.896212276573693
0 0.8547695660821346 0.7967562093290379 0.8268474498631136 0.6236283755820423 0.7132860725830623 0.6419435933363378 0.7412081888020833 0.8150714270833334