0 0.31725556868918287 0.28437640394361924 0.31551134476425996 0.27845482938874566 0.28850992295007705 0.2864082082576265 0.290254146875 0.29232978281250005
0 0.3089708317312073 0.331688341027333 0.29315842187499996 0.2364573578125 0.22970035108129258 0.246994107410167 0.24551276093749994 0.34222509062500006
0 0.3284077640016828 0.3521326586311192 0.3266635397780055 0.34621108306198567 0.2996621179638227 0.3541644619308665 0.3014063421875 0.3600860375
0 0.2883256638933155 0.36499291700999903 0.28702796555733173 0.358893652806955 0.2602285641640162 0.36459557642195595 0.2615262625 0.37069484062499997
0 0.33523470294782454 0.33977132865304466 0.3306372140625 0.3262395359375 0.29428731736467545 0.3385895807219553 0.29888480624999997 0.35212137343749994
0 0.772129533080558 0.627997522392757 0.6885111756433487 0.21735635417040822 0.5185038458507675 0.2519747382235244 0.6021222032879767 0.6626159064458731
0 0.1344465796875 0.6955365546875 0.1264737138981741 0.6557689863461694 0.09082887477846624 0.6629153000444143 0.09880174056779216 0.702682868385745
0 0.09256420937500001 0.6993121859375 0.08787312085267981 0.6618205884370207 0.04713816710654055 0.6669174977904648 0.05182925562886074 0.7044090952909442
0 0.38278536562499993 0.6673924250000001 0.3738649249795333 0.6228984790596787 0.3382200837380703 0.630044792651151 0.34714052438353693 0.6745387385914723
0 0.34176233301803377 0.6754543219551445 0.33526698548203687 0.6235429114812426 0.25549328125000004 0.6335244921875 0.2619886287859969 0.6854359026614019
0 0.2574253546875 0.6801489937499999 0.2505691062946329 0.6253532367561484 0.1687744905871384 0.6355876825099067 0.17563073898000553 0.6903834395037582
0 0.17601618301080366 0.6902008703143256 0.16460603693351283 0.633288615881206 0.1271786125 0.6407923140625 0.13858875857729083 0.6977045684956197
0 0.124044946875 0.6529009250000001 0.1226015312370458 0.6413650148268802 0.08739159523890754 0.6457706119118422 0.08883501087686174 0.657306522084962
0 0.07883181562500001 0.658558159375 0.07738839983624388 0.6470222493314376 0.007817001451171767 0.6557272803602548 0.009260417239927899 0.6672631904038172
0 0.7623635031250002 0.88863720625 0.5063065000000002 0.88863720625 0.5063065000000002 1 0.7623635031250002 1