0 0.5580784904147076 0.028853951367169114 0.3912037721869783 -0.05654381158884315 0.36152208946457837 0.001456799543987825 0.5283968076923077 0.0868545625000001
0 0.7685397283653846 0.0958639615384617 0.7395673998848642 0.07727131095773736 0.6570808221153845 0.2058074879807693 0.686053150595905 0.22440013856149366
0 0.12943258173076921 0.7810142283653847 0.09360991758138389 0.6493189662140083 0.007838920214179158 0.6726496888402445 0.04366158436356448 0.8043449509916206
0 0.24964234134615385 0.7562073076923078 0.21480442197068458 0.6239450414017276 0.12379949038461541 0.6479157668269231 0.15863740976008467 0.7801780331175033
0 0.35448735576923074 0.7306746418269232 0.3066255214296846 0.5938550320785704 0.22072802698159014 0.6239034414916537 0.2685898613211364 0.7607230512400065
0 0.4667426466346153 0.7032683509615385 0.42133041942230215 0.5689282175688949 0.3343884669409692 0.598318003038474 0.37980069415328227 0.7326581364311177
0 0.5714683660720394 0.6737550480381684 0.5252347194297681 0.5359058996542448 0.43809836579026373 0.565130827273273 0.4843320124325351 0.7029799756571966
0 0.17738685817307698 0.9662114375000003 0.1476162241811953 0.8380822543022611 0.05595914725811839 0.8593786461291842 0.08572978125000005 0.9875078293269234
0 0.28902745192307694 0.941389466346154 0.2582514086538461 0.8165257836538461 0.17191777541243372 0.837805050570673 0.20269381868166453 0.962668733262981
0 0.40243733413461535 0.9123375216346156 0.3698842117105569 0.7821062852485122 0.2786728511336339 0.8049058429408198 0.31122597355769227 0.9351370793269231
0 0.498819483173077 0.8886821826923078 0.47233765384615395 0.7608756442307695 0.3879697723027943 0.778356876932942 0.41445160162971734 0.9061634153944802
0 0.5576923076923078 0.73844303125 0.5015347860576924 0.73844303125 0.5015347860576924 0.8798632644230769 0.5576923076923078 0.8798632644230769
0 0.31055201923076925 1 0.30142145912930735 0.9654473561401762 0.21284111298076924 0.9888547740384616 0.22197167308223115 1.0234074178982853
0 0.42306318269230775 1.0000000000000002 0.40138689398921995 0.9368506489592434 0.325978125 0.9627350360576924 0.3476544137030878 1.025884387098449
0 0.5748845961085249 0.9731184288774698 0.5576923076923077 0.9031804567307691 0.4294980441960712 0.9346934200564553 0.4466903326122884 1.004631392203156
0 0.8882056305145052 0.8260427868678522 0.7827508245192308 0.7179529615384617 0.6130083045816485 0.8835574895744558 0.7184631105769229 0.9916473149038463
0 1.09743009671291 0.6199672257246542 0.9936266802884617 0.5157780865384616 0.8239415034409124 0.6848350651347155 0.9277449198653608 0.7890242043209081