0 0.2639267833615776 0.25214189639448925 0.252434779296875 0.23188354687499999 0.2159674705446724 0.25257044735551076 0.227459474609375 0.272828796875
0 0.1729220625 0.30697986914062503 0.1596054948817362 0.28571465737156837 0.12324725464736119 0.30848268666844336 0.136563822265625 0.3297478984375
0 0.6105974332310906 0.5117355335081665 0.6096767929687499 0.49703282617187494 0.5583626546595342 0.5002459664918335 0.5592832949218749 0.514948673828125
0 0.6091746024839533 0.4801954519655382 0.60838547265625 0.4675929785156249 0.5571106143129217 0.4708036593625868 0.557899744140625 0.48340613281250006
0 0.6080147803762525 0.4528558368860391 0.607094173828125 0.43815366796875 0.5557800457956226 0.4413668076452109 0.55670065234375 0.4560689765625
0 0.6646265195312501 0.652023962890625 0.5933486702526858 0.6516474615901485 0.5927560307204075 0.7638438104600764 0.6640338799989718 0.7642203117605529
0 0.7644673772498386 0.7569751921805176 0.7640690058593749 0.644477169921875 0.6896366754845362 0.6447407453194824 0.690035046875 0.757238767578125
0 0.8516737734375 0.6409382226562502 0.7777194055609008 0.6376332044996675 0.7725020255100968 0.7543793236883588 0.846456393386696 0.7576843418449415
0 0.946879972500525 0.7499301504721232 0.94548576171875 0.63720305078125 0.870652301670984 0.6381285923513094 0.872046512452759 0.7508556920421826
0 1 0.6378935664062502 0.958959296875 0.6378935664062502 0.958959296875 0.7517509843750002 1 0.7517509843750002
0 0.6671631095173828 0.6014600080407934 0.6619129868094653 0.5333965038771322 0.58845802734375 0.5390625000000001 0.5937081500516674 0.6071260041636612
0 0.7572842578124999 0.5954388808593749 0.7572588393790158 0.5390292361228487 0.683438259765625 0.5390624999999999 0.683463678199109 0.5954721447365261
0 0.8517512558593751 0.5973353496093751 0.8505191708308947 0.5374940306668471 0.774339953125 0.5390625 0.7755720381534804 0.598903818942528
0 0.9369541425781249 0.59095727734375 0.9344271209441166 0.535794519058089 0.8630898437499999 0.5390624999999999 0.8656168653840082 0.594225258285661
0 1 0.5390625000000002 0.95551923046875 0.5390625000000002 0.95551923046875 0.5919991445312502 1 0.5919991445312502