0 0.3173171352539062 0.2671195159620363 0.2759268944249696 0.2510471631518387 0.2732198823017252 0.2728143211472216 0.31461012313066183 0.28888667395741907
0 0.40796595214843745 0.305057962899051 0.3668909805074078 0.28801247625497245 0.36376072250973507 0.31156519435211955 0.4048356941507647 0.3286106809961981
0 0.8179144677734373 0.041944168248490225 0.6790715068359374 0.041911056082830175 0.6790695602527869 0.06739709096317266 0.8179125211902868 0.0674302031288327
0 0.8174152436523436 0.07186571527178617 0.6794935571289062 0.07059108628127711 0.6794119988518355 0.09814668441881516 0.8173336853752728 0.09942131340932424
0 0.8176780688628205 0.1046615993502504 0.6792626127929687 0.09879350647109593 0.6790436846100345 0.11491786009286033 0.8174591406798862 0.1207859529720148
0 0.8175590668510676 0.12784908927987462 0.6783305776367188 0.1255964167385679 0.6781970996528387 0.15135563720847775 0.8174255888671875 0.15360830974978448
0 0.8170708022460939 0.1606188766177741 0.6772883666992189 0.1535795444348578 0.6770474868734988 0.16851486692085046 0.8168299224203737 0.17555419910376677
0 0.8172713647460939 0.18382556341673878 0.6859865976987906 0.1784836285436015 0.6856506474609375 0.20426367730802433 0.8169354145082408 0.20960561218116158
0 0.81660211328125 0.2116098567730804 0.6773963876953125 0.20817012424503895 0.6772762209305796 0.22335495047728463 0.8164819465165171 0.22679468300532604
0 0.8163425053710938 0.23420432441760158 0.6751086873154963 0.23234268348127263 0.6749916668472237 0.2600629654708522 0.8162254849028211 0.2619246064071812
0 0.8152286385135183 0.2658621739052406 0.6752796288991538 0.2628586646866951 0.6751813053270416 0.2771637858634219 0.8151303149414061 0.28016729508196736
0 0.8147707124023438 0.2920106255392581 0.6751267296945798 0.2839138764487623 0.6746718798828125 0.3084086031061261 0.8143158625905765 0.3165053521966219
0 0.8133307919102526 0.31928466521459714 0.6742527418509526 0.3144578469780371 0.6740741137695313 0.33052875496117357 0.8131521638288313 0.3353555731977337
0 0.8121089526367188 0.34645344003451267 0.6831845103563274 0.3409652807498107 0.6828260698936712 0.3672569775743608 0.8117505121740626 0.37274513685906285
0 0.8114960244140625 0.37494962899050926 0.6743067600576139 0.36960131650425454 0.6741101361968133 0.38534957756493277 0.8112994005532619 0.3906978900511875
0 0.8122768295898437 0.39510538740293377 0.673048427734375 0.3911581561691115 0.6726032812297417 0.4401846990195635 0.8118316830852104 0.4441319302533857
0 0.8107852696671417 0.4464005805908673 0.6731788012695313 0.443685674719586 0.6727328323836397 0.5142656765273383 0.81033930078125 0.5169805823986197
0 0.4001638012695314 0.8892707644521141 0.24468518406575435 0.8075722612182291 0.23292713378906255 0.8774413235547888 0.3884057509928396 0.9591398267886737
0 0.38523031787109374 0.7490799085418465 0.3748058724186957 0.6907824705309177 0.2308898198774525 0.7711361489870641 0.24131426532985062 0.8294335869979929
0 0.8119326632586875 0.7812062427131388 0.7321378659847376 0.7493303963461602 0.7266927114130198 0.7918918150589426 0.8064875086869697 0.8237676614259212