0 0.2451775711822495 0.2283859550947914 0.24066439151828392 0.2242425537144949 0.20804966994540944 0.2597679794790785 0.21256284960937502 0.263911380859375
0 0.18418720135547206 0.11055476827596232 0.179673392578125 0.10641078906250002 0.14705954278515296 0.14193526297403775 0.1515733515625 0.14607924218750004
0 0.49461371017424854 0.4150511813042326 0.48828125 0.4089432988281251 0.3723339656070014 0.5291537913520176 0.3786664257812499 0.5352616738281251
0 0.2711556431097788 0.2780432431992511 0.26668145237439905 0.27377139545266804 0.24419634832712026 0.29732154287841706 0.2486705390625 0.3015933906250001
0 0.1811589503448432 0.21865666085623642 0.176645208984375 0.21451244335937503 0.14403116293640683 0.25003455789376366 0.14854490429687503 0.25417877539062506
0 0.20877998639939563 0.26778687275670415 0.20426624609375002 0.26364265625000005 0.17165220110060442 0.2991647698214209 0.17616594140625003 0.303308986328125
0 0.15845219247684855 0.06328956534540545 0.153938451171875 0.05914534765624999 0.12132440517940142 0.09466746004521955 0.125838146484375 0.098811677734375
0 0.14618648127645942 0.15035335452334586 0.14167337003397915 0.14620971582386388 0.10905845125751973 0.18173278317551805 0.1135715625 0.18587642187500003
0 0.09358599006907327 0.04676871495811674 0.08907287891335272 0.04262507633829174 0.05645796110990446 0.07814814263017503 0.06097107226562501 0.08229178125000003
0 0.11198542773437498 0.027585205078125008 0.10742822399125548 0.023607139056243898 0.09441539391313046 0.038514412493743905 0.09897259765624997 0.042492478515625015
0 0.23475803501087192 0.3174440972066347 0.23028390429687498 0.31317206835937506 0.20779826381725308 0.3367214633402405 0.21227239453125002 0.34099349218750014
0 0.49326044403605673 0.5165713646236867 0.48828125 0.5118756679687501 0.4083763528389433 0.5966047330325635 0.41335554687500004 0.6013004296875001
0 0.12045154182333442 0.10308791311709588 0.11593843058085415 0.09894427441761387 0.08332351180439473 0.13446734176926806 0.087836623046875 0.13861098046875003
0 0.2194425633681035 0.18112075079827297 0.21492945003244704 0.17697711044187367 0.1823145331487186 0.21250017800297574 0.18682764648437505 0.21664381835937505