0 0.29821352269209656 0.09320109073390694 0.29433226171875 0.087983974609375 0.2538589109016534 0.11809402645359311 0.257740171875 0.12331114257812505
0 0.201911755859375 0 0.19802995325169415 -0.005217844627015508 0.17766790832981916 0.009930448341734496 0.1815497109375 0.015148292968750005
0 0.5539735376367658 0.310725432969848 0.548828125 0.303455125 0.4608819545507342 0.36569723890515204 0.46602736718750004 0.37296754687500006
0 0.33063927462094866 0.13876218236688015 0.326845685599623 0.1334568191909899 0.2995612234786744 0.15296651768348474 0.30335481249999996 0.158271880859375
0 0.21643576991190833 0.08295270029859401 0.21255412821046626 0.07773469047092248 0.17208201845480794 0.10784161517232849 0.17596366015625 0.11305962500000002
0 0.2510080284201921 0.1281002500620466 0.24712638671874998 0.12288224023437502 0.20665427822043292 0.15298916400045345 0.21053591992187504 0.15820717382812502
0 0.17275870072290905 0.02026267961101795 0.16887759960937504 0.015045396484374973 0.128404102011466 0.04515335359210701 0.132285203125 0.050370636718749986
0 0.2834337796912672 0.17366128008339382 0.279640318359375 0.16835579492187502 0.2523554742149827 0.18786466132285615 0.256148935546875 0.19317014648437494
0 0.5528268477606832 0.40214028658068945 0.548828125 0.396617396484375 0.5053791659111917 0.4280756255286856 0.509377888671875 0.43359851562500007
0 0.26602543821438285 0.04978602781303047 0.26214433695529743 0.04456874483640881 0.2216708401471646 0.07467670335150337 0.22555194140625 0.07989398632812503
0 0.7391969084673715 0.18168552528322382 0.710539490234375 0.08024786914062501 0.6655546012982535 0.09295666807615119 0.69421201953125 0.19439432421875
0 0.06709244233139133 0.8949740742612214 0.03851179384394732 0.8779933881806491 0.004211656037155509 0.935724870705869 0.032792304524599525 0.9527055567864413
0 0.11461035686483707 0.8807083441076591 0.10616773632812503 0.8275927207031251 0.015060617407558097 0.8420740123445932 0.023503237944270144 0.8951896357491272
0 0.15603906797420952 0.8131307081118242 0.1475964453125 0.7600150859375001 0.005670156317270428 0.7825739877203108 0.014112778978979945 0.8356896098946349
0 0.1953499087166844 0.7458897014906586 0.18690728280586555 0.6927740834381969 -0.0037226395513911825 0.7230743450350998 0.004719986359427691 0.7761899630875615
0 0.16685108480389108 0.6894269165212195 0.14996583382826872 0.5831956809644937 -0.01688525097562235 0.6097163406151493 1.3877787807814457e-17 0.7159475761718751
0 0.6262393164062499 0.9800169394531248 0.6071972420059936 0.8731337730055885 0.5414979253639364 0.8848386215530735 0.5605399997641927 0.99172178800061
0 0.8597217076186772 0.962268997270828 0.8468476441920267 0.8596747584631361 0.6777733359375 0.88089108984375 0.6906473993641504 0.9834853286514419