0 0.22622153448013438 0.11860839501493642 0.2221605617382204 0.11352990920359968 0.18276268936746107 0.14503411965741325 0.18682366210937504 0.15011260546875
0 0.14630130737703517 0.013171525117091742 0.14223976953125 0.008092332031249982 0.10284324731046482 0.039595459257908236 0.10690478515625 0.044674652343749996
0 0.5152567181730092 0.30739835118618297 0.509765625 0.3001871738281251 0.39820576424886567 0.3851366292825672 0.40369685742187494 0.3923478066406251
0 0.2602175915064901 0.16301008951285506 0.2562411587511424 0.15784035242006828 0.22965419419777722 0.17829038204783826 0.23363062695312498 0.18346011914062502
0 0.1441359319751196 0.11122025072685096 0.140074548828125 0.10614088671875005 0.10067781021238041 0.13764192700752412 0.10473919335937501 0.14272129101562503
0 0.1802627581469946 0.15513374291435097 0.176201375 0.15005437890625004 0.1368046363842554 0.1815554191950241 0.14086601953125003 0.18663478320312504
0 0.09829761977827219 0.05009272600282884 0.09423680178173971 0.04501406912108792 0.05483871325346752 0.0765161907745091 0.05889953124999999 0.08159484765625001
0 0.2142588125939489 0.19953537566889434 0.21028250390624997 0.19436551367187493 0.1836951327185511 0.21481472394048062 0.18767144140625003 0.21998458593750003
0 0.06461413426628129 0.0078272878920068 0.060553316406249995 0.0027486308593750036 0.02115522706184371 0.034250751170493206 0.025216044921875 0.039329408203125
0 0.1925378924540593 0.07634312739394358 0.18847707521923973 0.07126447146483791 0.14907898549955542 0.10276659407089436 0.153139802734375 0.10784525000000003
0 0.25951724174998564 0.6959537660273715 0.00004482229871610732 0.6483354000663889 -0.0069842533230697335 0.6866368247642698 0.2524881661281998 0.7342551907252524