0 0.3409745599520569 0.1834259690516556 0.3357896322115384 0.16080215384615387 0.24433222370178934 0.18176236989065217 0.2495171514423077 0.2043861850961539
0 0.24441473317307696 0.5384615384615385 0.22607090843544364 0.5360766764951543 0.2084836129807693 0.6713542187500002 0.2268274377184027 0.6737390807163843
0 0.28840856730769243 0.5384615384615384 0.27230480696306364 0.5359273067302422 0.25063634464671086 0.6736194206241348 0.26674010499133965 0.6761536523554311
0 0.32923956971153856 0.5384615384615384 0.31466314192925476 0.5364143515368394 0.295424942410024 0.673394625575301 0.3100013701923077 0.6754418125
0 0.5008594687500001 0.5384615384615385 0.3739870008790937 0.5206429311083797 0.3496916979944783 0.6936309190891491 0.4765641658653848 0.711449526442308
0 0.5690420745192308 0.5529154759615384 0.553927940711339 0.5503587664421643 0.5274285849421081 0.7070112159613952 0.54254271875 0.7095679254807692
0 0.6145274663461542 0.5384615384615385 0.5968952577387021 0.5364582156671125 0.5763450101425482 0.7173308406671127 0.5939772187500003 0.7193341634615388
0 0.8707767259615384 1 0.8667985889423077 0.9545296899038462 0.802141567282431 0.9601864468266478 0.8061197043016618 1.0056567569228017
0 1 0.9187454807692308 0.9004139975961538 0.9187454807692308 0.9004139975961538 1 1 1
0 0.8684049648366963 0.94549092942815 0.859583723054043 0.8129005512619106 0.6392647769753439 0.8275583772636046 0.6480860187579971 0.960148755429844
0 1.0075467485886536 0.9084331164142303 0.9933001400316969 0.7455935971555155 0.8855388471218201 0.755021486433667 0.8997854556787768 0.9178610056923817
0 1.0022510060529763 0.7375712559689092 0.9869568747941623 0.5627585199438089 0.8696161728843345 0.5730245002025504 0.8849103041431484 0.7478372362276506