0 0.3987609759615384 0.33565473076923075 0.3343928731507809 0.3272227398806743 0.3319289266826243 0.3460320058866135 0.39629702949338175 0.35446399677516993
0 0.3423265745192309 0.4094648990384616 0.27120672871955437 0.4091032102895552 0.2711139543269232 0.4273456923076925 0.34223380012659965 0.4277073810565989
0 0.7685032612384884 0.471782731879719 0.52719809375 0.41756387980769233 0.516034322896127 0.46724909985105045 0.7573394903846155 0.521467951923077
0 0.7794573725961539 0.4163194951923078 0.5435307751974484 0.36232744211950413 0.5330021105769231 0.4083340649038462 0.7689287079756286 0.4623261179766499
0 0.7958700073962912 0.3506480171566585 0.5475815 0.2909869399038463 0.5368228026998628 0.3357608698625726 0.785111310096154 0.39542194711538475
0 0.8059628634563757 0.3090017152263672 0.5535180506631107 0.25295545752409565 0.5483373795144274 0.2762903528746516 0.8007821923076925 0.3323366105769231
0 0.6744458084655226 0.5921111505383028 0.5435128557692308 0.5639875456730772 0.5348089763190396 0.6045095428276898 0.6657419290153312 0.6326331476929153
0 0.5287386515287668 0.5490593512751529 0.4879807692307693 0.5445578052884616 0.4825249566443104 0.5939558049748472 0.5232828389423078 0.5984573509615386
0 0.12954590144230768 0.9431269615384614 0.12837141005447747 0.909493923028012 0.05870249038461538 0.9119268149038461 0.05987698177244559 0.9455598534142955
0 0.4879807692307694 0.8249221057692308 0.3805073870192309 0.8249221057692308 0.3805073870192309 1 0.4879807692307694 1
0 0.3792674625150946 0.9996644278343443 0.373300086505562 0.8287811745386497 0.15468318877461845 0.8364154465087689 0.16065056478415102 1.0072986998044633
0 0.2846938485576923 0.9088453389423077 0.27856966553317825 0.7334716215303557 0.09839087431583474 0.7397636013710904 0.10451505734034877 0.9151373187830424
0 0.12325392021261475 0.7629481723568798 0.11964653603494545 0.6596462156947693 0.04997761582233071 0.6620791082417358 0.053585 0.7653810649038462
0 0.4941049530556106 0.8197522614165985 0.48798076923076916 0.6443785432692306 0.37421542542578634 0.6483513157331898 0.3803396092506278 0.8237250338805577
0 0.3731323125000001 0.6298076923076923 0.039229430288461625 0.6298076923076923 0.03922943028846163 0.8264935216346154 0.3731323125000001 0.8264935216346154
0 1 0.6298076923076923 0.718917048076923 0.6298076923076923 0.718917048076923 1 1 1
0 0.7988816875 0.6298076923076923 0.4879807692307694 0.6298076923076923 0.4879807692307694 1 0.7988816875 1