0 0.2295196033653846 0.12120106730769234 0.2146487883608466 0.05090544426162907 0.13539507746990365 0.06767131419794163 0.15026589247444166 0.1379669372440049
0 0.3193679878455932 0.10381826640033126 0.2947885649038461 0.03323201923076923 0.21975073330825287 0.05936156533043793 0.24433015625 0.12994781249999995
0 0.4151635827537141 0.13478814382711768 0.4086538461538461 0.11479581971153849 0.33832813551872787 0.13769470079142315 0.34483787211859596 0.15768702490700234
0 0.7057997149182533 0.10484649322671348 0.6952167933226032 0.041490382137911355 0.4302542932692307 0.08574937019230768 0.4408372148648809 0.14910548128110981
0 0.7301507115384618 0.21217349759615384 0.7139716990671849 0.11765421784148132 0.4425619591346153 0.16411184615384616 0.458740971605892 0.25863112590851867
0 0.9576521177884616 0.17472002163461536 0.9439651129807692 0.07974429807692308 0.7259782738044643 0.11115850377136444 0.7396652786121567 0.20613422732905676
0 0.9398454959375895 0.06393318289727604 0.9236841700054464 -0.029691235857658597 0.7061682865218314 0.00785607429011698 0.7223296124539744 0.10148049304505162
0 0.15084837980769245 0.8341334879807693 1.0215189061172662e-16 0.8341334879807693 1.1230828526323098e-16 1 0.15084837980769245 1
0 0.4086538461538462 0.5576923076923077 6.829760995244854e-17 0.5576923076923077 9.538114493359194e-17 1 0.4086538461538463 1
0 0.45622244536451 0.7823915867310638 0.4086538461538462 0.7669030625000002 0.38173690795303306 0.8495707864323236 0.4293055071636968 0.8650593106633876
0 0.5989462578851413 0.8387825848790122 0.4608310528846155 0.7863209182692308 0.4308340388935875 0.8652936998163958 0.5689492438941134 0.9177553664261773