0 0.23456368880208336 0.20543499414062502 0.22644466683002565 0.16019461816660965 0.17720150513799496 0.18007871908471107 0.18532052711005265 0.22531909505872644
0 0.28049940344994495 0.1885374722885098 0.268662257724104 0.14196367841297247 0.22481984895833337 0.16703529296875003 0.2366569946841743 0.21360908684428737
0 0.36235369401041667 0.18570196093749997 0.35904947909191387 0.17202536152378328 0.29735527647094284 0.2055618073658704 0.30065949138944564 0.21923840677958709
0 0.9881075625000001 0.114983712890625 0.9831310190621368 0.05306267997087738 0.9744668059895835 0.054629435546874994 0.9794433494274467 0.11655046846662262
0 0.9686401164899715 0.31024593627869756 0.946523284910252 0.03505569830507088 0.7624083924765476 0.06834934170911308 0.7845252240562671 0.3435395796827398
0 0.44149723516144074 0.8383997817955178 0.4376486838573022 0.6713011863014857 0.299715015961397 0.6784490668133826 0.3035635672655354 0.8455476623074146
0 0.9395394036458334 0.908363212890625 0.938588016764923 0.8734079965276459 0.8870595828687459 0.8765635433238843 0.8880109697496562 0.9115187596868635
0 0.9370733632812499 0.8609882636718751 0.9360331455461295 0.833617391914808 0.8857990322648793 0.8379129231648079 0.8868392499999999 0.865283794921875
0 0.9347542042576907 0.7848128088385916 0.883196775995037 0.7843143222906099 0.8830438764248462 0.8198960134520185 0.9346013046874999 0.8203945000000001
0 0.9314155664062499 0.7719581191406252 0.9303537044900266 0.7461865651849824 0.8795398437499999 0.750897337890625 0.8806017056662232 0.7766688918462679
0 0.9296509388020833 0.7284744941406252 0.9285476221751733 0.6869597288005529 0.8753996002604166 0.690137826171875 0.8765029168873265 0.7316525915119473
0 0.9262688489583334 0.6814982910156251 0.9260554178333936 0.6608389297827327 0.8725072910111272 0.6620836383116568 0.872720722136067 0.6827429995445492
0 0.9222456197916666 0.6446422988281248 0.9201007295368481 0.5952917434930899 0.8697840247395834 0.6002122265625001 0.871928914994402 0.649562781897535
0 0.9190214427083333 0.589867787109375 0.9190067857500738 0.5751130479421639 0.8684217485128838 0.5752261100054508 0.8684364054711433 0.5899808491726619
0 0.9196222552083334 0.5613054804687501 0.9196091212581042 0.5047278361896987 0.8632102093914328 0.5047572942229815 0.863223343341662 0.5613349385020329
0 0.8542917812500002 0.564485810546875 0.853410927286986 0.5048968116612937 0.8012685781250001 0.50663105859375 0.8021494320880143 0.5662200574793312
0 0.8557986812618843 0.5913738413155449 0.8557741653645835 0.5771501445312501 0.8026016554366953 0.5773563522828554 0.802626171333996 0.5915800490671502
0 0.8570777474016738 0.6024563875274106 0.80628759375 0.6017034160156252 0.8059831480070071 0.6479088874075181 0.8567733016586808 0.6486618589193035
0 0.8617968307291665 0.684234224609375 0.8616262115810289 0.6636953198970419 0.8095664934895833 0.664668369140625 0.809737112637721 0.6852072738529581
0 0.864335652949017 0.6882387145112111 0.8126438073683432 0.6878414888923655 0.8124921492109928 0.7322466122717796 0.8641839947916666 0.7326438378906251
0 0.8668395533854166 0.7739904218750001 0.8661559861623728 0.7482535941561754 0.813772923662373 0.7513839925936754 0.8144564908854167 0.7771208203125001
0 0.8711273580729166 0.821420611328125 0.8692844803112058 0.7818746762094313 0.8208495037487058 0.7869531859750563 0.8226923815104167 0.82649912109375
0 0.8709934361979165 0.8678330527343749 0.870324926719165 0.8399755985063264 0.8236128642191649 0.8424977879594515 0.8242813736979165 0.8703552421875
0 0.8781679700520834 0.9104427382812499 0.8758246103370039 0.8710537732975651 0.8258955377604166 0.8777372187499998 0.828238897475496 0.9171261837336846
0 0.7791424713541666 0.8672750449218751 0.7543932868413551 0.48328407752215097 0.7199343450520833 0.4882812500000001 0.7446835295648948 0.8722722173997243
0 0.7318585546874999 0.866025892578125 0.7068016772587392 0.4855752971308707 0.6721863053148266 0.4907048581572961 0.6972431827435872 0.8711554536045504
0 0.6393648450520834 0.57287770703125 0.636632844932873 0.5094265126457289 0.5235837669270834 0.5203784375000001 0.5263157670462937 0.5838296318855212
0 0.6416258734457488 0.6006893011614117 0.6410078624540133 0.5869207270665426 0.5263253411458333 0.598502818359375 0.5269433521375688 0.6122713924542441
0 0.6464326542398975 0.6584561103265592 0.64437921875 0.6106668417968751 0.527268978492402 0.6219889700631508 0.5293224139822994 0.6697782385928348
0 0.6479626276041667 0.688870720703125 0.6468033291379859 0.6672853886771579 0.5307338450520833 0.681311494140625 0.5318931435182641 0.7028968261665921
0 0.6516801093749999 0.7461983515624998 0.6499816557563837 0.7038543388276597 0.5321368606770832 0.7144897578125 0.5338353142956994 0.75683377054734
0 0.6546871041666668 0.7854090000000001 0.653875009235763 0.759843370998313 0.5343615566821911 0.7683851755133169 0.5351736516130948 0.793950804515004
0 0.6583933828124999 0.8337382031249999 0.6553563656891588 0.7879811773964019 0.5371079986979166 0.8056402187499999 0.5401450158212577 0.8513972444785979
0 0.6619599179687501 0.8802451679687501 0.6608783550369619 0.852780137358085 0.5447781516828419 0.8630671010147825 0.5458597146146301 0.8905321316254475
0 0.662511412322152 0.9264082802631854 0.661359546202354 0.8901415884158866 0.5469584845489843 0.8983169436969836 0.5481103506687823 0.9345836355442824