0 0.44694380409185364 0.38010689675385845 0.32477711406250004 0.34283234531250006 0.31946163604196537 0.3602537315017912 0.44162832607131897 0.39752828294314957
0 0.7164514117125308 0.24526224869864813 0.6266400059824427 0.21789197941285599 0.5693129212851062 0.40600215141427876 0.6591243270151943 0.4333724207000708
0 0.8842434244613406 0.28523671057095185 0.7951332710756179 0.26952418959455116 0.7694230937822358 0.41533388147202943 0.8585332471679583 0.4310464024484301
0 1.0216161982685947 0.32177508276268807 0.9296742798359068 0.306199309539795 0.9073699982907828 0.4378588043960396 0.9993119167234708 0.45343457761893263
0 1.0108737105481516 0.4389960299731429 0.5648581248720828 0.3700272946346686 0.5497683134977736 0.4676119614380257 0.9957838991738424 0.5365806967765
0 0.3635029109375 0.7538090515625 0.34993832701579464 0.6373858857859572 -0.013564583921705375 0.6797379873484573 0 0.796161153125
0 1.0211033555223785 0.7836368173435574 0.964168816096066 0.6534270464253652 0.9189870984375001 0.6731828625 0.9759216378638127 0.8033926334181922
0 0.8921701593750001 0.6715983140625001 0.8665437273103969 0.6063737079360525 0.5682640765625 0.7235663390625 0.5938905086271034 0.7887909451889475
0 0.95306245 0.8133451187500003 0.9032279969786046 0.6776120663573947 0.592894512169052 0.7915511489691558 0.6427289651904473 0.9272842013617613
0 1.0103069704089744 0.9478560666509805 0.9604872811579241 0.8143016577765699 0.6489270177757572 0.9305227218020274 0.6987467070268077 1.064077130676438
0 0.6297002562499999 0.9602230937500001 0.613232860153369 0.9157745949107483 0.513220103903369 0.9528275824107482 0.5296875 0.9972760812500001
0 0.6107007017681265 0.9156543720174536 0.5644528546875 0.7806310281250002 0.4834396529193734 0.8083794607950464 0.5296875 0.9434028046874999