0 0.18335095937500004 0.043597412500000016 0.14040951772697358 0.03435907905707299 0.13043280423129344 0.08073264449076331 0.1733742458793199 0.08997097793369033
0 0.23347122343749996 0.04877156718750002 0.20117976597952922 0.038473622969716605 0.18586477896730663 0.08649711592285757 0.21815623642527737 0.09679506014064099
0 0.2952306140625 0.05355261875000004 0.2502325125 0.05036995781250002 0.2471441195497758 0.09403524995897053 0.29214222111227584 0.09721791089647054
0 0.34199820625 0.06118352031250005 0.3104696018474616 0.054097911377784656 0.30056505625 0.09816984687500004 0.3320936606525384 0.10525545580971543
0 0.41599059218749995 0.06796414687500005 0.36221481401589156 0.06164464230268548 0.35708324469473485 0.10531169409907089 0.41085902286634324 0.11163119867138545
0 0.45100521406249994 0.07241289687500005 0.4245354820371358 0.06872735866687238 0.41838158593749997 0.11292496875000006 0.4448513179628641 0.11661050695812776
0 0.5273189703125001 0.08125458437500008 0.4655479059588741 0.07393500750994339 0.460535976271374 0.11623147313494338 0.5223070406250001 0.12355105000000006
0 0.5588623421875 0.08511547500000005 0.5403672171875 0.08247034531250005 0.5342605450042499 0.12516907040600533 0.55275567000425 0.12781420009350536
0 0.6477367484375 0.09249146250000007 0.5764592662204172 0.0842794839957928 0.5713230929826806 0.1288599095813033 0.6426005751997634 0.1370718880855106
0 0.6388850421875001 0.14684854062500005 0.5641192469265932 0.1379562679014419 0.55903538125 0.18070116250000004 0.6338011765109067 0.1895934352235582
0 0.5500754421874999 0.13736467500000007 0.5323607765422848 0.13451115802190605 0.5249748938353436 0.18036280132827773 0.5426895594805587 0.18321631830637175
0 0.5166188609363319 0.13409304281307013 0.45828569054748663 0.13058724684274367 0.45567715304865475 0.1739908743421736 0.5140103234375 0.17749667031250008
0 0.43954712187500017 0.12617696406250006 0.41373325941240113 0.1232724724979227 0.4088518937874011 0.16665593499792272 0.43466575625000015 0.1695604265625001
0 0.41020847499999996 0.12249555312500002 0.3544567762399162 0.11524409763152728 0.34893012467741624 0.15773490700652731 0.4046818234374999 0.16498636250000004
0 0.3331319015625 0.11575604218750005 0.3011230628975897 0.11003029383283516 0.29286257187500003 0.15620918750000004 0.3248714105399103 0.16193493585466492
0 0.28812562500000005 0.11039276093750003 0.23673747529743486 0.10356528487045921 0.2312108875 0.14516207968750003 0.2825990372025652 0.15198955575454082
0 0.21877436250000004 0.10446165468750002 0.18022100693874896 0.10026921713662855 0.17587595625000002 0.14022599218750004 0.21442931181125108 0.1444184297383715
0 0.17276340156250003 0.09700558437500002 0.12316882586827341 0.09002120075154003 0.11712640468749999 0.13292710781250003 0.1667209803817266 0.13991149143596002
0 0.6530341435793929 0.2307538250543523 0.17385706352882227 0.17876604720472938 0.17064009473240266 0.2084172032695452 0.6498171747829733 0.26040498111916816
0 0.64729980625 0.2713012234375 0.17013818173737402 0.21907160627053152 0.16687717343750003 0.24886366875000002 0.644038797950126 0.3010932859169685
0 0.6062902578125 0.33077113437500005 0.5277996702783011 0.3158311683433569 0.508757 0.41587626718750004 0.5872475875341989 0.4308162332191432
0 0.5144448218750001 0.31928979843750005 0.4977543402132266 0.3150428218500381 0.4725887390625001 0.4139428265625001 0.4892792207242736 0.4181898031499621
0 0.48632388437499985 0.31462994843750003 0.4286665567857349 0.2992201605899097 0.4003462202577741 0.4051836518969103 0.4580035478470391 0.4205934397445007
0 0.40794682968749996 0.3073601718750001 0.3815981428542849 0.3013302777489514 0.35866675000000003 0.40153304687500013 0.3850154368332151 0.4075629410010489
0 0.36768934218750016 0.30329562812500005 0.3161867080028034 0.29069921503882357 0.29087081718749996 0.3942076546875 0.34237345137219666 0.40680406777367645
0 0.2979992515625 0.2966361125000001 0.2667274585041635 0.289475803872239 0.2434976058509649 0.39092941190946956 0.2747693989093014 0.3980897205372307
0 0.252493153125 0.2900341 0.1980190291516782 0.27711588147287375 0.17336264034594354 0.38108804897550896 0.2278367643192653 0.39400626750263523
0 0.181291046875 0.2821051015625 0.14831750823481557 0.2728525291040725 0.1198750942627517 0.37421320910326006 0.1528486329029361 0.38346578156168765
0 0.1341963640625 0.27820222187499993 0.08987896290579779 0.2680736218735776 0.06705259958817575 0.3679497251804143 0.11137000074487798 0.37807832518183665
0 0.6964920768085852 0.34962919468652204 0.6808223890625001 0.33755215625 0.6623060496391195 0.3615766932662502 0.6779757373852046 0.37365373170277216
0 0.9437546778043446 0.2717428642210844 0.9091899638912038 0.23787324151090855 0.8855013859451988 0.2620479696063237 0.9200660998583396 0.29591759231649956
0 0.8994645545244546 0.2195717228417294 0.8758308963139683 0.2072433917734001 0.8269300797599064 0.30098723903439134 0.8505637379703925 0.31331557010272065
0 0.876193754903246 0.19790464051655093 0.8537417624933094 0.18619145261040854 0.8037336057038921 0.282047744310649 0.8261855981138287 0.29376093221679145
0 0.8485464377823035 0.17021764784964036 0.8255036290977242 0.1581961450052009 0.7753653756904209 0.2543011159055606 0.7984081843750002 0.26632261875
0 0.8249830905577962 0.14766845973940215 0.8025312490886544 0.13595535122226293 0.752691775084174 0.23148831479180992 0.7751436165533161 0.24320142330894914
0 0.3807331383996727 0.5761191698924901 0.11633535402904065 0.4793589230015958 0.050480114332222215 0.6593086443439692 0.31487789870285426 0.7560688912348634
0 0.629770622047155 0.6589231655341437 0.40350688993083905 0.5498397865274269 0.24187407694769347 0.8851029937276105 0.4681378090640093 0.9941863727343272
0 0.24801403262477803 0.7894425476929691 0.03398103659259153 0.6756020896638313 0.002976322978509316 0.7338944741186043 0.2170093190106958 0.8477349321477421
0 0.9013449386110179 0.4950885663233329 0.8597053639196941 0.4761838738681753 0.828172523777903 0.5456382728449473 0.8698120984692268 0.5645429653001048
0 0.8387390768155306 0.4900177983265569 0.8045951034247063 0.45667432882995546 0.7807595003172718 0.48108217272086923 0.8149034737080962 0.5144256422174707