0 0.8699855769230769 0.7792379807692309 0.7799591597764635 0.7792043269324828 0.7799336400038549 0.8474715415013683 0.8699600571504683 0.8475051953381165
0 0.872659903516396 0.7548043596730886 0.8713942307692306 0.7013918269230769 0.7798521157143731 0.703561024942296 0.7811177884615385 0.7569735576923077
0 0.8764134615384618 0.6059879807692309 0.7855190873224338 0.6003881368943759 0.7812426450147415 0.6698015984328374 0.8721370192307695 0.6754014423076925
0 0.8734738939020832 0.5805692184500688 0.8718893819236461 0.5302983598334832 0.783735576923077 0.533076923076923 0.7853200889015142 0.5833477816935088
0 0.8758677884615385 0.49559375 0.8757997550717355 0.41403935391239105 0.784658653846154 0.4141153846153846 0.784726687235957 0.49566978070299356
0 0.8768846414169296 0.36316267080639925 0.7830536010898762 0.36171221839828327 0.7824285750575621 0.40214570143803796 0.8762596153846155 0.40359615384615394
0 0.8752943981190641 0.23922218561308783 0.7869350961538463 0.23811298076923088 0.7857263425649593 0.3344023397217345 0.8740856445301771 0.33551154456559146
0 0.8763860413789527 0.19512806478389694 0.7868716006416416 0.1935250124784293 0.7863533477242274 0.22246425538684017 0.8758677884615385 0.22406730769230784
0 0.8810812123488164 0.054624142817099645 0.7880384615384616 0.054418269230769326 0.7877865761127223 0.16825566487520824 0.8808293269230771 0.16846153846153855
0 0.7671198550865831 0.049337671770711106 0.6779014423076923 0.047165865384615466 0.6750484141441861 0.16436905899851986 0.7642668269230769 0.1665408653846155
0 0.7651754807692307 0.19141346153846164 0.6704567307692308 0.1877403846153847 0.6693808469180969 0.21548452819275987 0.7640995969180968 0.2191576051158368
0 0.7641132534078079 0.23998342539439566 0.6738629807692308 0.2331274038461539 0.6670157319144161 0.32326219581303206 0.7572660045529932 0.33011821736127384
0 0.7640888992766096 0.3631963349520339 0.671108173076923 0.35628125 0.6681356988727843 0.39624935046843485 0.7611164250724709 0.40316443542046876
0 0.7642542943616168 0.40892384676266463 0.6733100961538463 0.4033341346153847 0.6679836864076143 0.4899944224681049 0.7589278846153849 0.49558413461538475
0 0.7592613487084475 0.5281571976772592 0.6657723209452301 0.5257419889578052 0.6644711538461539 0.5761081730769232 0.7579601816093713 0.5785233817963772
0 0.7610651352682125 0.5983381265376198 0.6744416023520363 0.5960295098326092 0.6723798076923078 0.673391826923077 0.7590033406084841 0.6757004436280876
0 0.753189903846154 0.7055625000000002 0.6698126009495476 0.7046637121976247 0.6692259615384617 0.7590841346153846 0.7526032644350681 0.7599829224177601
0 0.7596197672774175 0.8496048012741351 0.7586465203176014 0.7725693005560476 0.6691421376555684 0.7737000762049894 0.6701153846153846 0.8507355769230769
0 0.5977139423076925 7.472654973438554e-17 0.5358417733021612 -0.000687475177165538 0.5275364848406225 0.7467812748228345 0.5894086538461539 0.7474687500000001
0 0.5127956730769234 6.511885048282168e-17 0.4506274709147146 -0.0006111908885727343 0.44336064399163766 0.7385450591114272 0.5055288461538464 0.7391562500000001
0 0.3811093829427593 0.1623145413689448 0.3804531697504218 0.03840081873821109 0.18111301757689327 0.0394564696769586 0.18176923076923074 0.1633701923076923
0 0.38300017222393107 0.21061443065732086 0.3819126009766679 0.18377223318183994 0.17595810182965985 0.19211693713990374 0.17704567307692304 0.21895913461538466
0 0.38817857819263213 0.3236710993768655 0.3848389423076922 0.23047596153846153 0.1742829602689063 0.23802120831544224 0.1776225961538462 0.33121634615384615
0 0.38288533922090306 0.38323003080874873 0.3802798415652178 0.3412229575462166 0.17257479080585325 0.3541059075066987 0.17518028846153846 0.3961129807692308
0 0.38196404921445376 0.4955180868399841 0.379580808991053 0.41290811619160517 0.17116826923076925 0.41892067307692304 0.17355150945417 0.501530643725302
0 0.37934134615384624 0.5724062500000001 0.37892156240012187 0.522487393637049 0.16775626925606227 0.5242631506529509 0.1681760530097866 0.574182007015902
0 0.3793717254827345 0.6836178504687471 0.3792067307692308 0.5938076923076923 0.16757375250457793 0.5941964937899711 0.16773874721808163 0.684006651951026
0 0.37979607279345223 0.7581756251601912 0.37839663461538464 0.7045865384615385 0.17078230867655528 0.7100082284348418 0.1721817468546229 0.7635973151334946
0 0.3756933383097683 0.8482341993501898 0.3750985576923077 0.7774206730769231 0.17243956397353416 0.7791228569358775 0.1730343445909948 0.8499363832091442