0 0.5131042141119223 0.2528229541108988 0.46367213613218683 0.2488190788425666 0.46169929562043804 0.30898638432122383 0.5111313736001735 0.31299025958955606
0 0.44805657664233584 0.24451032695984712 0.39850270437956214 0.2401745927342257 0.39636615648595375 0.30049549572372675 0.44592002874872744 0.30483122994934814
0 0.38951220802919706 0.23942561376673044 0.33964848783454993 0.23413377437858515 0.33701833984449253 0.2953544989411055 0.38688206003913966 0.30064633832925075
0 0.3268578637469586 0.2330121108986616 0.2761427215272353 0.22764371427734517 0.2735233771289538 0.28876970554493314 0.3242385193486771 0.2941381021662496
0 0.267319201946472 0.22905077055449335 0.2170023414322109 0.2225430084045734 0.21378216058394167 0.28404686998087963 0.2640990210982028 0.2905546321307996
0 0.20763106569343068 0.22379800191204594 0.15654739284702132 0.21943228490421368 0.15451690534119847 0.27812269080019 0.2056005781876078 0.2824884078080222
0 0.14272620316301707 0.21685291586998093 0.09269973148472971 0.2119614243958061 0.09036537712895379 0.27093610707456983 0.14039184880724112 0.27582759854874467
0 0.0849639683698297 0.2115710822179732 0.06735650054741235 0.20713573747187616 0.06370257785888078 0.2429675793499044 0.08131004568129811 0.24740292409600148
0 0.5282279428223844 0.1710441414913959 0.47044560859400725 0.16461567059124255 0.4678282982366373 0.2227299531743648 0.5256106324650145 0.22915842407451817
0 0.46318428953771296 0.1634760325047802 0.4086005406040229 0.15723254361375202 0.4059694768856448 0.21405338240917793 0.46055322581933483 0.2202968713002061
0 0.40214807907542577 0.15700741300191212 0.3445115840406141 0.15137562645133734 0.3421681508515815 0.210619604206501 0.39980464588639314 0.21625139075707575
0 0.3430238625304137 0.153247449330784 0.28850266991131895 0.14532546322473197 0.2851007420924575 0.20316124665391974 0.3396219347115523 0.21108323275997182
0 0.2829857311435523 0.1464618661567878 0.22361550991005763 0.14098852313336496 0.2214789651514899 0.1982375689994616 0.2808491863849846 0.2037109120228844
0 0.22245361192214108 0.14240380879541112 0.16734626821982024 0.13620980405715746 0.164868804136253 0.1906582600382409 0.21997614783857383 0.1968522647764946
0 0.15722694403892945 0.13555813001912045 0.10481928546666054 0.12605699491454095 0.10042649270072994 0.1859119674952199 0.15283415127299885 0.19541310259979938
0 0.5499777071062114 0.12845253900177472 0.5341181140961893 0.1282914292983682 0.534000469607435 0.15689907932603844 0.5498600626174571 0.15706018902944496
0 0.551243185357957 0.08590710226455917 0.539191583268382 0.08459033632574262 0.5378267434092086 0.11544765279923327 0.5498783454987836 0.11676441873804982
0 0.527465395377129 0.12520517017208424 0.48079949756691 0.12120684894837487 0.4797314716507774 0.1519992810138369 0.5263973694609964 0.15599760223754625
0 0.5157436970802921 0.08176079923518174 0.50075827317276 0.07891188839903109 0.4981812603406326 0.11239663479923527 0.5131666842481647 0.11524554563538594
0 0.46372446952026947 0.11601504938662624 0.41361235919369976 0.11427404460935842 0.41312793833523076 0.14871742925714906 0.4632400486618004 0.15045843403441692
0 0.44874876155717763 0.10873747801147228 0.44837257907542577 0.07046054493307838 0.41843008833771794 0.07118746995064912 0.4188062708194698 0.109464403029043
0 0.4015345352798054 0.10807974378585095 0.35787422287274356 0.10342855392193118 0.35634515936739664 0.1388844569789676 0.4000054717744585 0.14353564684288736
0 0.395360804136253 0.07047384321223715 0.3783270238062566 0.06557200423831822 0.3742435535279806 0.10062471892925438 0.391277333857977 0.10552655790317332
0 0.34515299756691004 0.10701078011472281 0.10616758494264082 0.08290166050367623 0.1048459890510949 0.11526318546845127 0.3438314016753641 0.13937230507949785
0 0.33264370681265204 0.06638477055449336 0.28532427858880777 0.061593478011472316 0.28396281409354795 0.09480841074648744 0.33128224231739223 0.09959970328950847
0 0.21312717518248175 0.05809780497131935 0.1653347202337166 0.05511444878043396 0.16462978065695183 0.08301073447848133 0.212422235605717 0.08599409066936672
0 0.6715611654501217 1.6303083803291018e-16 0.6391162843700854 -0.00800732315015407 0.6226892354086202 0.15641418975385968 0.6551341164886566 0.1644215129040139
0 0.8501388445436965 0.16875600670594287 0.7067788686131387 0.137089468451243 0.702884730744195 0.18063854102077348 0.8462447066747527 0.21230507927547335
0 0.779728869448514 0.20387263105581568 0.6785335924574212 0.1815197820267688 0.6751473858582271 0.21938854055768064 0.77634266284932 0.24174138958672753
0 0.7060495172049518 0.22767768661215226 0.6771365805847032 0.2212911586150769 0.6747662360097324 0.2477992906309753 0.703679172629981 0.25418581862805073
0 0.7415957668726113 0.23540896832848038 0.7106990291970803 0.23063554493307853 0.7089154112072259 0.259153919552315 0.7398121488827568 0.26392734294771686
0 0.6924135779953673 0.07792208069161287 0.6647053475038016 0.07180165747146135 0.6613191405546631 0.10967041808003983 0.6890273710462288 0.11579084130019136
0 0.41656291257248174 0.8146077949297802 0.3296554939166411 0.798365758965327 0.32466264083793056 0.8643599070115974 0.4115700594937711 0.8806019429760504
0 0.9805013978102189 0.6762856424474188 0.9615668821268814 0.6710040984637482 0.9540076350364963 0.7379481663479924 0.9729421507198339 0.7432297103316632
0 0.9578463939874106 0.6725018752696394 0.9389114382045627 0.6672202075779126 0.9313720097323602 0.7339887514340346 0.9503069655152081 0.7392704191257616
0 0.995004023604518 0.5950254472248678 0.9691836707307614 0.5878231836137399 0.9608307997809237 0.6617954950230409 0.9866511526546803 0.6689977586341689
0 0.9636824549878346 0.5893676520076484 0.9481904177035287 0.5850463423891398 0.9399366835632792 0.6581407048285918 0.9554287208475851 0.6624620144471003