0 0.9457524038461537 0.6501730769230769 0.9392971092247421 0.5131545545470682 0.8516538461538462 0.5172836538461538 0.8581091407752578 0.6543021762221627
0 0.8272019230769231 0.6482379807692306 0.8194298454199018 0.5093499754184309 0.7289447115384615 0.5144134615384615 0.7367167891954826 0.6533014668892612
0 0.7242451923076921 0.6501730769230769 0.7118939673679898 0.5078238804515857 0.6210432692307694 0.5157067307692308 0.6333944941704718 0.6580559272407219
0 0.6010692073921334 0.653431629015039 0.5976150647133631 0.5148624819839376 0.5055000000000001 0.5171586538461539 0.5089541426787704 0.6557278008772551
0 0.49559374999999994 0.6588533653846154 0.48888329417145415 0.5163096062241047 0.39665384615384613 0.5206514423076922 0.40336430198239187 0.6631952014682029
0 0.3848389423076923 0.6588533653846155 0.38001404924180526 0.5255702110018903 0.28845673076923084 0.5288846153846154 0.29328162383511786 0.6621677697673406
0 0.27220673076923074 0.6569975961538462 0.26042073542676214 0.5206275698219893 0.1722284986640144 0.528249723455649 0.18401449400648298 0.6646197497875058
0 0.15975961538461542 0.6067716346153846 0.15657642920804343 0.5282089909470302 0.12376442307692309 0.5295384615384615 0.12694760925349502 0.6081011052068159
0 0.9406875 0.3259134615384617 0.8465893138299946 0.32578125052200113 0.846404463424698 0.45734432534629393 0.9405026495947035 0.45747653636275454
0 0.8213926790704573 0.45354339770668406 0.8211555486197105 0.3249537945417326 0.7322259615384615 0.3251177884615385 0.7324630919892083 0.45370739162649
0 0.7099680674696138 0.46159234608165434 0.709189903846154 0.32621634615384615 0.6151808508913722 0.3267567257286919 0.615959014514832 0.4621327256565001
0 0.6015582060482322 0.3308527991977214 0.5154029463057241 0.3292711275408814 0.5130072115384616 0.4597692307692309 0.5991624712809697 0.46135090242607085
0 0.49125480769230767 0.33262980769230777 0.39988212743884277 0.3303577491216355 0.3966009615384616 0.46231250000000007 0.4879736417919265 0.4645845585706723
0 0.38095913461538466 0.3388125 0.2899639423076924 0.3388125 0.2899639423076924 0.4620456730769231 0.38095913461538466 0.4620456730769231
0 0.2613562972719946 0.33528248025104135 0.17435896352896585 0.33472979774503153 0.173514481866633 0.4676590151871632 0.26051181560966175 0.468211697693173
0 0.9743341346153845 0.2890625 0.9711802884615385 0.2237596153846154 0.9429857668436685 0.22512128851877738 0.9461396129975146 0.29042417313416197
0 0.9676177884615386 0.19843028846153846 0.9666257516013217 0.12804635940090256 0.9385336538461538 0.1284423076923077 0.9395256907063707 0.19882623675294359
0 0.9314615384615383 0.2925336538461538 0.9312816795602133 0.2228703044984841 0.8394957235391944 0.2231072802018001 0.8396755824405194 0.2927706295494698
0 0.8958245192307691 0.20304567307692306 0.889949519230769 0.1280264423076923 0.8624350077165845 0.13018119320940558 0.8683100077165846 0.20520042397863636
0 0.8171370192307692 0.2960072115384615 0.8148636181709249 0.21846734262355783 0.7231270640286079 0.2211569780631339 0.7254004650884522 0.29869684697803756
0 0.7778365384615386 0.20572836538461542 0.7650456730769231 0.11963221153846153 0.7111727117468221 0.1276358419616653 0.7239635771314373 0.21373199580781918
0 0.7010240384615384 0.29600721153846155 0.6926009615384616 0.2161971153846154 0.6133239207889096 0.2245639341788212 0.6217469977119865 0.3043740303326674
0 0.6729543269230771 0.2052043269230769 0.6695817307692309 0.13307932692307695 0.6377387363019325 0.13456831909870753 0.6411113324557787 0.2066933190987075
0 0.5938413461538462 0.2994783653846155 0.5924922603349555 0.22628172841987382 0.1580958819387616 0.2342880797793509 0.15944496775765235 0.30748471674409256
0 0.5608798076923078 0.2104519230769231 0.5556055958326355 0.13486249382369575 0.46860817307692315 0.14093269230769231 0.4738823849365955 0.21652212156091968
0 0.34375240384615385 0.21440865384615385 0.33716323234384515 0.1481152216954336 0.25099038461538464 0.15668028846153847 0.2575795561176934 0.22297372061225873