0 0.5421242487610455 0.42550101654121303 0.4542045336538463 0.4183233990384617 0.4501125633938003 0.4684465575032964 0.5380322785009996 0.4756241750060477
0 0.5582071883717031 0.3095612558155263 0.467557420673077 0.30011003125 0.45910032605137396 0.3812247754344738 0.5497500937500001 0.3906760000000001
0 0.5633642690577456 0.2589093809252503 0.4710976057692309 0.2506514495192308 0.4674894785384084 0.29096540272859595 0.559756141826923 0.29922333413461544
0 0.5759775439844185 0.13565600059646457 0.4882186514423078 0.12530974038461545 0.47694391106598055 0.22094417339386 0.5647028036080912 0.23129043360570914
0 0.5732002436424106 0.09086628347231694 0.49281621713295565 0.08095939350809313 0.48932751195208346 0.10926657878577622 0.5697115384615384 0.11917346875000005
0 0.5697115384615384 6.568141068439067e-17 0.49810377403846157 6.129669970964973e-17 0.49810377403846157 0.06246339903846161 0.5697115384615384 0.06246339903846161
0 0.47987326923076934 7.686159401251084e-17 0.3933439237703408 -0.011229682312575134 0.38662653915495615 0.04053054364896332 0.4731558846153847 0.051760225961538536
0 0.47145966826923075 0.07659154807692313 0.37764373798076917 0.06303778605769235 0.3736736950251058 0.09051748303350299 0.46748962531356736 0.10407124505273377
0 0.46532631526352003 0.1247844066648634 0.37628709374999997 0.1085322211538462 0.36005570344019566 0.19745751408059486 0.4490949249537157 0.2137096995916121
0 0.452422839493697 0.24731979662799672 0.3606742932692307 0.23072346153846157 0.35354029906740614 0.270161903414939 0.4452888452918724 0.2867582385044742
0 0.44780749953473536 0.2928140969090594 0.35794578846153857 0.2777487500000001 0.34359009181141864 0.36337754251401755 0.43345180288461543 0.3784428894230769
0 0.4303786290381798 0.4108723720539474 0.3376542014338827 0.3986981279477832 0.33109546153846164 0.4486523918269232 0.4238198891427587 0.46082663593308737
0 0.3096493052884616 4.697097411875662e-17 0.24886876924156132 -0.00707189621016387 0.19130138479998848 0.48770013963334374 0.25208192084688874 0.49477203584350765
0 0.22434522355769235 2.9890619893754213e-17 0.16268854607196664 -0.007093869847275834 0.10572804807692315 0.4879807692307692 0.16738472556264886 0.4950746390780451
0 0.09093745673076925 0.03138097596153848 3.2025664171879517e-18 0.02444009855769231 -0.0019389297922645901 0.049843420620455686 0.08899852693850466 0.056784298024301856
0 0.08912350961538462 0.07568406490384616 8.540177112501205e-18 0.06969824519230769 -0.006248444051793978 0.16273199668632413 0.08287506556359064 0.1687178163978626
0 0.07255392067307696 0.19607794711538465 2.1350442781253012e-17 0.18920175240384612 -0.003301394973767996 0.2240363024836049 0.06925252569930894 0.23091249719514342
0 0.06470866105769234 0.2580952283653846 3.416070845000482e-17 0.25269718028846155 -0.006778699454053217 0.3339562871236723 0.057929961603639085 0.3393543352005954
0 0.05262075637154514 0.36546385361697353 3.843079700625542e-17 0.3604813798076923 -0.004706174640775816 0.4101840934984111 0.04791458173076928 0.4151665673076923
0 1.003433074024031 0.3714293389827323 0.8989520979919395 0.3545451897258147 0.8955059544562481 0.37587030564826485 0.9999869304883394 0.39275445490518235
0 1.0034589027709493 0.34154693766369554 0.9170494049408169 0.3269689270149118 0.9133575767199056 0.34885181833182 0.9997670745500378 0.36342982898060366
0 1.0021167744385198 0.31892482076885903 0.9332476940489902 0.306467510818863 0.9307017354405194 0.32054260638756926 0.9995708158300489 0.3329999163375653
0 0.8656226538461538 8.540177112501205e-17 0.6863216780869309 -0.01884528071578098 0.6828178968369311 0.014490990918834417 0.8621188725961539 0.033336271634615486
0 0.5756349690870515 0.8199536841740092 0.5694753057203268 0.7705636513960232 0.4036002116332753 0.7912507148181682 0.4097598749999999 0.8406407475961541