0 0.018525485576923094 1.1343588307214661e-18 0 0 1.552059005884646e-17 0.25347047115384613 0.018525485576923108 0.25347047115384613
0 1.0134759627971046 0.5745732531367389 1 0.46482024519230775 0.9834760190468663 0.46684913311761395 0.9969519818439709 0.5766021410620451
0 0.9900621793613282 0.5802313578071294 0.9757866044712407 0.4337956152922947 0.8645104877314836 0.44464358526680825 0.8787860626215712 0.5910793277816431
0 0.8752695000412114 0.5915428729317935 0.8547626029140017 0.42452759027819365 0.7473959831730771 0.4377105528846154 0.7679028803002867 0.6047258355382154
0 0.7487338028846153 0.5077818149038463 0.7381873441662108 0.4218877867838178 0.6045753607045808 0.43829327269132573 0.6151218194229853 0.5241873008113542
0 0.2442442694608712 0.9451977460279893 0.19588215510242973 0.9188981765086494 0.15207974776009983 0.9994461501744157 0.20044186211854126 1.0257457196937556
0 0.17313100959019725 0.9332452563788549 0.13753490684565678 0.9138876697191611 0.09080977374529724 0.9998091571355597 0.12640587648983773 1.0191667437952534
0 0.30330068615596834 0.8933380500525006 0.29626976183961296 0.8360757713615145 0.2008326309721062 0.8477939785205524 0.20786355528846154 0.9050562572115385
0 0.260275886170097 0.7801699551411928 0.20306743227745766 0.7495792352993222 0.12482201072189714 0.8959079132287826 0.1820304646145365 0.926498633070653
0 0.42788461538461553 0.8194650673076923 0.32997619951923085 0.8194650673076923 0.32997619951923085 1 0.42788461538461553 1
0 0.9707114637041966 0.9812508796479931 0.933890609886627 0.6813689390691994 0.6261060131434178 0.7191601165642764 0.6629268669609877 1.01904205714307
0 0.6460571009615385 1 0.6053782904334901 0.5813127635203971 0.4083890498234522 0.6004518422805165 0.44906786035150054 1.0191390787601196