0 0.22076201923076924 0.1300144230769231 0.1524955990330844 0.12998890360126775 0.15246194518693054 0.22001534590896005 0.22072836538461538 0.2200408653846154
0 0.2986081730769231 0.12860576923076927 0.24369935296911263 0.12819832385760013 0.24302644230769233 0.2188822115384616 0.2979352624155028 0.21928965691163071
0 0.3996558840968856 0.21444558405603192 0.39400983534362166 0.12355138065627241 0.3245985576923076 0.12786298076923078 0.3302446064455716 0.21875718416899026
0 0.46897489031903283 0.12807607434816712 0.4186985844081313 0.12690633254605616 0.4166467710121754 0.21509468127481213 0.46692307692307694 0.2162644230769231
0 0.585960646087609 0.12420024492826466 0.5044062500000001 0.12413221153846163 0.5043302192970065 0.21527331276404318 0.5858846153846154 0.2153413461538462
0 0.6368741077816146 0.12436597917588912 0.5964038461538462 0.12374038461538468 0.5949720460645395 0.21636479005488024 0.6354423076923078 0.2169903846153847
0 0.7630013284427838 0.12486135584743956 0.6666817142820557 0.12364451326239359 0.6655673076923075 0.21185576923076932 0.7618869218530355 0.21307261181581527
0 0.8091310854735446 0.21224772516402007 0.804782616980449 0.12273076770008919 0.7759326923076924 0.12413221153846153 0.780281160800788 0.21364916900239242
0 0.9455817307692307 0.21196153846153842 0.9448553173941779 0.11829189446519138 0.8315384615384614 0.11917067307692307 0.8322648749135142 0.2128403170732701
0 0.9528341346153847 0.3220985576923078 0.9526814885991665 0.23296799708991203 0.8334547486399482 0.2331721861666827 0.8336073946561664 0.32230274676907844
0 0.8122596153846153 0.32954326923076926 0.8085865384615385 0.23482451923076922 0.7808423948841633 0.2359004030819031 0.7845154718072401 0.33061915308190315
0 0.7668725961538462 0.3261370192307692 0.7641865752393942 0.23597163865842669 0.6734871220013046 0.23867356956339753 0.6761731429157566 0.3288389501357401
0 0.6437187499999999 0.32889182692307684 0.6368036650479661 0.23591110072339044 0.5968355645795314 0.2388835749275291 0.6037506495315651 0.3318643011272155
0 0.5966658653846154 0.3266899038461538 0.5910761532373354 0.2357457056383834 0.5044158653846154 0.2410721153846154 0.5100055775318952 0.33201631359238587
0 0.47425801104219506 0.33422767905477 0.471842802322741 0.2407386512915526 0.421476618203623 0.24203981839062877 0.423891826923077 0.3355288461538462
0 0.40397049016739095 0.32555839764796374 0.40166187346238025 0.23893486473178752 0.3242995563719124 0.24099665939151604 0.3266081730769231 0.32762019230769224
0 0.2944375 0.2468100961538462 0.2400388894141758 0.24622980248463022 0.23913722163007672 0.3307550648940258 0.29353583221590096 0.3313353585632417
0 0.22632451923076927 0.3289110576923078 0.22519591564030564 0.23957860016270008 0.14813581948645946 0.2405521578550078 0.14926442307692306 0.32988461538461544
0 1.0003814987212964 0.4641635132957499 1 0.40228605769230774 0.2525084583324677 0.40689463547795046 0.2528899570537642 0.46877209108139256
0 1.0006703602123375 0.5485647917306031 0.999991169096843 0.4863960028125264 0.26084375 0.49447115384615387 0.26152294111549435 0.5566399427642306
0 0.9605504807692308 0.8175745192307691 0.9594952328271984 0.6183104655321858 0.8355745597502752 0.618966715532186 0.8366298076923075 0.8182307692307691
0 0.8137740384615385 0.617987980769231 0.7869144148492518 0.6172211558228958 0.7810408653846156 0.8229543269230769 0.8079004889969023 0.8237211518694122
0 0.7695240384615387 0.6151610576923078 0.6763467947733655 0.6116505976138741 0.6684081785161555 0.8223632577831859 0.7615854222043288 0.8258737178616197
0 0.6480576923076924 0.6190552884615386 0.6059961346278929 0.6186250509438762 0.603871134627893 0.8263726470977223 0.6459326923076925 0.8268028846153848
0 0.5855600961538463 0.6203750000000002 0.5029399805202577 0.6185990838633155 0.49845921128948856 0.8270558146325464 0.5810793269230771 0.8288317307692309
0 0.4775161159268688 0.6211736077375746 0.4275937500000001 0.6206586538461539 0.4254165763808237 0.8317254307239639 0.4753389423076924 0.8322403846153846
0 0.40619230769230785 0.6207932692307694 0.3190095295873828 0.6193830862847192 0.31558645266430585 0.831010490130873 0.4027692307692309 0.8324206730769231
0 0.29541346153846165 0.6216033653846154 0.2418869565567688 0.6190795420359362 0.2320591964031707 0.8275115834843761 0.28558570138486356 0.8300354068330554
0 0.22257932692307703 0.6249014423076922 0.15184009457848807 0.6241932528515647 0.1498112484246419 0.8268495028515647 0.22055048076923084 0.8275576923076922