0 0.18983453770817896 0.054344110587470795 0.14286934179687502 0.05090583723958334 0.1339535072136961 0.1050329948812792 0.18091870312500002 0.10847126822916665
0 0.24287348020567598 0.06142004629452271 0.20633212500000003 0.05730068489583336 0.19314906659053344 0.10927495667826848 0.22969042179620938 0.11339431807695781
0 0.3085945928164722 0.06516260129983258 0.26068016796875 0.06315659375000003 0.25552586030852775 0.1178735002626675 0.30344028515625 0.11987950781250005
0 0.3586286146706051 0.07293733506661343 0.3240530230137549 0.07027954487867062 0.3147932931087748 0.12381786345789057 0.349368884765625 0.12647565364583338
0 0.4373393621911537 0.0785095214128013 0.38157169991780127 0.07562253095029306 0.3749100017891476 0.1328150889645751 0.4306776640625001 0.13570207942708337
0 0.4744806029043687 0.08532159384927378 0.446649015625 0.08306117187500002 0.43652303381438123 0.13847307672364292 0.46435462109375 0.14073349869791668
0 0.5636374110780377 0.09764865327226598 0.49584038671874997 0.09024291666666671 0.48326355376571234 0.14141476990481747 0.551060578125 0.14882050651041673
0 0.589106727190082 0.099293699959269 0.5691835566406249 0.09802763020833337 0.5616363353099179 0.15081200576989776 0.5815595058593749 0.15207807552083338
0 0.6838926314652712 0.103866457038694 0.6076241054687501 0.09969427734375007 0.6003142767378539 0.1590834166592228 0.676582802734375 0.16325559635416673
0 0.6825236419343615 0.17633506471624497 0.597750873046875 0.16793650260416673 0.5861935514250136 0.2197837985650052 0.6709663203125001 0.22818236067708345
0 0.5808564609375 0.16536395442708338 0.561705302734375 0.1646091002604167 0.5567662729421986 0.2203008823271768 0.5759174311453236 0.22105573649384344
0 0.5501501791135134 0.16213701722865695 0.48768359562806285 0.1587225261130219 0.4811482192489245 0.211861094821865 0.543614802734375 0.21527558593750004
0 0.46351228767605007 0.15132579309633176 0.4358927887639436 0.15038619077624116 0.43164849327539345 0.20583532997157605 0.4592679921874999 0.20677493229166669
0 0.43240782620225227 0.14648017517354542 0.3725864589843749 0.14404370833333335 0.3675328593446226 0.19918972456603798 0.42735422656249994 0.20162619140625004
0 0.35054808663611314 0.13991238668577238 0.3158603824898955 0.137852820725853 0.30854576367187503 0.19260596093750007 0.34323346781809266 0.19466552689741945
0 0.30288164849800636 0.13251498424095334 0.24959919446018133 0.12937425806147687 0.24266600494655 0.18165054074760686 0.295948458984375 0.18479126692708334
0 0.22880137153629354 0.12956147884996838 0.191469462890625 0.12603405338541665 0.18115878433783106 0.17453241618109913 0.2184906929834996 0.17805984164565083
0 0.1801686051385725 0.11722749173632559 0.12711737916703814 0.11472205296470532 0.12124175840346565 0.1700166719054631 0.17429298437500002 0.17252211067708337
0 0.6983623414109951 0.2792113180228092 0.18434796093750005 0.22238316796875005 0.1754387445265051 0.25819848015427427 0.6894531250000001 0.3150266302083334
0 0.6903589477850326 0.3288317557944757 0.18197471875000001 0.2720600286458333 0.17293615080364044 0.30803306293813765 0.681320379838673 0.36480479008677996
0 0.6459970229488414 0.3975779985932164 0.5607037974729889 0.3921406558137659 0.5433988116335225 0.5127876637309662 0.6286920371093752 0.5182250065104167
0 0.5476323828125002 0.38959688932291686 0.5291645212782874 0.38796809474095156 0.5054563474501623 0.5074400244284515 0.5239242089843751 0.5090688190104168
0 0.5176963857573371 0.38429337127637525 0.45363450976562514 0.37833075260416676 0.4281117997895381 0.5002035792444582 0.4921736757812501 0.5061661979166667
0 0.43450352583237095 0.37596327843307376 0.4055742999847463 0.3736941420075411 0.3840740964180005 0.4955190966473841 0.41300332226562514 0.4977882330729167
0 0.3919312776854495 0.3704698613451953 0.33511908420007197 0.36567306073774003 0.31171824792087255 0.48885264991337807 0.36853044140625013 0.4936494505208333
0 0.3180497604257341 0.36214993189112493 0.28371407226562506 0.35945515104166675 0.2616741282461411 0.4842654066505418 0.2960098164062501 0.48696018750000003
0 0.2694535149633426 0.3557940575266006 0.2094983587740923 0.3509017573248778 0.18649086920137478 0.47621591985036055 0.24644602539062507 0.4811082200520833
0 0.19367407661636957 0.3478165376905095 0.15687314648437506 0.34420429687500004 0.13028041136190865 0.4646143060931192 0.16708134149390313 0.4682265469086288
0 0.1435750734321889 0.3437397431548374 0.09492157412375347 0.33992910542443205 0.07385049287906463 0.4594986903945948 0.12250399218750006 0.4633093281250001
0 0.6620011377718572 0.9139535857586795 0.6275010127785665 0.910331188090464 0.606317431157702 0.9999999999492948 0.6408175561509927 1.0036223976175103
0 0.8370700809545616 0.7515804054475869 0.689453125 0.5955256093750001 0.5958568024082849 0.6348747627272442 0.7434737583628465 0.790929558799831