0 0.4082962847521209 0.3262221984638689 3.7470027081099036e-17 0.31248414218750004 -0.008296284752120808 0.5590504812236312 0.4000000000000001 0.5727885375000001
0 0.40592335129347595 0.12752826121217872 0.0006881529308384891 0.11094232618233602 -0.005300274030042464 0.2572543298774197 0.399934924332595 0.27384026490726243
0 0.8726208444118644 0.318258503699404 0.847090386776643 0.20232193585596053 0.3963892392950105 0.30157109223484874 0.42191969693023196 0.4175076600782922
0 0.7114161769223224 0.18246435069195274 0.6200860407540476 0.17744110574840616 0.6136029754062371 0.2953129689877307 0.704933111574512 0.3003362139312773
0 0.5451013546656802 0.1968019814853093 0.5336371561823128 0.1330597700658717 0.39601632409667686 0.15781122595895683 0.40748052258004436 0.22155343737839442
0 0.7005376678070261 0.11877026399486805 0.6463397987004363 0.04544668343631266 0.5111888592980641 0.14534487263498175 0.5653867284046539 0.21866845319353714
0 0.8740708752662776 0.07415920137060575 0.8123523959101572 -0.022342274313708232 0.6845407584024171 0.05940093070005341 0.7462592377585375 0.1559024063843674
0 0.7531617963381351 0.0024918711296820053 0.7063390553761989 -0.00008342029521663519 0.7053936081326577 0.017106258103704267 0.7522163490945938 0.019681549528602908
0 0.6781708703125 7.586648468721871e-17 0.55422340625 6.82768914308901e-17 0.55422340625 0.08643524531250006 0.6781708703125 0.08643524531250008
0 0.54674075 7.216449660063518e-17 0.41563756345150915 -0.006546896471090008 0.40703314938614604 0.1657585779369915 0.538136335934637 0.17230547440808158
0 0.31666725411622115 0.8956267029780083 0.21197155319389394 0.5724406631360399 0.035255810937500055 0.6296875000000002 0.13995151185982727 0.9528735398419684
0 0.9676796086769992 0.9084213200315749 0.9183058731134871 0.8680843980604364 0.8301852278920455 0.9759470019041944 0.8795589634555576 1.0162839238753332
0 1.0424619293833164 0.8357835827445484 0.9999999999999998 0.7909370296875 0.8957045162418258 0.889686814552903 0.9381664456251423 0.9345333676099514
0 0.9847076265624997 0.6296875000000001 0.9651006977379686 0.6098142432443974 0.7779433352379688 0.7944634494943973 0.7975502640624998 0.81433670625
0 0.990249590625 0.6296875 0.9702641434327475 0.6082060419538793 0.8272059715577477 0.7413013622663793 0.8471914187500001 0.7627828203125
0 1.0063018396321666 0.6347763368615653 0.9838231549819142 0.6166244374600288 0.9077349063608262 0.710849493940821 0.9302135910110787 0.7290013933423575