0 0.158701701923077 0.389423076923077 3.416070845000482e-17 0.32358119471153846 -0.01556777427311416 0.36110491349527263 0.1431339276499628 0.42694679570681104
0 0.2835987139423077 0.3894230769230769 1.708035422500241e-17 0.27504756009615383 -0.01373857566629531 0.3091129134029841 0.26986013827601235 0.4234884302299072
0 0.42104549038461553 0.38942307692307704 3.416070845000482e-17 0.21836462259615386 -0.014851038192675671 0.25491915995100023 0.4061944521919398 0.42597761427792347
0 0.5860728774038461 6.832141690000964e-17 0.14189541262650082 -0.17292868991650517 0.0459741001265008 0.07345081729503328 0.4901515649038461 0.24637950721153853
0 0.9409811662314105 0.3360605947682774 0.8987450289887406 0.3057213275641559 0.8687945316623529 0.3474162474530476 0.9110306689050228 0.3777555146571692
0 1.0205033305432645 0.2345416984278531 0.9801751082276086 0.20355416671002347 0.9416962543499424 0.2536318491714923 0.9820244766655984 0.2846193808893219
0 0.9429162032339042 0.2266837392631268 0.9079297260385932 0.2006102799448701 0.8913952164835238 0.22279698844499723 0.9263816936788349 0.24887044776325393
0 0.8936348845400397 0.18712854608790447 0.8622286736255963 0.16456852404301334 0.8023283795074647 0.2479567967657897 0.833734590421908 0.27051681881068085
0 0.9686352127081403 0.19585270472314364 0.8987835188606267 0.14567545235146007 0.8843916608035727 0.1657103409789117 0.9542433546510863 0.2158875933505953
0 0.9972730680010612 0.12284421498938528 0.9566613477880522 0.09367118580653969 0.9379908366850346 0.11966236993751399 0.9786025568980435 0.1488353991203596
0 0.4465070817307693 0.8897141009615386 0.37147290750261514 0.43200527587320087 0.2002613557692308 0.4600727211538462 0.275295529997385 0.9177815462421839
0 0.8329765600961537 0.9439494302884615 0.6312044134615384 0.9439494302884615 0.6312044134615384 1 0.8329765600961537 1
0 0.9249132188270336 0.921633848755591 0.9032913221153849 0.9208787956730772 0.9015295744421976 0.971328660859794 0.9231514711538463 0.9720837139423077
0 0.9936061082436803 0.8831419018243423 0.935948944300405 0.88112846958905 0.9318275269879334 0.9991504370029816 0.9894846909312087 1.0011638692382738