0 0.10609496353978691 0.3594295541997594 0.10413614151277047 0.3119060512962682 0.07518621773262431 0.3124551962103221 0.07714503975964071 0.35997869911381336
0 0.184061364526093 0.3965914986472516 0.16149320153550867 0.3964985520833333 0.16129211915912778 0.41896786984233164 0.18386028214971215 0.4190608164062499
0 0.24435449136164056 0.196719749949702 0.24363237753657332 0.16641037782513543 0.22477993666026871 0.16661708203125 0.22550205048533595 0.19692645415581658
0 0.35878208994367883 0.5208420045195737 0.329416601587873 0.5198999823679102 0.3273582388799133 0.5494291376674082 0.3567237272357191 0.5503711598190717
0 0.39338571785028786 0.5643632955729166 0.3933837619961612 0.5493437421874999 0.3790552216861646 0.5493446008735314 0.3790571775402912 0.5643641542589481
0 0.3954236657029098 0.5340861901443142 0.37132375876916185 0.5331545027281778 0.36965779685596883 0.5529863518967932 0.39375770378971686 0.5539180393129298
0 0.7076080936994906 0.3660223502602065 0.6968253761996162 0.3200761523437499 0.6785796603685526 0.32204672549498664 0.6893623778684271 0.36799292341144324
0 0.802105558196617 0.3502648853563588 0.791322840690979 0.3043186888020834 0.7730771251521729 0.3062892619812312 0.783859842657811 0.3522354585355066
0 0.9522460452205032 0.011997787823832104 0.8799323685220729 0.007776125000000078 0.8750615496133549 0.046172647155261946 0.9473752263117852 0.05039430997909397
0 0.7723066321158428 0.3562607927637091 0.7615254088291747 0.3103160208333334 0.7432797157096472 0.312286379612237 0.7540609389963153 0.3582311515426127
0 0.8709187744595365 0.007249912687359972 0.8293635188635936 0.004823924305827038 0.8271716177245946 0.02210263010805047 0.8687268733205374 0.024528618489583404
0 0.7390467632558685 0.3620555111710644 0.7282640441458735 0.3161093151041667 0.7100183288746501 0.318079888568519 0.7208010479846451 0.36402608463541664
0 0.5894650930849242 0.9560751761822747 0.48729886948176593 0.9517459244791667 0.4848846420396605 0.9779655022050494 0.5870508656428188 0.9822947539081573
0 0.8329472970627858 0.9554521255860028 0.6928282994093194 0.9512725136780609 0.6906998771583244 0.984110147911322 0.8308188748117907 0.9882897598192639
0 0.9873310194945641 0.9591617002002332 0.858951547657495 0.9561391968343922 0.8572586941828256 0.9892295320925224 0.9856381660198948 0.9922520354583634