0 0.2996878956014093 0.07906807376184603 0.2844528819315617 -0.012824687164505043 0.2363601582758538 0.000037859763304081736 0.25159517194570136 0.09193062068965516
0 0.5976286336225222 0.36519954744983435 0.5849397225896867 0.3313573753243554 0.5760282152553602 0.3367475562396732 0.5887171262881957 0.3705897283651521
0 0.7581065248868779 0.34992147892720304 0.7481380948085314 0.31173898603661415 0.7412857193052468 0.3146249419474169 0.7512541493835933 0.35280743483800586
0 0.7618879819092687 0.31862207112131985 0.5947013543455834 0.2955760372137804 0.5877198662265432 0.3772792990074911 0.7549064937902286 0.40032533291503053
0 0.7926225248540774 0.2852095367941858 0.7787343893165262 0.26823313016338135 0.7560313483616141 0.2981949549801627 0.7699194838991653 0.3151713616109672
0 0.7357018408962542 0.3030120876805009 0.7275083968027533 0.24824674776398048 0.6919963751220823 0.2568175634369015 0.7001898192155833 0.3115829033534219
0 1.0015937057111652 0.1867911462876214 0.9885168105213489 0.14832280754867744 0.867285768135712 0.2148043522089722 0.8803626633255284 0.25327269094791616
0 0.26602386312016774 0.698477420663694 0.24584465262666033 0.4988280534845982 0.11900191207353357 0.5195098328243708 0.13918112256704093 0.7191592000034666
0 0.3598094289739071 0.5584359421657286 0.35897435897435903 0.4269937471264368 0.2659953405203087 0.4279466729289733 0.2668304105198568 0.559388867968265
0 0.6494987942413064 0.6539909657280811 0.5137615502339139 0.48392990920784035 0.3031517715349696 0.7551105838488474 0.43888901554236215 0.9251716403690883
0 0.4574466093514329 0.4649871475095787 0.3589743589743591 0.4649871475095787 0.3589743589743591 0.6413298256704981 0.4574466093514329 0.6413298256704981