0 0.4385338748387097 0.1942300884955753 0.37911913761055727 0.1848242623939188 0.3778661251612903 0.199716471681416 0.43728086238944275 0.2091222977830725
0 0.43333387483870967 0.1799642584070797 0.26569722086618974 0.15674875093065135 0.26396065934398977 0.18034198549691988 0.4315973133165097 0.20355749297334824
0 0.5595664516129032 0.28319026548672577 0.52 0.28319026548672577 0.52 0.32920353982300893 0.5595664516129032 0.32920353982300893
0 0.6104612903225806 0.3018238938053099 0.600040968291456 0.2574019043224306 0.5611383876462948 0.2745718158268554 0.5715587096774193 0.3189938053097347
0 0.21937500000000007 0.979037610619469 0.17671888000000008 0.979037610619469 0.17671888000000008 0.9973798690265487 0.21937500000000007 0.9973798690265487
0 0.12390612000000008 0.9606953522123893 0.04468750000000009 0.9606953522123893 0.04468750000000009 0.9973798690265487 0.12390612000000008 0.9973798690265487
0 0.3087332389282027 0.9811418549163116 0.2951345110682449 0.9315598562585238 0.22144016214359452 0.9695888600788813 0.2350388900035523 1.019170858736669
0 0.2091366899264297 0.9697235795127599 0.19210427717832515 0.9117605772847148 0.12480222382829133 0.9489706162524327 0.14183463657639583 1.006933618480478
0 0.1498874664375296 0.9291193642970891 0.1443876279701259 0.9095103929630467 0.034607041264507865 0.9674435478237368 0.04010687973191158 0.987052519157779
0 0.3927854002024514 0.9343025762617779 0.3795978076162303 0.8917760806793418 0.3135475045577122 0.9303139100721802 0.32673509714393323 0.9728404056546164
0 0.2896967742995272 0.9286025559452733 0.2737075666947919 0.8702972232629443 0.20022896092438008 0.9082100425019989 0.2162181685291154 0.966515375184328
0 0.37828414526747256 0.8997906655804763 0.3530998495477552 0.8218251547235083 0.2874463633145569 0.8617268716298202 0.31263065903427434 0.9396923824867883
0 0.35321242872441827 0.8147402022479451 0.3474147348558824 0.7954119607759391 0.19281526774102212 0.8826643723272495 0.19861296160955794 0.9019926137992554
0 0.054843880000000005 0.8978081840707965 0.03447420251446599 0.7101193427665787 -0.0039982720540415306 0.7179753582412646 0.016371405431492476 0.9056641995454823
0 0.11187139195930289 0.8723305218932285 0.07232544613702846 0.685270478285431 0.026675446425941322 0.7034284871711075 0.06622139224821577 0.890488530778905
0 0.17821314599324214 0.8320533854282148 0.12935884978312426 0.6539268963872946 0.0714601950960084 0.6838047390227072 0.12031449130612627 0.8619312280636274
0 0.19649679030702003 0.7500791440239072 0.15653741380938108 0.6366729205567905 0.12644936883700478 0.6566201367083081 0.16640874533464373 0.7700263601754248
0 0.240610105515763 0.7478534251482876 0.19331004302173507 0.610565718232759 0.1625 0.6305380548672568 0.2098000624940279 0.7678257617827854
0 0.28232675208188496 0.7287529752017445 0.235416790622317 0.5976381731714762 0.205573510067966 0.6177275480804549 0.25248347152753403 0.7488423501107233
0 0.3388293477606439 0.7394599797166972 0.2778904665014733 0.5625845524630084 0.24191439542929596 0.5859055550416133 0.30285327668846657 0.7627809822953022
0 0.40153134683869357 0.7054093770085993 0.35048945659206193 0.5258346295972212 0.2874247897826586 0.5595613490478332 0.33846668002929026 0.7391360964592114
0 0.045469914917160334 0.6786607525946275 0.034951875092131726 0.524887741374968 -0.0007586269467497591 0.5294834994308106 0.009759412878278854 0.6832565106504703
0 0.4326561199999999 0.6855641592920355 0.3761108592009877 0.5126626396340436 0.35505332612208557 0.5256198467860925 0.41159858692109774 0.6985213664440845
0 0.0915240720659818 0.6525656236925704 0.07497405473337303 0.5031088242142738 0.038668557894807436 0.5106730009735748 0.05521857522741622 0.6601298004518714
0 0.4571532681690249 0.6115544389496697 0.41996131805879927 0.48681624416053776 0.3823464359519617 0.5079178599022302 0.4195383860621873 0.6326560546913621
0 0.1341746313660019 0.6260146086929141 0.11218082499726062 0.4841662003096439 0.07681227059490922 0.4944843006991421 0.0988060769636505 0.6363327090824125
0 0.4816862244133576 0.5788186937202618 0.4475738273607466 0.4704987512644813 0.4259617988844925 0.4833045259979269 0.4600741959371035 0.5916244684537075
0 0.18501911355634917 0.5898099811472832 0.14161823991342226 0.4632059429421595 0.1048637842804971 0.4869124417251389 0.148264657923424 0.6135164799302627
0 0.531188417307444 0.5451082657812533 0.5026093245865695 0.44089337596043227 0.456670000029612 0.464596728652428 0.4852490927504866 0.568811618473249
0 0.2375893628930201 0.5572130844295514 0.19529283326599456 0.4338273529719369 0.15050492092156137 0.462714664465915 0.1928014505485869 0.5861003959235296
0 0.51796888 0.43663561769911513 0.49359388 0.43663561769911513 0.49359388 0.4759402654867257 0.51796888 0.4759402654867257
0 0.2938749706442908 0.5247696171769509 0.2345559833123787 0.4045225900451811 0.1970636590602893 0.4393217094288342 0.25638264639220143 0.5595687365606041
0 0.1223891275266036 0.4389462440256232 0.10875144218107 0.39632257231515666 0.017642545280025755 0.4511701062626772 0.03128023062555934 0.49379377797314367
0 0.3423904758662436 0.5010843406850692 0.2811242895682458 0.3768929873525529 0.24743258937894194 0.4081652225874217 0.3086987756769397 0.532356575919938
0 0.39986525798697514 0.4662993751248921 0.32858226199110047 0.3513576219153692 0.2944066077642593 0.3912354479006979 0.36568960376013404 0.5061772011102209
0 0.10592073375490087 0.3917338221218547 0.08953932448748032 0.33890419340473926 0.028992535508916038 0.3742283114509331 0.04537394477633658 0.42705794016804854
0 0.4516631454720636 0.43823844126492273 0.3670394628171092 0.32470728084442024 0.3391944812470849 0.3637581125853737 0.4238181639020393 0.4772892730058762
0 0.18325500834307168 0.4084490708866289 0.1582781618914657 0.33020136725219495 0.1173700632424056 0.35477004629739345 0.1423469096940116 0.43301774993182734
0 0.51796888 0.3318238389380532 0.495625 0.3318238389380532 0.495625 0.3816095132743364 0.51796888 0.3816095132743364
0 0.48343776 0.32920353982300893 0.47734388 0.32920353982300893 0.47734388 0.3318238389380532 0.48343776 0.3318238389380532
0 0.506906851253546 0.4060614302561635 0.41542521950127703 0.2954274556702955 0.3872335464521322 0.33928787172093167 0.4787151782044012 0.44992184630679966
0 0.2423098335896144 0.37565619257293925 0.21882140188134547 0.29990174875385467 0.16756187242076867 0.3298055936241073 0.19105030412903753 0.40556003744319186
0 0.18873207535695935 0.4255399198519902 0.09702343945356107 0.326495263155497 -0.004806771634098111 0.5038988253703653 0.08690186426930015 0.6029434820668585
0 0.08531224000000004 0.3292035398230089 0.01625000000000003 0.3292035398230089 0.016250000000000032 0.34754566460176994 0.08531224000000004 0.34754566460176994
0 0.8241295901952227 0.6611535294860414 0.7784154213542052 0.639996580142346 0.7514025355288874 0.7498150211428615 0.7971167043699047 0.770971970486557
0 0.8226525627138718 0.4506303744360383 0.6245767391368736 0.3839649470180392 0.5727489439337066 0.6736993363611429 0.7708247675107048 0.7403647637791418
0 0.6938073283826394 0.42971150452843854 0.6157157280206741 0.3926044906526617 0.5845186780648443 0.516133328091464 0.6626102784268094 0.5532403419672409
0 0.9244514354000501 0.3296499314191093 0.8444248616871476 0.3027157723429271 0.8232108932116564 0.42130882029521033 0.903237466924559 0.44824297937139246
0 0.8025766392558286 0.3296499914834186 0.766764301827897 0.3175959455861591 0.7503959800413763 0.40909371162969854 0.7862083174693079 0.42114775752695804
0 0.7440794787471007 0.32955397401784847 0.6993847225311283 0.3131423563157275 0.6841953581707291 0.39097311974432886 0.7288901143867015 0.4073847374464499
0 0.68312512 0.32920353982300893 0.63062512 0.32920353982300893 0.63062512 0.35278619380530984 0.68312512 0.35278619380530984