0 0.26529334375 0.18628880468749998 0.26419748066219845 0.18114926972776635 0.1764311030570521 0.19986301218132826 0.17752696614485367 0.20500254714106186
0 0.25473843281249997 0.15423372812500005 0.2536698925265063 0.14909067848722915 0.177652584375 0.16488433437500002 0.17872112466099363 0.1700273840127709
0 0.26081988125 0.17112344374999996 0.2583484160467136 0.1592525374075206 0.1755807742390197 0.1764843595434421 0.17805223944230608 0.1883552658859215
0 0.24411000624999996 0.02878638281250001 0.2402476411992279 0.006631758844668767 0.20718382137798916 0.012395997601688736 0.21104618642876122 0.034550621569519976
0 0.18356488124999998 0.043349446874999996 0.18069940624999997 0.029908443750000013 0.1474910211151566 0.036988108601596785 0.1503564961151566 0.05042911172659677
0 0.30109636718750005 0.40267012500000005 0.24446369999977474 0.4006924687499921 0.24417288906250004 0.40902020468749994 0.3008055562502253 0.4109978609375079
0 0.29340843599194383 0.3840576687534353 0.23677576875000006 0.3820800125 0.23648495775800282 0.39040774999809696 0.2931176249999466 0.39238540625153223
0 0.6888064395785476 0.0037323543557038043 0.5024174577650006 -0.04957015462768448 0.4458753870753009 0.14814697326149467 0.6322643688888478 0.201449482244883
0 0.4841465187500001 5.828670879282072e-17 0.4196639651611559 -0.003176018786673199 0.4163683296187554 0.06373510792449193 0.4808508832075996 0.0669111267111652
0 0.12624088906250008 0.7494866015625 9.178563676073432e-17 0.7494866015625 9.625721305896619e-17 0.8225129843750001 0.12624088906250008 0.8225129843750001
0 0.4093750000000001 0.7175075921875 0.0850262906250001 0.7175075921875 0.08502629062500011 0.89054421875 0.40937500000000016 0.89054421875
0 0.6766125885129062 0.719872545198403 0.4621888311147428 0.7122639228260665 0.45236081855246973 0.9892338233196032 0.6667845759506331 0.9968424456919397