0 0.3013233908920747 0.28457173300521765 0.2986123028395073 0.27883792908369853 0.2106623869474326 0.32042288201598085 0.21337347499999998 0.32615668593749997
0 0.28438204953481255 0.2477912378469413 0.2817037625 0.2420405640625 0.20553490984018746 0.27751502465305866 0.20821319687500006 0.2832656984375
0 0.29461165898831193 0.26670502966304943 0.28842345468749997 0.2534339984374999 0.20472791913668806 0.2924607375244505 0.21091612343750002 0.30573176874999997
0 0.2520751418969689 0.09641534249692224 0.2414630983409932 0.07130498541627059 0.20714528304849306 0.08580824992422753 0.2177573266044687 0.11091860700487918
0 0.1903865232270102 0.12769314789961508 0.18407574843750002 0.11227575624999997 0.14924174708548982 0.1265342989753849 0.155552521875 0.14195169062500002
0 0.37992095266076653 0.5508281135098063 0.37825626875 0.5406882093750001 0.3183725692142335 0.5505194099276937 0.32003725312500003 0.5606593140625
0 0.3684763633907856 0.529797177604487 0.36681167968749995 0.5196572749999999 0.30692798192171433 0.529488475520513 0.30859266562499993 0.539628378125
0 0.895539981978027 0.08941559932528487 0.7469542435451167 0.07870543629835139 0.7241860968750001 0.3945756875000001 0.8727718353079105 0.4052858505269336
0 0.5296875000000002 0.8504530484374999 0.5153810437500002 0.8504530484374999 0.5153810437500002 0.8866764015624999 0.5296875000000002 0.8866764015624999
0 0.48130808080131776 0.8415657492972046 0.021570303162545823 0.749415059000041 0.014694405884325312 0.783718760076699 0.4744321835230972 0.8758694503738627
0 0.9148316765625001 0.8911723203125002 0.904732601008502 0.8182280088087298 0.8983146140624999 0.8191165734375001 0.9084136896164982 0.8920608849412706
0 0.9407294949754412 0.8865716740098517 0.9311983975208523 0.8159150753065351 0.9098605531249998 0.8187934062499999 0.9193916505795887 0.8894500049533163
0 0.9660488027188479 0.8816211479587827 0.9583292587559953 0.8121268431530263 0.9374419765625 0.8144470375000002 0.9451615205253525 0.8839413423057566
0 0.9933993231842912 0.8761248100073334 0.9870010734375002 0.8079810984375001 0.9658421070090695 0.8099677872819185 0.9722403567558604 0.8781114988517519
0 0.9189802234375 0.7956014046874997 0.9140187515625 0.758245428125 0.9039853087871542 0.759578029992763 0.9089467806621542 0.7969340065552628
0 0.9305411203125002 0.7935046546875 0.9248888979155903 0.7556050225015066 0.914716427755422 0.7571221101447068 0.9203686501523318 0.7950217423307
0 0.9473521812499998 0.7908443437499999 0.9421136995850686 0.7537171781026236 0.9319176355225689 0.7551557984151237 0.9371561171875001 0.7922829640625
0 0.9586405375 0.7902425609375 0.9542389440229966 0.7522563226208848 0.9443890546875 0.7533976625000001 0.9487906481645034 0.7913839008166152
0 0.9752272296874999 0.7871418078124999 0.9704492968749999 0.7511838781249999 0.9609210510147562 0.7524499498631915 0.9656989838272562 0.7884078795506915
0 0.9866981875 0.7867554421875 0.9826802515064534 0.7495033651635518 0.9726387640624999 0.7505864203125001 0.9766567000560465 0.7878384973364484
0 1.0042192108296575 0.7845310017424225 0.9989862629717484 0.7466092767241017 0.9887878701070388 0.7480165876539109 0.9940208179649479 0.7859383126722317
0 1.0066765825742803 0.7076629131964298 0.9938294238892202 0.6353485085057142 0.9732490109375 0.6390047624999999 0.98609616962256 0.7113191671907154
0 0.9792095453125003 0.712067496875 0.9667033934382246 0.639800425429209 0.9499661859795359 0.6426968768038386 0.9624723378538114 0.7149639482496297
0 0.9229247468749999 0.7189980656249999 0.9094620668449023 0.6454120001089707 0.8876840204510534 0.6493963260574364 0.9011467004811511 0.7229823915734657
0 0.8945448046875001 0.7217025640625001 0.8811421111630444 0.650166248422671 0.870853825448104 0.6520938112150244 0.8842565189725595 0.7236301268548534