0 0.2264102484375 0.2034803921875 0.22443856349134528 0.19860923404091574 0.14125516093749996 0.23227914531249994 0.1432268458836547 0.2371503034590842
0 0.210449384375 0.17374514687499998 0.20850399629174182 0.16886578145695869 0.136384103125 0.1976197625 0.13832949120825816 0.2024991279180413
0 0.2193713109375 0.1893222375 0.21487603190033028 0.17806084311686152 0.13635809240124108 0.20940332482592053 0.14085337143841084 0.220664719209059
0 0.17819872656249997 0.05204923437500002 0.17054792936593893 0.030901882128107305 0.13898737282813955 0.04232002160307544 0.14663817002470061 0.06346737384996816
0 0.12110226562500001 0.0769046046875 0.11594631875000003 0.06416538437500002 0.08447181444774328 0.07690406603043547 0.08962776132274325 0.08964328634293545
0 0.2893732437500001 0.3933625703125 0.24121264843750007 0.3933625703125 0.24121264843750007 0.4 0.2893732437500001 0.4
0 0.9710040054230765 0.1271777102582881 0.7065759738193597 -0.010642370519318201 0.5518719106077068 0.2861800568464428 0.8162999422114237 0.4240001376240491
0 0.35237436765938374 0.7588903045677632 8.881784197001253e-17 0.695962028125 -0.04310187082754613 0.9373160796952409 0.30927249683183755 1.000244356138004
0 0.7885343973592938 0.5268985582782901 0.7837190107442689 0.5131380970585397 0.706302503125 0.5402295156249999 0.7111178897400248 0.5539899768447503
0 0.7666884515625 0.7259076218749999 0.7456855879840489 0.6665547769745284 0.6622769223590488 0.6960701410370284 0.6832797859374999 0.7554229859374999
0 0.7400483093750001 0.6144087046875002 0.7197925939217578 0.5646591447945857 0.7105250190545964 0.5684324718321496 0.730780734507839 0.618182031725064