0 0.22198289318066933 0.3872217703673555 0.2203667074212087 0.3727317746365214 0.13323317524131384 0.38245047825083534 0.13484936100077446 0.39694047398166943
0 0.18183769099232822 0.18786602166589284 0.17956223828124998 0.1692658203125 0.05890987346079676 0.1840258084122322 0.061185326171875 0.202626009765625
0 0.5968727246093751 0.108061751953125 0.5839383334618646 -0.001113458572528911 0.5358937338524896 0.004578562911846079 0.5488281250000001 0.11375377343749998
0 0.684117455078125 0.09937403124999997 0.6615075581290506 -0.013976061406220847 0.5889972332014537 0.00048754365962730417 0.6116071301505281 0.11383763631584812
0 0.7775363066406249 0.09001674804687501 0.7682354991520052 -0.007282145660430117 0.6920545097656249 0 0.7013553172542446 0.09729889370730513
0 0.8653899355468749 0.07948182031250006 0.8597326016877578 -0.0053851292860861155 0.7789490546875 0 0.7846063885466171 0.08486694959858618
0 0.9523825429687498 0.06515594726562501 0.9434115344853969 -0.008970643349402951 0.8692879609374998 1.3877787807814457e-17 0.8782589694208527 0.07412659061502798
0 1 1.2022471516989998e-16 0.9634185996093749 1.1798475042506464e-16 0.9634185996093749 0.06502853710937512 1 0.06502853710937512
0 0.60762164453125 0.2615115781249999 0.59697881640625 0.15756705859375003 0.5382886676352405 0.16357631400055142 0.5489314957602406 0.2675208335318013
0 0.7021555625 0.250960771484375 0.6902625312499999 0.14254178125 0.614329211245938 0.1508712938729485 0.626222242495938 0.2592902841073235
0 0.7823788457031249 0.2428265703125 0.7755238847656248 0.13699983203125 0.7056653477940013 0.14152494118484307 0.7125203087315013 0.24735167946609307
0 0.8754448964514618 0.23436268595363277 0.8695639570312499 0.12669809179687497 0.7962527754235379 0.13070255232761713 0.8021337148437498 0.23836714648437493
0 0.964622369140625 0.21910860546875 0.95589572882219 0.11936266601119376 0.8822434749159399 0.12580640429244375 0.890970115234375 0.22555234375
0 1.0004146326429932 0.2161449549689525 1 0.11185902148437502 0.9816554154059197 0.11193195810526627 0.9820700480489128 0.21621789158984375
0 0.622341159335625 0.3448772014268252 0.6148753636416765 0.28228673043224195 0.5455687506486562 0.2905536280066383 0.5530345463426046 0.3531440990012215
0 0.6306045273437499 0.3575442753906251 0.579158517578125 0.3575442753906251 0.579158517578125 0.3886718750000001 0.6306045273437499 0.3886718750000001
0 0.7109188923800052 0.33458475628325324 0.6985384848141942 0.2705650752492368 0.63493817578125 0.28286438281250004 0.6473185833470609 0.3468840638465165
0 0.6939703320312501 0.388671875 0.6897975468750001 0.351216220703125 0.6640559231834762 0.3540839923988588 0.6682287083397263 0.39153964669573377
0 1.005999222502965 0.30186441105305395 1.0000000000000002 0.2429128671875 0.7213255623996756 0.27127225945152256 0.7273247849026406 0.33022380331707657
0 0.8331936269531253 0.388671875 0.8168956943171601 0.3259564669920263 0.7503851636475233 0.34324064296833845 0.7666830962834884 0.40595605097631215
0 1.006846706501254 0.3641010847476579 0.9992068959899796 0.3132066221674715 0.9298950859375 0.3236110761718751 0.9375348964487744 0.3745055387520615
0 0.18008329882812502 0.7212146074218748 0.0001837343750000775 0.6779910761718749 -0.018633445488602324 0.7563095837949232 0.16126611896452261 0.7995331150449232
0 0.11223107226562509 0.816834474609375 0.006517054687500079 0.79065469140625 -0.002815359451245003 0.8283389985930214 0.10289865812688001 0.8545187817961464
0 0.5535648915688466 0.7731177190907356 0.33408063243903674 0.7192328044829989 0.30389515625000013 0.8421844121093751 0.5233794153798099 0.8960693267171118
0 0.9789428437228571 0.5861909781683697 0.9379298268104901 0.39528906055709545 0.6316814598113787 0.4610828965346633 0.6726944767237457 0.6519848141459376