0 0.4415063792415188 0.20375772100378686 0.4215662266094335 0.16230522154918545 0.3558758947117694 0.21848198126108256 0.37581604734385476 0.259934480715684
0 0.6245682099609375 0.13665640494791675 0.5905599589843749 0.1344413802083334 0.5901659071728017 0.14519702664325254 0.6241741581493644 0.1474120513828359
0 0.6209810351852572 0.1588547686921351 0.5900700435847993 0.15769710545524832 0.589589397817407 0.18051277881480032 0.6205003894178649 0.18167044205168711
0 0.8134991962890626 0.15188186067708342 0.6576255154862081 0.1383385330836756 0.6570320927734375 0.1504805000000001 0.8129057735762921 0.16402382759340792
0 0.9598821162109374 0.16304561197916678 0.8178335136056738 0.15278733952956228 0.8173943409192653 0.1635985801097433 0.959442943524529 0.1738568525593478
0 0.9583345263671874 0.18714762500000015 0.8146889144376448 0.17462580219356286 0.8135861113281251 0.1971163619791668 0.9572317232576677 0.20963818478560411
0 0.8099551694022028 0.17473912505136968 0.6542918688247807 0.16161176677246283 0.6531877080078126 0.18488832161458343 0.8088510085852346 0.19801567989349025
0 0.5647240048050587 0.675207671428912 0.49350606933593755 0.6715998333333335 0.4924409532027539 0.7089778949773384 0.563658888671875 0.712585733072917
0 0.38483933069958537 0.5968606206229186 0.3315080878906251 0.5936073424479167 0.3309801976207272 0.6089917804187481 0.3843114404296875 0.61224505859375
0 0.01913383496093754 0.44885093098958323 0.003544944335937536 0.4397422786458333 -0.001352181530462307 0.4546420575231575 0.014236709094537697 0.4637507098669074
0 0.6373517825957568 0.5987376374620361 0.5901158826372462 0.5871075962800345 0.5699595171229541 0.7326470163327979 0.6171954170814646 0.7442770575147996