0 0.3445049752604166 0.05576154101562503 0.34400610350523103 0.04920079323940249 0.2759626653645833 0.060842169921875 0.2764615371197689 0.06740291769809753
0 0.3237241705729167 0.14165923632812502 0.32154267608355497 0.11330183661471321 0.2382950104166667 0.12771111718750003 0.24047650490602837 0.15606851690091184
0 0.30310055729166663 0.09319924804687504 0.28382069994147574 0.06741000863407437 0.2798392437759323 0.07410715420708935 0.29911910112612317 0.09989639361989003
0 0.6795892473958333 0.21746764453125011 0.5410255885416667 0.21746764453125011 0.5410255885416667 0.2597656250000001 0.6795892473958333 0.2597656250000001
0 0.8446995989583334 0.254080541015625 0.8426224417103511 0.18367748023793062 0.7655804648412047 0.18879179874185706 0.767657622089187 0.25919485951955146
0 0.7757741080729167 0.18988696289062515 0.6833867252604167 0.18988696289062512 0.6833867252604167 0.2597656250000001 0.7757741080729167 0.2597656250000001
0 0.6573011264768903 0.2133595640057162 0.6558862533930391 0.16540392429842182 0.5301850360797836 0.1737484142824191 0.5315999091636349 0.2217040539897135
0 0.6334506666666667 0.16484848828125004 0.6320056942045177 0.11587258167784995 0.5200155543627131 0.12330686985104461 0.521460526824862 0.1722827764544447
0 0.8313306041116011 0.17856224289389638 0.7985503152522434 0.03422262212979277 0.7375553238904632 0.06539026138756798 0.7703356127498209 0.2097298821516716
0 0.7588481940104166 0.18412712695312505 0.7551755538757364 0.05964682856437459 0.6303501861979166 0.06793317578125002 0.6340228263325967 0.19241347417000046
0 0.6220256642702475 0.11498784976912935 0.6208797759232464 0.06498090988950296 0.5183853616529989 0.07026529840162361 0.5195312499999999 0.12027223828125
0 0.7985293763020834 0.042456101562500015 0.7971747145443847 -0.0034587444052042865 0.7118602447820552 0.0022047301429840224 0.7132149065397538 0.048119576110688324
0 0.7147011549479166 0.048020914062499996 0.7133464929875569 0.002106068260172865 0.6149920130208333 0.008635185546875 0.6163466749811931 0.05455003134920213
0 0.6101533190104168 0.05393890429687501 0.6088287587374134 0.009044323048825104 0.5182066897269967 0.015060135548825092 0.5195312500000001 0.059954716796874995
0 0.51953125 0.55885728125 0.3904389388020833 0.55885728125 0.3904389388020833 0.76227183203125 0.51953125 0.76227183203125
0 0.7404236286561495 0.7170094767548423 0.6661954166666665 0.653257537109375 0.6575033634533617 0.6760284525872474 0.7317315754428448 0.7397803922327147
0 0.6839801065355129 0.7626512511843977 0.6449714166666666 0.7299365429687499 0.6424850906071642 0.7366070510301218 0.6814937804760105 0.7693217592457696
0 0.6881092481070334 0.7307886636850092 0.6590448763020834 0.7062339804687502 0.6566234365462315 0.7126828381339847 0.6856878083511816 0.7372375213502436
0 0.9470845607850654 0.8722249653166433 0.9222219593944309 0.8524282741739074 0.8979093960051988 0.9211299338572644 0.9227719973958335 0.9409266250000002
0 0.9595562030287873 0.915802339617031 0.9563027773437499 0.9131896679687501 0.9434778217107961 0.9491227482735946 0.9467312473958335 0.9517354199218753
0 0.9035605705557178 0.949971048951815 0.879392637534372 0.9387043622996061 0.8773118108449692 0.9487473220112327 0.901479743866315 0.9600140086634414
0 0.9063031000481913 0.975011106585672 0.8717318738158446 0.9581781273358814 0.8692518835426172 0.9696381715095455 0.9038231097749638 0.986471150759336
0 0.9326082773177783 0.984818661579944 0.9303772721354168 0.9781223105468752 0.9120253281509717 0.9918794126388061 0.9142563333333332 0.998575763671875
0 0.9521875208531211 0.9745112260538065 0.947087688984205 0.9687586543187607 0.9314254661458333 1 0.9365252980147494 1.0057525717350457
0 0.7429250824425289 0.4341950206866804 0.7301505520833333 0.42487452148437516 0.7146347157345545 0.47272248712582 0.72740924609375 0.48204298632812526
0 0.7642028491482019 0.47435876338000543 0.7496820403645833 0.425895642578125 0.7386214698622147 0.4333522190418696 0.7531422786458334 0.48181533984375
0 0.7775263880889908 0.5676566576024074 0.7754261380208334 0.5616497753906251 0.7538342499318426 0.5786359283350928 0.7559345 0.5846428105468752
0 0.7866360176907904 0.5856102628299146 0.7835123059895833 0.5796531425781251 0.7699594836112928 0.5956430828732105 0.7730831953125 0.6016002031250001