0 0.38336352812849916 0.31046152672297744 0.3134284970652449 0.30475816942233297 0.31260292968750003 0.31488134375000004 0.38253796075075425 0.32058470105064457
0 0.32297950000000003 0.17928103125000003 0.24756846406250005 0.17291533125000005 0.24387872489956205 0.21662569344368107 0.31928976083706206 0.22299139344368105
0 0.32472009687500003 0.25913715625000006 0.31629564030482316 0.2577350644729785 0.31009008528898185 0.2950210892408097 0.31851454185915873 0.29642318101783127
0 0.9161191849425638 0.1941270869423372 0.7715836938404963 0.1524194820695334 0.700750291066013 0.3978888799806157 0.8452857821680805 0.4395964848534195
0 0.16982095717152687 0.46074829790188154 0.0794634631661181 0.4559740533866288 0.06397255327246054 0.7491554757839668 0.1543300472778693 0.7539297202992196
0 0.571768515625 0.5794829078125 0.5296875 0.5794829078125 0.5296875 0.7229268609374999 0.571768515625 0.7229268609374999
0 0.5833897890624999 0.9022226406249999 0.5805640869209171 0.7521563734229405 0.5297773820523639 0.7531126716196417 0.5326030841939468 0.9031789388217011
0 0.6197077703193571 0.7080198521340834 0.613985228125 0.5898197171875 0.5862436015687025 0.5911628004976862 0.5919661437630597 0.7093629354442695
0 0.6035079498123179 0.8770054945773522 0.5985633453125 0.7495339796875001 0.5811628096859408 0.7502089443400555 0.5861074141857587 0.8776804592299076
0 0.8543929510025563 0.570014560081449 0.8511152179917716 0.5284385469766203 0.6134913716767152 0.5471721259576714 0.6167691046875 0.5887481390625001
0 0.9593350112452175 0.8726942620300655 0.9549971578124999 0.7237287531250001 0.9337299602428788 0.7243480507507374 0.9380678136755962 0.8733135596558028
0 0.9156790134790475 0.6962159865443682 0.8397158484375 0.6954846046875002 0.8385464497313603 0.8169413048772768 0.9145096147729077 0.8176726867341447
0 0.8622993669991246 0.9370107745939604 0.8592756701483818 0.8976679152508897 0.6289534718992573 0.9153693359694295 0.63197716875 0.9547121953125002