0 0.31789606649616375 0.08681811416490491 0.2721227116596156 0.0754602615101063 0.26964248141331865 0.1027814594544078 0.3154158362498668 0.1141393121092064
0 0.22176306719696817 0.17633375721611172 0.18807340753109494 0.16296511404068004 0.18161960613810743 0.2074196532769556 0.21530926580398066 0.22078829645238734
0 0.24233421355498722 0.30051329809725164 0.21536856263224166 0.2958538274914944 0.21465954475703328 0.30706943340380555 0.24162519567977886 0.31172890400956277
0 0.5580543350383631 0.4314745919661734 0.4921567838730488 0.2889864873387406 0.44283300856087643 0.35133673771611273 0.5087305597261909 0.49382484234354557
0 0.6367249373401533 0.4079691691331924 0.5720458038827008 0.2605934311082059 0.519798531800746 0.3232682437840341 0.5844776652581986 0.4706439818090206
0 0.716572668797954 0.37875476321353074 0.6517989496326372 0.23202571458287852 0.5991221240409207 0.29558712896405925 0.6638958432062374 0.4423161775947115
0 0.7950907608695651 0.3533780591966173 0.7264003380963593 0.20546572945955402 0.6750069091462353 0.27070222620527673 0.743697331919441 0.41861455594234004
0 0.8738852723785165 0.32469642283298134 0.8052931211259501 0.17965064840897416 0.7534212175701378 0.24669971758248746 0.8220133688227041 0.39174549200649467
0 0.9531001560102301 0.3011585750528544 0.8868895183108795 0.1537391362294626 0.8337375069471519 0.2189896514706631 0.8999481446465024 0.3664090902940549
0 1.0086562695111432 0.28201066109753886 0.9914543153316878 0.16031014910657704 0.9124334207161124 0.19083956871035937 0.9296353748955679 0.3125400807013212
0 0.4748455000000001 0.44964371247357293 0.4705982171878695 0.3975947128500396 0.4524097378516625 0.40165153911205076 0.4566570206637931 0.4537005387355841
0 0.6689539961636829 0.4759860570824525 0.6672278456237469 0.4412196321131792 0.5877497742583577 0.45200555170835455 0.5894759247982937 0.4867719766776279
0 0.7632912122762149 0.4779051543340382 0.7619132505888244 0.415032782475746 0.6641752235619449 0.4208878524658761 0.6655531852493354 0.48376022432416826
0 0.8479424079283886 0.47283273572938694 0.8461120906924232 0.38931589077114165 0.7443419894968818 0.3954121541396324 0.7461723067328472 0.4789289990978777
0 0.938946276214834 0.46737922410148 0.8712094213184575 0.3220412557025875 0.8208396186296163 0.38620761770671136 0.8885764735259928 0.5315455861056039
0 1.003166867683921 0.4132369476267625 0.9494744223055277 0.29760822056545605 0.8974346618025103 0.3636583926190496 0.9511271071809035 0.479287119680356
0 0.17373532588686388 0.5826464752889621 0.1064842153736743 0.5573051112752901 0.06332615847972767 0.8703615069295922 0.13057726899291724 0.8957028709432644
0 0.25748464200320853 0.6132463341061377 0.1875052152849358 0.5877739391326714 0.14605198013638204 0.8990532488672619 0.21603140685465477 0.9245256438407283