0 0.14249815890344847 0.050544276925553 0.041884906250000006 0.047358681250000007 0.04008862234655158 0.10409217307444704 0.14070187500000003 0.10727776875000003
0 0.05921828749999999 0.54372175 0.058403928778681856 0.5204015880583912 -0.0008143587213181342 0.522469538058391 0 0.5457896999999999
0 0.5794587688353354 0.3852688740235696 0.568721905982569 0.07780509773706289 0.4580131371472335 0.08167112996349328 0.46875 0.38913490624999997
0 0.7771068313068087 0.3144271117830268 0.7663097913416953 0.005240374341828824 0.5789232106677573 0.011784058644740506 0.5897202506328707 0.3209707960859385
0 0.5688309807229512 0.08092879712546183 0.5659383257223987 -0.0019060511496011123 0.4658573449994474 0.0015888517249370653 0.46875 0.08442370000000002
0 1 1.0967581776943005e-16 0.79114203125 9.688695562412477e-17 0.79114203125 0.15390945937500009 1 0.1539094593750001
0 0.3416782534167768 0.9406177079695366 0.2831666843750001 0.9281411562500003 0.27912035283322334 0.9471173295304636 0.3376319218750001 0.95959388125
0 0.3532566570153108 0.8901830319587741 0.2947479625000001 0.877706253125 0.2907013836096895 0.8966823086662258 0.34921007812500016 0.9091590875
0 0.34752446929617503 0.9170644352116462 0.28901400000000005 0.9045914906250001 0.2849686583274494 0.9235681515153027 0.3434791276236243 0.9360410961019487
0 0.36438350036468137 0.8332243506985645 0.27909511250000013 0.8115466 0.27515397151031873 0.8270525243014356 0.360442359375 0.8487302750000003
0 0.38181198399359884 0.7592366598839329 0.2965235968750001 0.737558909375 0.29258171718594417 0.7530677399963602 0.37787010430454293 0.774745490505293
0 0.38754293139037066 0.7323546539415471 0.30225454375000005 0.7106769 0.29831340223854674 0.726182823993821 0.38360178987891735 0.7478605779353681
0 0.3933932591262176 0.7088017568371192 0.308104875 0.6871240062500001 0.30416299592438306 0.702632833857791 0.38945138005060065 0.72431058444491
0 0.37011466869536286 0.8063391300839733 0.2848260593750001 0.7846645937500002 0.2808846969296373 0.8001737292910269 0.36617330625000005 0.8218482656250001
0 0.3245610135165604 0.7707190225796886 0.2907927593750001 0.764444040625 0.2878204771084397 0.7804391117953114 0.32158873125 0.78671409375
0 0.943897840244618 0.8883401614461132 0.9191910450438681 0.8371145433666097 0.83158042667425 0.8793703069204966 0.856287221875 0.9305959250000001
0 0.8454713497251853 0.935134576926054 0.8207629862538941 0.8839098229169668 0.7331521240287088 0.9261690991159129 0.7578604875 0.9773938531250002