0 0.41381747028098664 0.6352071652374516 0.40572148728867197 0.6147358213406401 0.36002613107018516 0.6328073670406884 0.36812211406249995 0.6532787109375
0 0.30340408598905527 0.2669197406196479 0.2928292911798865 0.2401790287910849 0.1999119817533312 0.276923805358937 0.21048677656249998 0.3036645171875
0 0.8651927709013052 0.4781170026885624 0.7766713796874999 0.328355603125 0.699877830535612 0.3737469511424555 0.7883992217494173 0.5235083507060179
0 0.9491876516502117 0.197014773602158 0.9229294140625001 0.1943976062500001 0.9174625936622884 0.24924662796034225 0.9437208312500001 0.25186379531250014
0 0.7893591693834375 0.240122996728288 0.7340190906250001 0.19134749062500017 0.6340625177621236 0.3047569671549056 0.689402596520561 0.35353247325819337
0 0.7881401734375 0.7265062671875002 0.7846809535057655 0.7204255178765872 0.7142749753807656 0.760478108501587 0.7177341953124999 0.7665588578125001
0 0.7691015859375 0.7174529406250001 0.7625635439622932 0.7062119368525008 0.7101210298997933 0.7367137821650008 0.7166590718750001 0.7479547859375
0 0.6680630727028604 0.8308365958673593 0.66099790625 0.8183634 0.611407629890597 0.8464527173368166 0.6184727963434574 0.8589259132041759
0 0.808079053125 0.7692548468750001 0.8025756051655476 0.7601123099651929 0.7607734144437157 0.7852755861431563 0.7662768624031681 0.7944181230529634
0 1.0017322335211385 0.8708953379271724 0.9966056578125 0.8612505578125 0.9712879114219636 0.87470792460573 0.9764144871306021 0.8843527047204024
0 0.9443960328125 0.9035358046875004 0.939186137523049 0.8942340333115959 0.9117477449393807 0.9096021977713313 0.9169576402288314 0.9189039691472358