0 0.3354332208434033 0.2670850688491548 0.24499102148437504 0.23571772005208338 0.22333936900034673 0.263463812661262 0.31378156835937504 0.29483116145833344
0 0.8292494673985098 0.27267176289006995 0.8218837128906251 0.22213509765624997 0.7982705892471325 0.22366471071478722 0.8056363437550171 0.27420137594860716
0 0.7377715497804338 0.2646801635029595 0.7319632048600366 0.22360434566098028 0.6956881223237753 0.2258841210990851 0.7014964672441725 0.26695993894106435
0 0.8402369104864167 0.3181979295398126 0.82713101248637 0.2868710844621853 0.7749433129374534 0.2965747486723727 0.7880492109375001 0.32790159375
0 0.143941990234375 1.0000000000000002 0.14050430468750003 0.9354539322916668 0.06606363217651814 0.9372160062341072 0.06950131772339314 1.0017620739424404
0 0.5292968750000002 0.9133668216145834 0.4850891757812502 0.9133668216145834 0.4850891757812502 0.9867507747395834 0.5292968750000002 0.9867507747395834
0 0.4685269702425062 0.9878062446559946 0.46030245909345946 0.9169248460729705 0.2763606822103283 0.9264106834482262 0.28458519335937504 0.9972920820312504
0 0.21846347551371745 0.9997552707421016 0.2147295354785662 0.9296466886532015 0.14442419006304244 0.9313108751105855 0.14815813009819365 1.0014194571994854
0 0.2138612276236043 0.9092605304253092 0.20963151521057805 0.8728075654388007 0.14127809813384876 0.8763325376176582 0.145507810546875 0.9127855026041667
0 0.13554307987337397 0.9977973999876372 0.128674515625 0.8688333125 0.006674379217730862 0.8717211647749091 0.01354294346610481 1.0006852522625465
0 0.5292968750000002 0.8631560520833332 0.5177098710937502 0.8631560520833332 0.5177098710937502 0.89757669921875 0.5292968750000002 0.89757669921875
0 0.4906051553791162 0.9003906237613487 0.48577659336840584 0.809729380841258 0.4113359190428138 0.8114914539561392 0.41616448105352416 0.90215269687623
0 0.5290858332923093 0.767673017160546 0.526436751953125 0.7179337812500001 0.4664702562511056 0.7193532385620074 0.4691193375902898 0.7690924744725534
0 0.6291847988281251 0.8942259466145835 0.6229563277388488 0.8369398062911982 0.5248951893150605 0.8416783654082995 0.5311236604043367 0.8989645057316848
0 0.7318596164356894 0.8319644790876589 0.7104959144386822 0.560202015574821 0.6090726009765192 0.5637455961894613 0.6304363029735264 0.835508059702299