0 0.41887836613679524 0.12094121980742015 0.39879186170761793 0.08647171507300166 0.28162121627394765 0.10354150405464402 0.30170772070312496 0.1380110087890625
0 0.7075576045403477 0.44471265528132303 0.6297970039062503 0.43264851757812506 0.6124675496589993 0.46057319823246945 0.6902281502930967 0.47263733593566737
0 0.7217066542525172 0.47537890685840656 0.6173518320312501 0.46254752832031243 0.6018839277787329 0.4939968070087809 0.70623875 0.506828185546875
0 0.5824109884454878 0.30406632828048674 0.5652241035156251 0.303743888671875 0.5508686599920126 0.49503967660232573 0.5680555449218753 0.49536211621093745
0 0.5964957191877132 0.3313065865909888 0.5802388769531251 0.3309711279296875 0.5762067886247871 0.37982142708088623 0.5924636308593751 0.38015688574218753
0 0.6095334028244327 0.3609417390744761 0.59418596484375 0.3607206474609375 0.5886946420974424 0.45601794744896146 0.6040420800781251 0.4562390390625
0 0.591781706995427 0.40285758755679174 0.5743166181011786 0.4025688006971731 0.5694542470432518 0.4760847346247564 0.5869193359375001 0.47637352148437506
0 0.7578880550772326 0.37964366656534243 0.7311371562500001 0.37909132421875 0.7250035855477678 0.4533561937862203 0.7517544843750003 0.4539085361328126
0 0.7868176932878527 0.3333087899873288 0.7612967441406251 0.3328063544921875 0.7496816719465225 0.4803017393095463 0.77520262109375 0.4808041748046876
0 0.8127249624840891 0.31108290969831154 0.787746099609375 0.31067121484375004 0.782694514078411 0.3872952367860635 0.807673376953125 0.38770693164062503
0 0.8031737527188811 0.40820591401759065 0.7779076320237215 0.4078574554161425 0.7710234203204654 0.5326479779219894 0.7962895410156251 0.5329964365234375
0 0.7771494568744756 0.548318783807811 0.5755465429687501 0.5169368554687501 0.5558381993755247 0.5485893040828141 0.7574411132812502 0.5799712324218751
0 0.74321617393368 0.5115396057039945 0.5893287675781251 0.4889998310546875 0.5720419888203346 0.5185056445407206 0.7259293951758896 0.5410454191900276
0 0.385086447265625 0.8427864306640624 0.3825819250583394 0.8355799938419105 0.27852604615208937 0.8446208786075354 0.281030568359375 0.8518273154296874
0 0.3975916796875 0.8788847626953125 0.395086582001349 0.8716774336315212 0.291030533173224 0.8807192910533962 0.293535630859375 0.8879266201171875
0 0.3823870488281251 0.8343025283203126 0.3798818839754845 0.8270952092590267 0.27582778045985956 0.8361371526184017 0.27833294531250014 0.8433444716796876
0 0.3798710566406251 0.8247816562500001 0.37736604439246046 0.8175745737752539 0.27330999556433544 0.8266164321736914 0.27581500781250007 0.8338235146484376
0 0.37258138476562497 0.8066871250000001 0.3700762868794868 0.7994797961392571 0.26602023805136177 0.8085216545376945 0.2685253359375 0.8157289833984375
0 0.3948921113281251 0.8704018330078126 0.39238694647548455 0.8631945139465267 0.28833284295985956 0.8722364573059017 0.2908380078125001 0.8794437763671876
0 0.387602439453125 0.8523073017578124 0.3850980033131643 0.8451011125831911 0.28104212440691423 0.8541419973488161 0.28354656054687494 0.8613481865234375
0 0.390300064453125 0.8607901455078126 0.38779489960048447 0.8535828264465267 0.2837407960848595 0.8626247698059017 0.28624596093750004 0.8698320888671877
0 0.375097376953125 0.8162079970703124 0.37259236524696765 0.8090009155118345 0.2685363183719676 0.8180427729337094 0.271041330078125 0.8252498544921874
0 0.9610588277414026 0.7586862653084259 0.804756962912944 0.7351382964236619 0.7865299847446214 0.7653841181741285 0.9428318495730801 0.7889320870588925