0 0.208523263671875 0.2701972187500001 0.20355322739977733 0.26300206923286545 0.12024416685290235 0.32054764931099045 0.125214203125 0.32774279882812507
0 0.18382927734375004 0.26099777539062513 0.17446317647414786 0.24771227566924195 0.11248249873977284 0.2914078303567419 0.12184859960937502 0.3046933300781251
0 0.07036428549345997 0.41319562887957695 0.06020754492187502 0.39843317578125 0.001515763087118538 0.43881380885145704 0.011672503658703481 0.45357626194978395
0 0.23800925195312503 0.3212573691406251 0.23016008964651893 0.31047225786916943 0.18084759425008567 0.34636078700607176 0.18869675655669177 0.3571458982775274
0 0.4760974451921849 0.43590071172568345 0.46875 0.42458334179687507 0.4528196870175411 0.4349255946585602 0.46016713220972594 0.44624296458736856
0 0.42238626367187504 0.4736188320312501 0.4148852965559948 0.4626034519069455 0.382392099609375 0.48472982421874994 0.38989306672525514 0.4957452043430545
0 1.0068461834155826 0.4970522991855608 0.8170090097656253 0.4830460507812502 0.8095422731455935 0.5842483238966719 0.9993794467955509 0.5982545723009826
0 0.9332477499238728 0.777407329599993 0.8644943463332436 0.754329133239231 0.8248051057707735 0.8725693254943148 0.8935585093614027 0.8956475218550769
0 1.0052748137232477 0.7475143750793365 0.9477600813331595 0.7307080559970892 0.9128973249109384 0.8500156864301514 0.9704120573010266 0.8668220055123986
0 0.9754747381424745 0.7009352465782037 0.8650807168119979 0.6934595984883337 0.8600435482709861 0.7678442250353206 0.9704375696014627 0.7753198731251907
0 0.8774881257215315 0.6966477505711415 0.8227678196208471 0.6791215242732663 0.7986462210117492 0.7544338725845344 0.8533665271124335 0.7719600988824096
0 1 0.6718419550781252 0.996612103515625 0.6718419550781252 0.996612103515625 0.6898626953125002 1 0.6898626953125002
0 1.0006565049243057 0.6468260711803755 0.8924990523913156 0.6379237169121788 0.88902652595697 0.6801125134571594 0.99718397848996 0.6890148677253561
0 0.8971330651223313 0.6389950318899221 0.8446412720812753 0.6375798081521887 0.843604690776692 0.6760274471082468 0.8960964838177479 0.6774426708459802
0 0.7635459556830173 0.6207317543842474 0.5957338174745884 0.6053660799911924 0.5904292924966612 0.6632980428816937 0.75824143070509 0.6786637172747487
0 0.5997984416192821 0.6049877350892741 0.4777102791320409 0.5983213631407844 0.47483904469292315 0.6509052482660959 0.5969272071801643 0.6575716202145855