0 0.23479068619791663 0.13313895117187502 0.23334657324897667 0.12822481333788688 0.18007505803623158 0.16344822320882518 0.18151917098517156 0.16836236104281327
0 0.21709857291666668 0.13033782031250002 0.2143551756102249 0.12117992822878179 0.1722744592660195 0.1495433634316741 0.17501785657246124 0.15870125551539233
0 0.15425560937500002 0.21265484960937497 0.1513089366694659 0.20259028567046816 0.1104943880509624 0.2294767969539147 0.11344106075649651 0.23954136089282152
0 0.2597505325520833 0.15607837109375006 0.2574211600510591 0.14853356973562432 0.2232366396263514 0.17228026307203367 0.22556601212737568 0.17982506443015941
0 0.43178305780854714 0.1964144767190982 0.42968749999999994 0.18886005273437503 0.41691642307993676 0.19683097050910012 0.41901198088848396 0.20438539449382329
0 0.39985429036458336 0.21790494140625 0.3976866280689643 0.21042933258515462 0.3736890078125 0.22608587109374997 0.375856670108119 0.23356147991484535
0 0.6256420352420016 0.269419950163828 0.5208385039971323 0.2675285332461863 0.5205626783905475 0.30191644050423344 0.6253662096354168 0.30380785742187516
0 0.46707504687499996 0.293290703125 0.46200490883812745 0.25139648915558427 0.4477326236979167 0.255282837890625 0.4528027617347892 0.29717705186004073
0 0.4074293294270834 0.8085613984375 0.4050362011333526 0.7746309745966027 0.3711824940083342 0.7800033388112086 0.373575622302065 0.8139337626521059
0 0.03459278776041667 0.5302020039062499 0.023380551348142126 0.37465917570818846 -0.01121223641227454 0.3802697889894383 0 0.5358126171874998
0 0.15850475130208333 0.5198407890625 0.14899411787372532 0.3981318610853143 0.10624388081584964 0.40564822936558886 0.11575451424420763 0.5273571573427746
0 0.14828311848958334 0.37790916992187495 0.14176479971983205 0.3103064992861245 0.0984341750430318 0.319706961550844 0.10495249381278306 0.3873096321865944