0 0.23535471874999994 0.166019005859375 0.2037250084888195 0.16525948364234996 0.20352650260383306 0.18385938479688388 0.2351562128650135 0.18461890701390893
0 0.2854057473958334 0.1698783320312501 0.25758449703221825 0.1692102617460426 0.2573718072916667 0.18913917187500007 0.28519305765528186 0.18980724216020758
0 0.6433935033693176 0.8708499244860832 0.5733392101320224 0.7350803475001513 0.345279765625 0.9998467480468752 0.41533405886229513 1.135616325032807
0 0.6543956390000439 0.6004248421194491 0.5541021838738432 0.39748576372000977 0.036714627617067896 0.9728003785664275 0.1370080827432686 1.175739456965867
0 0.4277840132181985 0.42578063214346096 0.3337718792376955 0.24029598403386085 -0.09125199441959302 0.7249946044611162 0.0027601395609099244 0.9104792525707164
0 0.7994048294270834 0.7619027910156254 0.7738459871522415 0.7248768481563942 0.7671646569023173 0.7352540558364161 0.7927234991771592 0.7722799986956473
0 0.7698545859374999 0.7082583496093752 0.756435954069738 0.6725939253094616 0.7162061155382785 0.7066507244555944 0.7296247474060404 0.742315148755508
0 0.8952365845863062 0.5023772798815942 0.8746522981545608 0.4762778676681442 0.850208484375 0.5196545742187502 0.8707927708067452 0.5457539864322003
0 0.9631557825520835 0.5473681250000002 0.9522453876733104 0.5289624517282392 0.9265618305209705 0.5632176473488394 0.9374722253997435 0.5816233206206004
0 0.9452841171875 0.532429818359375 0.9109184514653919 0.49021131612766966 0.9053873210675257 0.5003415239419899 0.939752986789634 0.5425600261736954
0 0.7503312473958333 0.3984375 0.7442049082569101 0.385781479617356 0.7282045468749999 0.40320822070312495 0.7343308860139232 0.41586424108576897
0 0.8978621601562496 0.4638489492187502 0.8692199611587301 0.4282478757611684 0.8643246119856892 0.43710942096213545 0.8929668109832088 0.47271049441971724
0 0.6438129609375 0.5274032851562501 0.6380142627623576 0.5065650320583417 0.6024003200540244 0.5288633328395916 0.6081990182291667 0.5497015859375001