0 0.34276292864583335 0.14754702129629638 0.33989505405590337 0.12688619839720097 0.2524086967278091 0.165266450368882 0.25527657131773906 0.1859272732679774
0 0.8115684918165736 0.15812021596511924 0.787431324493983 0.10648976966816343 0.7261824761430792 0.19698658484679785 0.7503196434656698 0.24861703114375366
0 0.024117654687500083 0.8500385222222223 0.014446562321442228 0.8475409169306307 0.001988610937500068 1 0.011659703303557922 1.0024976052915917
0 0.03703742503185077 0.8542530428683274 0.0263541036458334 0.8514315768518519 0.013953435389712254 0.9998307583351936 0.024636756775729622 1.0026522243516691
0 0.049341417708333425 0.8584907416666667 0.039202727175636394 0.8558969469623876 0.027538070312500076 1 0.03767676084519711 1.0025937947042791
0 0.06102138854166673 0.8611469796296296 0.0511965607691105 0.8584871916534104 0.03908520958748338 0.9998793979058163 0.048910037360039606 1.0025391858820356
0 0.07244785364583338 0.8636983657407407 0.06238720780314339 0.8611352310582993 0.05119327500000006 1 0.06125392084269006 1.0025631346824415
0 0.08309325180776556 0.8660525226088496 0.0755026671875001 0.8640015731481484 0.06389079167431068 0.999825907466281 0.07148137629457613 1.0018768569269823
0 0.09504759858591673 0.869495833521545 0.0845184990393698 0.8667884199553547 0.07368046770833336 1 0.0842095672548803 1.0027074135661904
0 0.10684301625118113 0.8734230826954228 0.09642343486533991 0.8707060330116219 0.08575573906250007 1 0.09617532044834129 1.002717049683801
0 0.04534367927677099 0.5000305442652596 0.03426972291666666 0.397357337962963 0.020043694029774215 0.40220669673520837 0.031117650389878546 0.5048799030375049
0 0.06310727447916667 0.49424367499999994 0.0517759578125 0.3921886824074074 0.037227345557205624 0.39729399850598446 0.048558662223872284 0.49934899109857706
0 0.7268364015625001 0.33985603703703726 0.5796264564642022 0.30473590629691955 0.5755528171905452 0.3587016966890425 0.7227627622888432 0.3938218274291603