0 0.35056683973710817 0.293943857605178 0.34897500911215773 0.28042849367770767 0.31434584362772305 0.29087393443211934 0.31593767425267355 0.3043892983595897
0 0.11739321385237614 0.30883716423948215 0.11355882964516426 0.27813012221333805 0.05604950483693295 0.2965213848192187 0.05988388904414483 0.3272284268453628
0 0.6431223185035388 0.2599620614886733 0.5554430965427246 -0.024951546124369325 0.5008849732052578 0.018047473300970902 0.5885641951660721 0.3029610809140135
0 0.7359563816986854 0.5598705501618125 0.6526513089975979 0.28688512099676955 0.5974969362992921 0.32999011245954696 0.6808020090003797 0.6029755416245899
0 0.641119743174924 0.5598705501618123 0.5681293785831281 0.32018721870926037 0.5128236521739129 0.3633205930420713 0.585814016765709 0.6030039244946233
0 0.5593911415571283 0.2916198349514563 0.4898887765419615 0.07046816585760514 0.43492041693393624 0.1147104734903577 0.5044227819491031 0.3358621425842089
0 0.5435102633973711 0.5598705501618123 0.53388213321511 0.40875089220185484 0.49784765925176944 0.4146305873786407 0.5074757894340305 0.5657502453385982
0 0.291262084934277 1 0.2800309054123275 0.7891856466100595 0.2570521734074823 0.7923208584142394 0.26828335292943184 1.0031352118041799
0 0.26123098179979776 1.0000000000000002 0.25037915702212626 0.7899277811707844 0.22423957916865953 0.7933859672058937 0.23509140394633105 1.0034581860351093
0 0.2095260470171891 0.5925426019417477 0.2088001994751962 0.5593000632686299 0.1985292348644783 0.5598744152103774 0.19925508240647122 0.5931169538834952
0 0.16989358361474519 0.5974910297009569 0.16882471673329247 0.5587243126822129 0.15217044353310744 0.5599003088712238 0.15323931041456015 0.5986670258899677
0 0.12593187747736775 0.6035004736196519 0.1249268994550528 0.5587408480250309 0.10528071587462082 0.5598705501618123 0.10628569389693578 0.6046301757564333
0 0.7082124716885743 0.7653271512944985 0.7081498191050697 0.6793638207619442 0.6571640493045107 0.6794589886352942 0.6572267018880152 0.7654223191678484
0 0.7868960151668353 0.7799713333333333 0.7751606917948393 0.6648356041995916 0.7309993798215912 0.6763633010180217 0.7427347031935871 0.7914990301517634