0 0.23644794189453125 0.18544269047619052 0.05347124780617071 0.05309363754458215 0.051100077008609926 0.06462425076278508 0.23407677109697048 0.19697330369439348
0 0.5199652685546875 1.1469960423485454e-16 0.47798457275390627 1.0987859678685752e-16 0.47798457275390627 0.020895101648351757 0.5199652685546875 0.02089510164835176
0 0.3554403374509067 0.8782994968817969 0.11262643232434029 0.8685464304927932 0.11120423329944379 0.9930860050057133 0.3540181384260102 1.002839071394717
0 0.2542657457571266 0.8326461459674911 0.20906091715056976 0.6814342624900702 -0.019869062388374298 0.9221564943616115 0.025335766218182593 1.0733683778390324
0 0.1532823018681325 0.7296139786250277 0.10826828848563638 0.5820028075088158 -0.04454488924159228 0.745912239252365 0.0004691241409038316 0.893523410368577
0 0.5260405586969908 0.8174265509147072 0.465886740489923 0.6347039305308126 0.3291195211215919 0.7930719660152791 0.3892733393286597 0.9757945863991737
0 0.06682754312184458 0.5800716688333236 0.004605915110709943 0.5734272728243273 0.001487824218750048 0.6761317225274723 0.0637094522298847 0.6827761185364688
0 0.49604056598127155 0.5943747122159957 0.4512777616119663 0.442129454801169 0.22347320591730374 0.6777160345203957 0.268236010286609 0.8299612919352223
0 0.4190347248836616 0.4730242824301575 0.3745556539188114 0.31819432914147006 0.12232699036632057 0.5730590899860348 0.16680606133117082 0.7278890432747223
0 0.2173608237304688 0.4597069597069597 0.035333692382812525 0.4597069597069597 0.03533369238281253 0.5545862948717949 0.2173608237304688 0.5545862948717949
0 0.9461966711296625 0.5263952728278809 0.9133073138362703 0.513795024021748 0.8702276314761391 0.9093104132817795 0.9031169887695314 0.9219106620879125