0 0.28647925048828127 0.08353972908366539 0.22695019730217586 0.07074961946020197 0.22497466130260155 0.09523529607313974 0.2845037144887069 0.10802540569660314
0 0.22690168994140625 0.08332323027888451 0.18513630519271237 0.0742929028385817 0.18453372021484377 0.08171460876494027 0.22629910496353764 0.09074493620524308
0 0.9841240517578125 0.1307702980079683 0.776123224609375 0.1307702980079683 0.776123224609375 0.18964143426294836 0.9841240517578125 0.18964143426294838
0 0.9886582157808824 0.12424139071625051 0.9886234843749999 0.12283005657370519 0.9859401209253505 0.12300590742223805 0.985974852331233 0.12441724156478337
0 1.0102144146075989 0.10264592768714081 0.9956855374730512 -0.021655617588733973 0.4854820945425006 0.13715201126381932 0.5000109716770482 0.2614535565396941
0 0.3384250443536904 0.5916717705693535 0.2695473144941508 0.5770419753946721 0.26185963821527886 0.6734266796756873 0.33073736807481846 0.6880564748503687
0 0.3461946471292807 0.5100190868301666 0.2842546401367188 0.497034822310757 0.27855149398400064 0.5694852326917459 0.34049150097656256 0.5824694972111554
0 0.4884837133789062 0.5413529625498009 0.36106304833984376 0.5124397633466137 0.35470151995686094 0.587097985058217 0.4821221849959234 0.6160111842614042
0 0.4325897690429688 0.6128247195219125 0.3539606421490466 0.5937834366942335 0.3448628585660187 0.6938284172288639 0.42349198545994093 0.712869700056543
0 0.9893912709960938 0.2518641330677294 0.9090472935309928 0.22810920949849547 0.8927239357131124 0.3751309785560473 0.9730679131782134 0.3988859021252813
0 0.8990976904296875 0.22657892589641454 0.7442891654553935 0.18080742019293924 0.7300821054950839 0.3087680414020321 0.8848906304693779 0.3545395471055074
0 0.7291407329101562 0.18964143426294836 0.6861851396484375 0.18964143426294836 0.6861851396484375 0.2260672701195221 0.7291407329101562 0.2260672701195221