0 0.31128787450440915 0.2766416439871958 0.26362105598958335 0.24610814218750007 0.23440800570392425 0.31177994663780434 0.28207482421875 0.34231344843750006
0 0.24664465832833674 0.27665240121945656 0.20890353125000005 0.25057565000000004 0.1997771112029133 0.26959625503054363 0.23751823828125 0.2956730062500001
0 0.778043366594669 0.5355032725043654 0.7109396992187499 0.5123885125000001 0.7026703053239016 0.546958007765814 0.7697739726998206 0.570072767770179
0 0.7933193058551815 0.47840987463985407 0.7259100117187501 0.44903192500000016 0.7160273633265879 0.481685755478049 0.7834366574630192 0.5110637051179029
0 0.8043169869791665 0.41702012343750017 0.73980958984375 0.3904348031250001 0.7305249070382823 0.4228760236224254 0.795032304173699 0.4494613439349253
0 0.820615012671576 0.353083686293008 0.7555028385416668 0.32849477343750016 0.746561309418877 0.36259028073783517 0.8116734835487862 0.387179193593343
0 0.8337142156389533 0.2920068128858426 0.7654040182291667 0.2677059296875001 0.7575759109352281 0.2993930479016967 0.8258861083450147 0.3236939311000392
0 0.8485494648437499 0.2314909375000001 0.7225745 0.19021295625000015 0.7156534222993173 0.22062895022100135 0.8416283871430671 0.2619069314710013
0 0.8613630885416667 0.1682154593750001 0.7359269075091515 0.12901619978111364 0.7285409375000002 0.16305035625000014 0.8539771185325153 0.2022496158438866
0 0.8738622498249068 0.11319794601363782 0.7471460369978717 0.0705818139883851 0.7389683880208334 0.10559640937500019 0.8656846008478684 0.14821254140025292
0 0.8873912206774245 0.049987845207735006 0.7637227513187402 0.009933383037478372 0.7554559453124999 0.046687696875000115 0.8791244146711842 0.08674215904525676
0 0.8987526393229165 0.006374984375000103 0.815124263563442 -0.019087905522324443 0.8110882760416667 8.881784197001253e-17 0.8947166518011412 0.025462889897324637
0 0.34659677660948973 0.631837589633926 0.22214021197749415 0.6038851186443479 0.18947963496938547 0.8132886246662171 0.31393619960138114 0.8412410956557952
0 0.3229905178620785 0.8714405427999171 0.3209015644044408 0.8102987810453435 0.24743218243877552 0.8139133764662176 0.24952113589641323 0.8750551382207913
0 0.9673341859343311 0.8683671988199573 0.9638034653932911 0.7865212787219777 0.672143646486539 0.8046390762838274 0.6756743670275789 0.8864849963818069