0 0.25425900984113325 0.5201216516216729 0.21917957521238093 0.49379377827073645 0.15270405755874783 0.5823662028209386 0.18778349218750012 0.6086940761718751
0 0.18446750746298538 0.5922049406199487 0.17015652539062506 0.5815661621093751 0.13118028355263978 0.6339958933644265 0.1454912656250001 0.644634671875
0 0.958011501381141 0.9207049194170238 0.955780327389627 0.9202688436062739 0.9491698963209863 0.9540909945017504 0.9514010703125002 0.9545270703125002
0 0.9730722265625001 0.8436469667968752 0.9708410522588368 0.8432108910058628 0.9600054135869618 0.8986512503808628 0.9622365878906252 0.8990873261718753
0 0.9911124627432868 0.6565236013802536 0.8550016734514672 0.6299211893795085 0.7994583249479149 0.9141077888697123 0.9355691142397347 0.9407102008704573
0 0.9369643403933517 0.6870605914404084 0.7444772455914094 0.5154764102025405 0.6125620121007773 0.6634619638330972 0.8050491069027197 0.8350461450709651
0 1.067966472337524 0.6359552772823353 0.8495732231118507 0.4109274756218658 0.7588020938743292 0.49902237635762803 0.9771953431000022 0.7240501780180975
0 0.7194129967676796 0.5357179034644631 0.608581383102638 0.4356497185712805 0.4922469909902191 0.5644971481146883 0.6030786046552606 0.664565333007871
0 0.9952556947690034 0.4280436770875171 0.8082596404751736 0.3848168777179416 0.7850403849617477 0.48526172276716595 0.9720364392555775 0.5284885221367415
0 0.8314070816589725 0.39805708544095914 0.7294137371405419 0.30928079935998853 0.6315217799778602 0.4217469606879178 0.7335151244962907 0.5105232467688884
0 0.662732533203125 0.3691406250000001 0.586563314453125 0.3691406250000001 0.586563314453125 0.4031428320312501 0.662732533203125 0.4031428320312501