0 0.47435874326914157 0.3393358859896173 0.29682351264968215 0.08794476139091228 0.27536565349512393 0.12204076797942007 0.4529008841145834 0.37343189257812504
0 0.383657460046436 0.15695926487046638 0.3313572174479167 0.08960190429687495 0.31421246833898064 0.1195543503639086 0.3665127109375 0.18691171093750003
0 0.44232437239583344 0.23012503320312513 0.3931036151524225 0.1680584377481288 0.37349278832950566 0.2030504397012538 0.42271354557291674 0.2651170351562501
0 0.4289644462578311 0.1506731771652951 0.3798801627604167 0.08375734570312504 0.35883082848175213 0.11849771736595502 0.4079151119791666 0.18541354882812508
0 0.43224341796875 7.262257509060047e-17 0.3571855989583333 6.572862625544384e-17 0.3571855989583333 0.03175662890625007 0.43224341796875 0.03175662890625008
0 0.8750002356770832 1.6653345369377348e-16 0.8104194318176399 -0.020173755961258588 0.7725273423322444 0.25275403240176925 0.8371081461916877 0.272927788363028
0 0.892384757861277 0.10672198829547205 0.8655433891671048 0.09889583792112483 0.8570961156808279 0.1640820195475279 0.8839374843750001 0.17190816992187513
0 0.3004668476226385 0.5737038543862518 0.23588604356229367 0.5535300979514582 0.18138150857760205 0.9461134072450815 0.24596231263794688 0.9662871636798751
0 0.5035774218750001 0.8252527148437502 0.4408166058531237 0.8053061457886742 0.414795901188711 0.9895198554652855 0.4775567172105874 1.0094664245203615
0 0.5128588326498995 0.7631703821769116 0.480802117926193 0.7559750556138563 0.4760646212137936 0.8034648121088199 0.5081213359375001 0.8106601386718753
0 0.3012389245279437 0.8000813632954721 0.27439755583377157 0.7922552129211248 0.2659502823474946 0.8574413945475278 0.29279165104166677 0.8652675449218751
0 0.7052651966328147 0.9808273990335639 0.6865740283219172 0.9658541722775653 0.6744168138020834 1 0.693107982112981 1.0149732267559985
0 0.68288548828125 0.9408562343750002 0.6093750000000001 0.9408562343750002 0.6093750000000001 1 0.68288548828125 1