0 0.2519314453125 0.14304641406250007 0.23705352997162268 0.10350769944731293 0.11762446874999999 0.1484473359375 0.1325023840908773 0.18798605055268713
0 0.6085280630800912 0.01324446462883358 0.49969713454442355 -0.028213087872278025 0.48879341992187497 0.0004104394531250499 0.5976243484575426 0.041867991954236655
0 0.6788657722988768 0.9375076675237495 0.6527478034148624 0.7141611446574024 0.4956782106154179 0.7325287408246175 0.5217961794994324 0.9558752636909644
0 0.5327523548822422 0.9638974036043289 0.49006229066520746 0.7436243735439901 0.4219030428054291 0.7568339919313237 0.46459310702246387 0.9771070219916624
0 0.4885932035785393 0.7360441538856092 0.4576910088418996 0.5765943823161219 0.39458090545779806 0.5888254484721186 0.42548310019443775 0.7482752200416058
0 0.4662912390788372 0.5535801577310088 0.33731644018527795 0.39388944305092344 0.2923639567373872 0.43019548328671675 0.4213387556309464 0.5898861979668021
0 0.6400388036205416 0.7110924858170182 0.3939823101860861 0.31439344357263543 0.27957122837313253 0.3853580454573948 0.525627721807588 0.7820570877017775
0 0.32960946679687503 0.3887337402343751 0.32171507939734095 0.3482407957474721 0.22332405806012945 0.3674228248370829 0.2312184454596635 0.40791576932398593
0 0.3005935353348263 0.3471046568076408 0.29911333103945514 0.3395121957924422 0.2233976283919694 0.3542735107417721 0.22487783268734057 0.36186597175697066
0 0.9668250732153716 0.6603738021340222 0.9409524198509962 0.5392856711063083 0.7901934506823283 0.5714980317874617 0.8160661040467037 0.6925861628151757
0 0.918388708984375 0.9265811933593752 0.9036495187701918 0.844607336797857 0.6434639347858169 0.8913896278134821 0.658203125 0.9733634843750001