0 0.2371506972292773 0.1600815451824234 0.11714798335805557 0.11436685858342875 0.05362686561482609 0.4108028458163164 0.17362957948604785 0.456517532415311
0 0.09450374819358266 0.10839357840168422 0.005143819851607655 0.06069178794540228 -0.04998961142259517 0.24430360426543443 0.03937031691937984 0.29200539472171644
0 0.3206004050408566 0.32901512238374747 0.25829502857686937 0.2963545582278977 0.22671955678623318 0.40343968715482287 0.2890249332502204 0.43610025131067265
0 0.9576248095703125 0.3657553463541668 0.82904485546875 0.3657553463541668 0.82904485546875 0.4192708333333335 0.9576248095703125 0.4192708333333335
0 0.04783563671875003 0.48836828255208337 0.034192601603499295 0.484926198390731 0.03196841894531255 0.5005986679687501 0.045611454060563286 0.5040407521301024
0 0.27166964947162553 0.46135093789966636 0.040457329745931164 0.40301697394966934 0.006140384765625076 0.6448277070312499 0.23735270449131946 0.703161670981247
0 0.32400602742651685 0.4328104485866116 0.18237333409427173 0.3970770804764771 0.16426165894759093 0.5246991120808157 0.305894352279836 0.5604324801909502
0 0.12077924804687502 0.4192708333333333 0.03594189941406254 0.4192708333333333 0.03594189941406254 0.48501292578125005 0.12077924804687504 0.48501292578125005
0 0.7298967128633352 0.4571667841146045 0.6814940739810151 0.44002310695228114 0.6358549564694822 0.6690992020593803 0.6842575953518023 0.6862428792217036
0 0.8836791367187502 0.604092377604167 0.8366696489889707 0.5871735908730105 0.8097602606649196 0.7200958157043188 0.8567697483946991 0.7370146024354752
0 0.8912129611850973 0.5690620667948745 0.8669700171735342 0.5627119216699966 0.862920992012239 0.5901927397143317 0.8871639360238022 0.5965428848392097
0 0.7289129052734376 0.5864007773437502 0.7087492115104497 0.5796996149056458 0.7015780380859377 0.6180604140625002 0.7217417318489255 0.6247615765006046