0 0.215256779296875 0.13822722265625 0.21179171931895435 0.12192539831656501 0.10990198046875001 0.14358273242187503 0.11336704044667067 0.15988455676156
0 0.521973252476656 0.2368782712034505 0.509765625 0.173602408203125 0.40802594231858746 0.19323074809256263 0.4202335697952435 0.25650661109288814
0 0.2941759808658939 0.761203172509453 0.289915271484375 0.7570484550781251 0.2573580347591062 0.7904362669436722 0.2616187441406251 0.7945909843750001
0 0.3608513481354099 0.8662061229178435 0.3565900449218751 0.8620508261718751 0.32403377295834024 0.895437646613407 0.32829507617187503 0.8995929433593752
0 0.11501933102049944 0.5218854574419673 0.10907290812584475 0.5158587966500775 -0.005946422894654635 0.6293467806143602 5.551115123125783e-17 0.63537344140625
0 0.25547889420722836 0.7284842153509036 0.251269466796875 0.7242179882812502 0.22898537727714674 0.7462053920709717 0.23319480468750003 0.7504716191406251
0 0.3612216429831092 0.767217427314961 0.35696043066437066 0.7630619228760885 0.32440391658751144 0.7964466107955026 0.32866512890625 0.8006021152343751
0 0.3311350979821187 0.7235354099148554 0.3268738867187502 0.7193799062499999 0.2943173727210065 0.7527645920382695 0.29857858398437503 0.756920095703125
0 0.38892213042552665 0.9082700665986105 0.3846609179445319 0.9041145625248341 0.3521044066596303 0.9374992517855986 0.35636561914062503 0.941654755859375
0 0.3994734417871527 0.8280994437121294 0.3952128232424956 0.8239445185792137 0.36265534629909285 0.8573301959608343 0.36691596484374994 0.86148512109375
0 0.45702778545808553 0.9204513559995355 0.45276716796874994 0.9162964316406252 0.42020969110441453 0.9496821068910899 0.4244703085937501 0.9538370312500002
0 0.4183538787567512 0.9586714411206962 0.41414472070312497 0.9544046660156251 0.40035007234390685 0.9680130362269197 0.40455923039753305 0.9722798113319908
0 0.29243824711917066 0.6908125987494271 0.288228742805244 0.6865465281973189 0.2659451402173233 0.7085346599166419 0.27015464453125 0.7128007304687501
0 0.07595096507954419 0.4617716355384347 0.0712861384936413 0.4571556486041268 -0.0046648265859028926 0.5339102161906921 0 0.5385262031250001
0 0.42754398372479885 0.8701612554132897 0.42328336523437504 0.8660063300781251 0.3907258893220762 0.8993920043523354 0.3949865078125 0.9035469296875
0 0.32224676112339834 0.8032671185413429 0.31798614355499555 0.7991121943604635 0.28542866758784724 0.8324978707409957 0.28968928515625003 0.8366527949218749
0 1.0188459901181628 0.8969949419742776 0.9838737691532324 0.7248058872991903 0.6914104270919947 0.7842062518694444 0.7263826480569251 0.9563953065445318