0 0.7165321375 0.50068105625 0.48262740312499997 0.50068105625 0.48262740312499997 0.559375 0.7165321375 0.559375
0 1.0272160190031467 0.5363165564506959 0.999243849427236 0.42412630809301693 0.7710706716118509 0.48101626881561044 0.7990428411877616 0.5932065171732894
0 1.0302402368832124 0.2779091246152102 1 0.15662215937500004 0.7022581724917875 0.23085753475978982 0.732498409375 0.35214449999999997
0 0.6892431124712447 0.4370048202495743 0.6408587336655028 0.24294567371062467 0.4134454774442581 0.2996461659610504 0.46182985624999995 0.49370531250000005
0 0.621949900497183 0.18002636151065948 0.587173723651927 0.04054673634611143 0.39334882315474407 0.08887271233545196 0.428125 0.2283523375
0 0.05898421425667498 0.8070497989718921 0.05594955516115344 0.783326793828383 -0.0027735149406820534 0.7908386793472479 0.00026114415483948774 0.8145616844907572
0 0.22266481083701867 0.8120798551304134 0.20977849987229263 0.7179999512244033 0.13590700630679237 0.7281182761587572 0.14879331727151834 0.8221981800647672
0 0.05366248437500008 0.744524075 9.154549940555971e-17 0.744524075 9.358731474356561e-17 0.7778694500000001 0.05366248437500008 0.7778694500000001
0 0.1310340027210268 0.7894057296466428 0.11934090112854893 0.6924306050848413 0.06277267753550382 0.6992515087791484 0.07446577912798169 0.7962266333409499
0 0.049905120627412355 0.7239845474671871 0.04677706298880464 0.7007271690977847 -0.0027696068026277997 0.707391068891089 0.0003584508359799177 0.7306484472604915
0 0.20022850818712948 0.6999373623490125 0.18137002091684667 0.5597095988139302 0.1577703338823432 0.5628833954024459 0.176628821152626 0.7031111589375282
0 0.16226681172604523 0.7052143616124102 0.14533192138998963 0.5647546892063204 0.12147242861131394 0.567631371792569 0.13840731894736957 0.7080910441986588
0 0.5784260185557825 0.9283570188734428 0.5595259182142186 0.8525528572260981 0.4092248996584362 0.8900271102276553 0.4281250000000001 0.9658312718750001
0 0.5299684788013157 0.8502601490945656 0.511068380334053 0.7744559881264914 0.4092249015327372 0.7998484171569259 0.428125 0.875652578125