0 0.20656502439077437 0.3420511278454226 0.19592956283730426 0.32690828148970347 0.17618212308194658 0.3581145716130309 0.18681758463541667 0.37325741796875
0 0.7430199361979168 0.4307412363281251 0.6764269338630694 0.4212785215511543 0.6747267526041667 0.4481994843750001 0.7413197549390141 0.4576621991519709
0 0.8694216106770836 0.4403438652343752 0.7742076715403119 0.4268141795423805 0.7719842914236822 0.46201956153162266 0.8671982305604539 0.47554924722361736
0 0.95513622265625 0.9620652656250002 0.8350190664062499 0.9620652656250002 0.8350190664062499 1 0.95513622265625 1
0 0.8379848750000001 0.9462394511718752 0.6521543268229167 0.9462394511718752 0.6521543268229167 1 0.8379848750000001 1
0 0.6356339947234516 0.9434071867190437 0.30994836383131924 0.9165532147908265 0.3079135174058835 0.9720802164618766 0.6335991482980158 0.9989341883900937
0 0.6605712830483017 0.8552503465641562 0.31082894258217586 0.8246792695490439 0.3076213909450893 0.9072438251377671 0.6573637314112152 0.9378149021528794
0 0.9817034570312502 0.8788016718750002 0.8544893612316065 0.8676818536378023 0.8511651639780667 0.9532489611577507 0.9783792597777105 0.9643687793949487
0 0.8676362552083333 0.8673244609375003 0.6727687959067034 0.8502910396869482 0.6692696210937501 0.9403621660156252 0.8641370803953801 0.9573955872661772
0 0.3610937955729167 0.7778593339843751 0.31071660853342314 0.7734558511092685 0.3093169451680191 0.8094841465722222 0.3596941322075127 0.8138876294473288
0 0.8801551080729166 0.8141931621093751 0.699215033943732 0.798377139770163 0.69752377734375 0.8419112343750002 0.8784638514729347 0.8577272567142122
0 0.9977282421875001 0.8229636972656252 0.8799620860216043 0.812669725966087 0.8781541835093168 0.8592063713140008 0.9959203396752127 0.869500342613539
0 0.6745906784708434 0.7947181542648014 0.35846930860705734 0.7670858943708943 0.3566614057046143 0.813622539388871 0.6727827755684004 0.8412547992827781