0 0.42149083593750014 0.27495083281250005 0.3584792595968917 0.25351820403954406 0.3507270078125 0.2763096968750001 0.4137385841531084 0.2977423256479561
0 0.3376298750000001 0.4723259906250001 0.27348045842648055 0.4559689195573223 0.2677554890625001 0.4784211937500002 0.3319049056360196 0.494778264817678
0 0.8004920332382458 0.3499206444977479 0.7667066787817756 0.29736163040544455 0.7411480834205474 0.31379089983907804 0.7749334378770177 0.3663499139313814
0 0.8356551974839924 0.32016221976301434 0.8003025115182021 0.26854396505629646 0.7658380056984708 0.29214826663785576 0.8011906916642613 0.34376652134457364
0 0.7625628348550337 0.2796781886367947 0.7477325586688627 0.26237137690651036 0.7229659049929641 0.2835940214897475 0.7377961811791349 0.30090083322003186
0 0.9500414124387753 0.22650648455085368 0.9152372736888588 0.17493927682398924 0.8894311433336846 0.19235654995301316 0.9242352820836011 0.24392375767987756
0 0.7995919671512166 0.25955045774506347 0.7565055914354206 0.19512688419785604 0.7223591272739401 0.2179639809812164 0.7654455029897361 0.28238755452842385
0 0.968384187914474 0.20946166735029412 0.9343726955164809 0.15980168008362755 0.9172868831216962 0.17150353524638198 0.9512983755196892 0.22116352251304855
0 1.0008364062861381 0.18470256464907645 0.9674041812783415 0.13269290443677742 0.9418455867306348 0.14912217315943513 0.9752778117384316 0.20113183337173415
0 0.9134230362850086 0.16638720075834912 0.8749675629513881 0.1112646664639215 0.8486395489909876 0.129632041109171 0.887095022324608 0.18475457540359863
0 0.9385130306490777 0.14537623442914457 0.9025361551880879 0.0894099261877003 0.8769780309120486 0.10583947966349397 0.9129549063730383 0.16180578790493824
0 0.9699963731139356 0.11855923485581048 0.9327347430494795 0.06443291871546171 0.9066813473477808 0.08236859329642407 0.9439429774122369 0.13649490943677284
0 0.9963626594107268 0.09683962288125665 0.9591807437500002 0.04209953906250004 0.9335151454359145 0.059532762494456645 0.9706970610966412 0.11427284631321326
0 0.9753901781250001 0.06011247812500002 0.9714372874999999 0.0323517109375 0.961407022525842 0.03377993300769082 0.9653599131508421 0.061540700195190846
0 0.26251899319931127 0.6213084380138041 0.18217174513757123 0.44852760036155137 0.11516467656249993 0.4796875 0.19551192462423997 0.6524683376522528
0 0.28914063345815055 0.750815981941731 0.1946904859375 0.4996182124999999 0.11887705493075355 0.5281239980352288 0.21332720245140413 0.77932176747696