0 0.5253451130764417 0.32412470628021006 0.459810248566675 0.3206901717998828 0.4594831698652334 0.3269312092696728 0.5250180343750002 0.3303657437500001
0 0.5343673249373405 0.27139903379919017 0.4375000000000001 0.26632243437500003 0.4350467424941238 0.3131333942558071 0.5319140674314642 0.31820999367999725
0 0.7790610597592682 0.18552313041359142 0.5879338448085345 0.14328518191062142 0.526185046206159 0.42269922358918305 0.7173122611568927 0.4649371720921531
0 0.5555313872475557 0.1661127845288453 0.4374999999999999 0.15992702187500002 0.4322664045521881 0.2597899758171023 0.5502977917997438 0.2659757384709475
0 0.5670198763503108 0.12603432079045898 0.4577945712261721 0.12031006559099644 0.4559955542508615 0.15463735730053757 0.5652208593750002 0.1603616125000001
0 0.45532829400341346 0.10766285141455359 0.4375 0.10672851562500005 0.4352102941862023 0.15041896277057942 0.4530385881896157 0.15135329856013297
0 0.614294575 6.440384298171503e-17 0.4375 5.357829746269671e-17 0.4375 0.10829089375000008 0.614294575 0.10829089375000009
0 0.8458733625000001 9.992007221626409e-17 0.636785105368648 -0.010957857011187178 0.6287800622406416 0.1417873845253054 0.8378683193719938 0.15274524153649266
0 0.30834255242388603 0.842676043573779 0.1084578408634382 0.8271834341669212 0.09560295843145292 0.9930363514891292 0.2954876699919008 1.008528960895987
0 0.2484460102429961 0.5481947833232323 0.13297966956864454 0.5421434521912538 0.13052641245064844 0.5889544126180215 0.245992753125 0.59500574375
0 0.3775408781250001 0.428125 6.243409045379647e-17 0.428125 9.745133486691608e-17 1 0.3775408781250001 1
0 0.25786849062500006 0.428125 0.1392808347630093 0.4219100834903483 0.13347033024118096 0.5327810999471301 0.25205798610317176 0.5389960164567817