0 0.16363078132579145 0.4551152093629958 0.15685228125 0.41231743749999994 0.06467009326716103 0.4269176594514742 0.07144859334295249 0.4697154313144701
0 0.34470800727819173 0.42643539358715044 0.33584355000000005 0.370467415625 0.20086050612757606 0.3918466304770458 0.2097249634057678 0.44781460843919624
0 0.8404210187500001 0.3620893000000001 0.7729248956259795 0.3486936288489899 0.7679895093750001 0.37356132187500013 0.8354856324990207 0.38695699302601033
0 0.8451140531250003 0.39171995000000015 0.7644340909650577 0.374024280497141 0.7567432250000001 0.4090892875000002 0.8374231871599427 0.42678495700285934
0 0.7600062406250001 0.3444517937500001 0.7231858687645384 0.33608483488756347 0.7182481149497516 0.35781434672155854 0.7550684868102133 0.3661813055839951
0 0.8653068261852569 0.3671090835779547 0.8508190249999998 0.36381519062500006 0.8465650831897429 0.38252565392204546 0.861052884375 0.3858195468750001
0 0.956842720374422 0.9998221524543659 0.955504865863826 0.9117408169338501 0.8057035793327504 0.9140161267448829 0.8070414338433464 1.0020974622653986
0 0.8021804674822736 0.9980445695882654 0.7913561821828117 0.9297027038469512 0.6524627031874296 0.9517012639765732 0.6632869884868915 1.0200431297178874
0 0.6211384778331825 0.9936448802736259 0.6056472360527538 0.8958370371602069 0.5192245063671217 0.9095250539722357 0.5347157481475503 1.0073328970856548
0 0.5177347656250001 1 0.503792075 0.911969309375 0.4144753351868598 0.9261156901656851 0.4284180258118598 1.014146380790685
0 0.945194051088383 0.9021734256769612 0.9300394328764352 0.8064909205865417 0.7880588355517633 0.8289784353514026 0.8032134537637111 0.9246609404418221
0 0.792976693482386 0.9199539741191602 0.7787998517591701 0.8304449169031122 0.6368192563563391 0.8529324337131208 0.6509960980795549 0.9424414909291687
0 0.6093764243742392 0.8794268291781551 0.5864000831344922 0.734359904921441 0.49689023433544366 0.748536870765741 0.5198665755751907 0.8936037950224552
0 0.5016417619227338 0.8987602368987592 0.48187258739423877 0.7492296322380396 0.39396482274514516 0.760851761003592 0.41373399727364024 0.9103823656643117
0 0.3990999332454067 0.9103057002495429 0.37948250038728437 0.763977646953146 0.3491325671418776 0.7680465029536031 0.36875 0.9143745562500001
0 1 0.6781250000000001 0.61229623125 0.678125 0.6122962312500001 0.8215787406249999 1 0.8215787406249999
0 0.5840968117549281 0.7282065988953589 0.5833148082641146 0.6767385746449761 0.4920664000000001 0.6781250000000001 0.4928484034908137 0.7295930242503829
0 0.48121709651286093 0.7297334451639643 0.47430217930078966 0.6680559626944641 0.384491578125 0.678125 0.3914064953370712 0.7398024824695002