0 0.3540865655377746 0.1470891248310035 0.31565077801636854 0.1356837467594447 0.2921366860965071 0.2149255426140107 0.3305724736179132 0.2263309206855695
0 0.26857047458773214 0.12227385231298912 0.23044844730576186 0.11082978440347482 0.20814751780888865 0.18511776044618064 0.24626954509085897 0.19656182835569494
0 0.9189776354265485 0.3139083500528218 0.8380529543269231 0.23993640865384633 0.8241107842695139 0.25518902531354914 0.9050354653691394 0.32916096671252465
0 1.0236891169997713 0.3935636395501625 1 0.3753435721153847 0.9388269695386902 0.45487868256522235 0.9625160865384615 0.4730987500000001
0 0.22689208745605563 0.848096966506286 0.02070826483349341 0.7407005032804214 -0.021664893746771573 0.8220501078227707 0.18451892887579066 0.9294465710486353
0 0.4720914025445492 0.9563574307534435 0.2611407369037233 0.858145439149179 0.22537057692307702 0.9349765769230769 0.4363212425639029 1.0331885685273414
0 0.2551529400260986 0.7787908161361122 0.05072232932692321 0.6801382908653846 0.018944236789188072 0.7459897715701744 0.22337484748836348 0.8446422968409019
0 0.5133636812014354 0.891239975136741 0.30194583894230786 0.795312670673077 0.2748426577408725 0.8550464046709513 0.4862605 0.9509737091346153
0 0.25896699441483073 0.724732294866469 0.0571707686082901 0.6247976565595832 0.03488494951923095 0.669799012019231 0.23668117532577157 0.7697336503261167
0 0.5085851285525874 0.8287326699575351 0.2897159110576924 0.7319838317307692 0.270229236719832 0.7760673912036871 0.4890984542147271 0.872816229430453
0 0.8964284567307692 0.7204148822115386 0.8796529302884615 0.523573389423077 0.719252231140139 0.5372433028737895 0.7360277575824468 0.7340847956622512