0 0.28220728754448904 0.3485475970515008 0.2772828695675214 0.305060106348753 0.22263805467928238 0.31124795265662725 0.22756247265624996 0.354735443359375
0 0.533712197098028 0.864222845552703 0.24082217597850156 0.8072907909199728 0.21138094361458248 0.9587527963662995 0.5042709647341089 1.0156848509990297
0 0.5643553515625002 0.9843537773437501 0.5471003085937501 0.9809997363281251 0.5434070310042168 0.9999999999522247 0.5606620739729669 1.0033540409678496
0 0.53943085546875 0.9795089453125001 0.5212060902831026 0.9759664111552321 0.516643543769268 0.9994386869814609 0.5348683089549154 1.0029812211387288
0 0.8344168929220981 0.9871065236210359 0.8248303216284416 0.9852430838605191 0.8219618691406251 1.0000000000000002 0.8315484404342816 1.0018634397605168
0 0.5667486054687502 0.9310974628906251 0.5475760511972005 0.9273706962441173 0.5408678754159505 0.9618812724159921 0.5600404296875001 0.9656080390624999
0 0.5418782753906252 0.9362114394531251 0.5195312500000002 0.9318676171875002 0.5146864184470815 0.9567921115857065 0.5370334438377065 0.9611359338513317
0 0.7185828946371923 0.9586215053143506 0.6917417706759773 0.9534041194328974 0.68391564453125 0.9936660488281251 0.7107567684924649 0.9988834347095784
0 0.5920452612550144 0.9340250815793592 0.5728730990456804 0.9302983906873541 0.5657922725811282 0.9667260841796628 0.5849644347904621 0.9704527750716678
0 0.8784593809871639 0.9857187298113343 0.8669561834983908 0.983482734356464 0.8638179876029958 0.9996273499747823 0.8753211850917689 1.0018633454296526
0 0.8631214572659578 0.9827373386362831 0.8420316875000002 0.9786379023437501 0.8378793160376845 0.9999999999283582 0.8589690858036421 1.004099436220891
0 0.7699220898437502 0.960642109375 0.7277430426454592 0.9524433336871567 0.7191715214843751 0.9965399902343751 0.7613505686826662 1.0047387659222184
0 0.8228057551221932 0.9649524820651444 0.7787090975431088 0.9563809609155077 0.7702304160156253 1.0000000000000002 0.8143270735947097 1.0085715211496369
0 0.8952342283131196 0.9710724274341483 0.8741444586841483 0.9669729923900054 0.8715357186522787 0.9803937993308572 0.8926254882812501 0.9844932343750001
0 0.6003515835875651 0.9117634947989004 0.5715933424781717 0.9061734554794099 0.5682392999062316 0.9234284977898845 0.596997541015625 0.929018537109375
0 0.993758921315238 0.9862445801649702 0.9630830716035141 0.9802817992747245 0.9597290312001736 0.9975368420532106 0.9904048809118975 1.0034996229434563
0 0.9618033140986235 0.9561568666619302 0.9407135448185735 0.9520574307072216 0.9328874180311042 0.9923193618918198 0.9539771873111542 0.9964187978465284
0 0.933417327648889 0.9486491264520545 0.9123275577206634 0.9445496902654478 0.9016215633133973 0.9996272542582187 0.9227113332416228 1.0037266904448254
0 0.90338338671875 0.9905634648437501 0.886128342124336 0.9872094254652531 0.8836421074218751 1 0.9008971520162891 1.003354039378497
0 0.5695145099095584 0.8759240305095277 0.531169599609375 0.8684705351562502 0.5225980779664896 0.9125671922217156 0.560942988266673 0.9200206875749932
0 0.8378739296875001 0.9181395410156251 0.8167846503906251 0.9140401992187501 0.8145486544032862 0.9255433980785353 0.8356379337001612 0.9296427398754102
0 0.8130973502569475 0.9122212941271665 0.7565327045813004 0.9044532068649559 0.7506072073305236 0.9476007206773628 0.8071718530061707 0.9553688079395734
0 0.570578783497022 0.8602134565306638 0.5195312500000001 0.8502908203125 0.5180405543936033 0.8579597837037113 0.569088087890625 0.8678824199218751
0 0.6122233710937501 0.8404530644531251 0.5815475214843752 0.8344902832031251 0.5755847402021731 0.8651661329781659 0.6062605898115481 0.8711289142281659
0 0.9354378371019865 0.8973104212684325 0.864500056640625 0.883521513671875 0.8563011849709117 0.9257010521497604 0.9272389654322731 0.9394899597463179
0 0.7750812500000002 0.8522123632812502 0.7654951702612041 0.8503490177855543 0.7587869921875001 0.8848595957031251 0.7683730719262962 0.886722941198821
0 0.7597433253340118 0.8492309731636012 0.7252327488182224 0.8425227963547199 0.7192699672130047 0.8731986471404907 0.753780543728794 0.8799068239493719
0 0.8471369785156253 0.8602499179687502 0.7819510428063601 0.8475790568885196 0.7722615721421718 0.8974270670413621 0.8374475078514371 0.9100979281215926
0 1 0.8826641191406253 0.941135908203125 0.8826641191406253 0.9411359082031251 0.9667534472656252 1 0.9667534472656252
0 0.9261164650718365 0.8736119109359711 0.9165303847656252 0.87174856640625 0.9142942946937886 0.883252257032779 0.923880375 0.8851156015625001
0 0.912696150390625 0.8710032675781251 0.8916063806439778 0.866903830036256 0.8893702890625002 0.8784075195312501 0.9104600588091474 0.8825069570731191
0 0.8877721451712984 0.866158531374413 0.8666823750000001 0.8620590957031252 0.8644462845162018 0.8735627850318374 0.8855360546875001 0.8776622207031252