0 0.31002569951923076 0.3686960480769231 0.23079253605769237 0.3266312980769231 0.21945051800143395 0.34799512338517385 0.29868368146297236 0.39005987338517384
0 0.29803809615384613 0.33594681971153845 0.26367600240384614 0.31720508413461534 0.2537827646063083 0.33534387193763127 0.28814485835630826 0.3540856075145543
0 0.3957041330813669 0.6675727089420721 0.29275707672944135 0.6048669187101775 0.2727686658653848 0.6376828365384617 0.3757157222173103 0.7003886267703563
0 0.3993459209675339 0.6332318914868285 0.3293824086538461 0.5910646682692309 0.31945956460938923 0.6075285700516333 0.389423076923077 0.6496957932692309
0 0.7367642115384616 0.44911742788461545 0.3958330504807692 0.4491174278846154 0.39583305048076933 0.6778846153846154 0.7367642115384616 0.6778846153846154
0 1.01313648066227 0.6589501519568493 0.981569718275051 -0.009778063016692741 0.5097296135888327 0.012494758939802234 0.5412963759760518 0.6812229739133444
0 0.1441695504807693 0.928441 0.05402121576534473 0.9010335816442298 0.023932872596153978 1 0.11408120731157853 1.0274074183557702
0 0.8708518221153846 0.9454084543269233 0.778823218357151 0.9277853110571971 0.7649943677884615 1.0000000000000002 0.8570229715466952 1.0176231432697267
0 0.7348976995192308 0.918266014423077 0.675719203655352 0.9066414377135962 0.6573805528846155 1 0.7165590487484942 1.011624576709481
0 0.6311164903846156 0.8995907956730773 0.5710299361027731 0.8875305078458849 0.5484555937500002 1.0000000000000002 0.6085421480318427 1.0120602878271927
0 0.5266271475750528 0.8778258792398043 0.4633687008694064 0.8666503037013058 0.4398104302884616 1 0.503068876994108 1.0111755755384986