0 0.35620786718749997 0.12985356250000019 0.29306292187499994 0.07160794062500013 0.2832473569552919 0.09884941256214944 0.34639230226779194 0.15709503443714948
0 0.34740250585937493 0.08676162812500006 0.32003174999999995 0.06085322812500009 0.31148405025348036 0.08397043827608419 0.33885480611285534 0.10987883827608416
0 0.3773673542939626 0.4799965378535238 0.33548883612794117 0.43590519666802807 0.318327623046875 0.4776330406249999 0.36020614121289646 0.5217243818104956
0 0.76465064453125 0.39757678750000014 0.372371244140625 0.3975767875000001 0.372371244140625 0.5000000000000001 0.76465064453125 0.5000000000000002
0 0.7686541033030047 0.28069660333015906 0.36970687322374607 0.2771832354574855 0.3694232512844261 0.35962962007361865 0.7683704813636847 0.3631429879462922
0 0.7736767421314046 0.11518571432277883 0.3691433868409613 0.11106923527685278 0.36854113840802694 0.2625802027888329 0.7730744936984701 0.2666966818347589
0 0.7714537324734343 0.016862821993986594 0.36914182610231705 0.011890586028285266 0.36874910210071393 0.09323702849451193 0.7710610084718311 0.09820926446021325
0 1.003882543465721 0.0020283070082554922 0.8497867679225741 -0.002124398785009876 0.844792248335633 0.4723286646576212 0.99888802387878 0.47648137045088657
0 0.197512177293333 0.9961097104327692 0.19593386009807334 0.8392260803292192 -0.0015562583316050729 0.8443123805824106 0.000022058863654592434 1.0011960106859605
0 0.46672668579175147 0.6670631361698028 0.46604057301962 0.5401001885451879 0.3684545122278685 0.5414502273753852 0.369140625 0.6684131750000001
0 0.5868105549252516 0.6771221361883808 0.586039996182486 0.5345331777747354 0.48268291015625 0.535963059375 0.4834534688990155 0.6785520177886454
0 0.5859197058453939 0.524767755638681 0.5857930388433912 0.5013284396190312 0.4819517753884385 0.5027650152204002 0.48207844239044123 0.5262043312400501
0 0.46530629492187503 0.530343209375 0.465158516528819 0.5029973364960336 0.368992846606944 0.5043277271210336 0.369140625 0.5316736000000001