0 0.31645286327503974 4.487132440490075e-17 0.3034528926868045 4.393369198723575e-17 0.3034528926868045 0.016302610486891432 0.31645286327503974 0.016302610486891432
0 1.0124960338170277 0.45056817096346097 0.9998377244971336 0.30098874453059954 0.8915560893695154 0.31370260446181547 0.9042143986894094 0.46328203089467684
0 0.894658707379636 0.4644040097897715 0.8794038278562292 0.2841416742719951 0.5095668249942545 0.32756598426799505 0.5248217045176614 0.5078283197857715
0 0.6548498108108107 0.2853301722846442 0.6543629430444539 0.27957700399698127 0.6237798373210834 0.2831679122366817 0.6242667050874402 0.28892108052434456
0 0.6498794912559619 0.27429359082397015 0.648562756731553 0.26490672946624133 0.6029015034700489 0.2737935093552122 0.6042182379944577 0.28318037071294105
0 0.741243266821839 0.1312747866128041 0.6823173090304576 0.07937308827377026 0.5753862611726116 0.24781403769776744 0.6343122189639931 0.2997157360368013
0 0.8203841374210412 0.09135751477905121 0.8201679883756829 -0.0001678963956455865 0.7061855836434852 0.0002055843568966336 0.7064017326888434 0.09173099553159343
0 1 1.3513444363231505e-16 0.7008506828298887 1.1355807962462393e-16 0.7008506828298887 0.3008613436329589 1 0.3008613436329589
0 0.17512625119236883 1 0.09654032400329078 0.7431364052835616 0.05540896191025923 0.7605959974125074 0.13399488909933727 1.0174595921289458
0 0.34888864692837124 0.7267898851958421 0.3394276629570747 0.6954222490636706 0.22117451682361597 0.7449086644296262 0.2306355007949125 0.7762763005617979
0 0.7360244963237319 0.8132492328773573 0.6889378495784677 0.6044299228311337 0.6407263748183555 0.6195132204430288 0.6878130215636196 0.8283325304892522