0 0.4874708312499999 0.42670538750000003 0.482366591808301 0.41794111937461925 0.4443571817325833 0.4400774948584261 0.4494614211742823 0.4488417629838069
0 0.9692911875 0.03362283593749993 0.8057882849182283 -0.11010329576482451 0.690327097611609 0.021245395225267406 0.8538300001933807 0.16497152692759184
0 0.964432654553055 0.3809244866309892 0.9260629249057611 0.34976511026934876 0.8628350890424237 0.42762401668977257 0.9012048186897175 0.458783393051413
0 0.27889702500000013 0.6980172687499999 0.24263069173163282 0.6729658738531794 0.23556809374999998 0.6831902359375002 0.2718344270183673 0.7082416308343206
0 0.34566053124999996 0.7063747765625001 0.3204459064429665 0.6814860655338381 0.28148842812499997 0.7209536859375001 0.3067030529320335 0.7458423969661621
0 0.22150328281250015 0.9060764156250002 0.19189201522432864 0.8898075364269701 0.16838980295118938 0.9325843182853173 0.1980010705393609 0.9488531974833474
0 0.1217672761313692 0.8902647300624121 0.10446944709590515 0.8778611384317964 0.07902367130378271 0.9133473663273076 0.09632150033924676 0.9257509579579233
0 0.15912913819988303 0.9384796158769344 0.10990147031250017 0.9120565406250002 0.10456695979889377 0.9219950322427138 0.15379462768627664 0.948418107494648
0 0.39071920156250006 0.9716092234375001 0.3804333323881188 0.963078906067546 0.3629724230075976 0.9841332961640227 0.37325829218197887 0.9926636135339768
0 0.22069802465817262 0.9824796637963125 0.1800139140920371 0.9590354987335011 0.17505735625000027 0.9676369203124999 0.2157414668161358 0.9910810853753113
0 0.5181823985764799 0.8262517618176473 0.5060415503079263 0.8108380546077193 0.4676975751689465 0.8410402881025719 0.4798384234375 0.8564539953124999
0 0.99219468125 1 0.9861356950674358 0.8938348192001946 0.9284459247895052 0.8971272500928469 0.9345049109720694 1.0032924308926523