0 0.41990608537884855 0.0187617206166312 0.3861472812528954 -0.004496536477829466 0.33434619737411997 0.07069149833807864 0.3681050015000732 0.0939497554325393
0 0.10783270442551832 0.9686377003127399 0.10165062500000013 0.967409345703125 0.10110723818717943 0.9701441100857733 0.10728931761269761 0.9713724646953882
0 0.2808278797200974 0.8641310000267332 0.15538434601512746 0.8516610461758721 0.1417219091275187 0.9891005573962303 0.26716544283248866 1.0015705112470914
0 0.49079614302310276 0.8354461399409695 0.29964428470240445 0.8164443212008063 0.28141725372891996 0.9998020771026804 0.47256911204961827 1.0188038958428436
0 0.5001298582233277 0.7907228516456144 0.40926397917550406 0.7726681937010793 0.39948234136925065 0.8218974352919827 0.49034822041707427 0.8399520932365178
0 0.5041562704221392 0.7010477689427096 0.3946420565869569 0.6901613023407317 0.3857160355625836 0.7799540891925232 0.49523024939776594 0.7908405557945011
0 0.43917655127709154 0.7304014829019743 0.3401306636519468 0.6535608561903542 0.19135996466178284 0.8453230341511664 0.2904058522869276 0.9221636608627863
0 0.5346256017423542 0.5502433394468291 0.38854722322576335 0.5212181970939085 0.3575721543975978 0.6771102087106201 0.5036505329141887 0.7061353510635408
0 0.32292609093880464 0.44644463631139786 0.2717717918397042 0.35048337735452906 0.22783671528495528 0.3739039542774898 0.2789910143840557 0.4698652132343586
0 0.509765625 0.32198445117187513 0.486436421875 0.32198445117187513 0.486436421875 0.3576716894531251 0.509765625 0.3576716894531251
0 0.4632419074346493 0.31715554289675 0.3359755999199215 0.29186827926413694 0.3256506054796845 0.34383214283632474 0.45291691299441234 0.3691194064689378
0 0.32009271066264866 0.2887124180223002 0.21457627247414898 0.2677467589247576 0.19936050115067938 0.3443250332768102 0.30487693933917903 0.36529069237435285
0 0.848432183949857 0.721340369885535 0.7771051443884645 0.7177016467895762 0.7649202680814077 0.956552235714398 0.8362473076428002 0.9601909588103568
0 0.7195527514321156 0.5968031072068751 0.5097656250000001 0.5792217695312502 0.49791524592902003 0.7206249447787687 0.7077023723611355 0.7382062824543936