0 0.018112033653846178 0.2072153629807692 2.5376563100855595e-17 0.2072153629807692 3.0645086656842445e-17 0.29325688221153845 0.018112033653846185 0.29325688221153845
0 0.17127688037809893 0.21607398701833802 0.02370996875000003 0.20885992307692308 0.01958504486717407 0.2932370900985708 0.16715195649527295 0.30045115403998574
0 0.36513570671609596 0.9509893066929297 0.35873869567016947 0.9253322998380653 0.24678149616561196 0.9532463681451357 0.25317850721153845 0.978903375
0 0.24772254722169887 0.9868281717494227 0.23978462019230765 0.9549908846153846 0.13249200593893556 0.981741937214503 0.14042993296832676 1.013579224348541
0 0.12713450480769245 0.9852311225961538 0.07184882211538474 0.9852311225961538 0.07184882211538474 1 0.12713450480769245 1
0 0.3080508211258091 0.8710792607858142 0.2975831203836193 0.8290956110125246 0.26492863821667595 0.8372372887623281 0.2753963389588658 0.8792209385356178
0 0.2403722458112165 0.9474119036918426 0.21362133974548986 0.8401198873566502 0.10399643306306808 0.867452448355074 0.13074733912879472 0.9747444646902662
0 0.3243401457741835 0.9264763553844144 0.29642607845978863 0.8145191552054126 0.21712276479304188 0.8342916935719387 0.2450368321074368 0.9462488937509405
0 0.12375046120935797 0.9764889810522164 0.0818793647263972 0.8085531816552867 0.011905815894964466 0.8259995464262139 0.05377691237792522 0.9939353458231436
0 0.23011885218172493 0.8215989724363413 0.20346988756575513 0.752624638385596 0.17565698635157595 0.7633704473959277 0.20230595096754572 0.832344781446673
0 0.24807049763428207 0.7596846104058572 0.24341815384615384 0.741025076923077 0.20609908650033332 0.7503297645941429 0.21075143028846158 0.7689892980769232
0 0.8953912475961538 0.8644764855769231 0.5288461538461539 0.6225269903846156 0.4687634107689932 0.713550262313621 0.8353085045189932 0.9554997575059285