0 0.25386455149811804 0.15132621164770846 0.188607546042852 0.13912768413674462 0.18263450416764848 0.2110225385148491 0.24789150962291454 0.2232210660258129
0 0.1864986743580274 0.14177287866442365 0.10783736588541669 0.13036142968750003 0.10342876835030597 0.19873737524182644 0.1820900768229167 0.21014882421875006
0 0.44295098697916674 0.32563013281250003 0.3971197227971575 0.31982899910696494 0.3955870694755534 0.3470732838290033 0.44141833365756256 0.3528744175345384
0 0.8682880429331995 0.17290539557359758 0.7869104205742916 0.15984080288450284 0.7846116639152997 0.19205776903262517 0.8659892862742077 0.20512236172171988
0 0.7711462679309524 0.15872654994232055 0.7399595502694477 0.12005911724082213 0.6772169939873806 0.2339185608526979 0.7084037116488853 0.2725859935541963
0 0.714609762175816 0.15177396436865398 0.6849822608148547 0.11503975503560215 0.6237415768766833 0.22617373829672116 0.6533690782376445 0.262907947629773
0 0.6468899360753904 0.1413007087089086 0.6164830555721015 0.10359970386235662 0.5546593437550086 0.21579032070593085 0.5850662242582975 0.2534913255524828
0 0.5907840755208333 0.13118422460937512 0.5611567712432195 0.09445026296808146 0.49962487144666684 0.20611272822764912 0.5292521757242806 0.24284668986894278
0 0.07289825431149148 0.6314968425490003 0.04991714835309217 0.6165876893681189 0.020507194822850756 0.7185864288503686 0.043488300781250065 0.73349558203125
0 0.10677538275461897 0.610620497734006 0.09587728515625003 0.6032875683593751 0.07652459901621449 0.6680013772659942 0.08742269661458342 0.675334306640625
0 0.7679589088541666 0.634898482421875 0.7527112028787674 0.4769155000185017 0.40145295723512175 0.553194193656537 0.41670066321052107 0.7111771760599103