0 0.3189782005208333 0.1955150885416667 0.30471348291139894 0.15321337808894367 0.2735214538513017 0.1637317585857521 0.2877861714607361 0.2060334690384751
0 0.28404080859374997 0.20429032291666668 0.2823756715484311 0.1952577147511146 0.2662091599668992 0.1982379677228586 0.2678742970122181 0.20727057588841066
0 0.2600372086301433 0.2033465006174989 0.24644520896977795 0.16303969162415652 0.21383625781249996 0.17403586979166671 0.22742825747286533 0.21434267878500904
0 0.2747147786458333 0.24687250130208335 0.2734658769941795 0.2400977802528886 0.25167881762274225 0.244114166202374 0.2529277192743961 0.2508888872515687
0 0.8604951080729167 1.0084887673935174e-16 0.7864920364583333 9.631749550035813e-17 0.7864920364583333 0.03003096614583343 0.8604951080729167 0.030030966145833435
0 0.7546924183328655 0.050141460408956874 0.6910740647138555 -0.005295903580238311 0.6106676246968358 0.0869762566769748 0.6742859783158459 0.14241362066617
0 0.6777270685030389 0.2620083906299608 0.5258532044963726 0.12591163061746444 0.47857774406625037 0.17866752905000363 0.6304516080729167 0.3147642890625
0 0.24644728763535528 0.467254619184489 0.22473651953124998 0.3421891536458333 0.12414458769349841 0.3596514330677923 0.1458553557976037 0.484716898606448
0 0.15962921127874807 0.48332404679070123 0.1220400780969756 0.37102424631936115 -0.03684712775587401 0.42420717555534565 0.0007420054258984546 0.5365069760266857
0 1 0.7205078046874999 0.9181714153645834 0.7205078046874999 0.9181714153645834 0.9402804986979166 1 0.9402804986979166
0 0.9566794723025492 0.9383451226828313 0.8870442995263373 0.7097338038104758 0.5925081518529343 0.7994497270344217 0.6621433246291462 1.0280610459067774
0 0.7220582458331232 0.7254390078421853 0.7198358016227177 0.7181427554122702 0.6947982784458445 0.725769204601335 0.6970207226562501 0.73306545703125
0 0.7184482701657527 0.7103317654391462 0.7135424081471534 0.6991227634995546 0.6765161604536895 0.7153281012476921 0.6814220224722888 0.7265371031872837
0 0.7780746679021845 0.4819118978765304 0.7117337768116693 0.4644485679496689 0.6493569454331064 0.70140993753884 0.7156978365236216 0.7188732674657016
0 0.834559931899709 0.3432467212566006 0.7621838898349157 0.3198651430464449 0.7198970633061951 0.4507610606838592 0.7922731053709885 0.47414263889401487
0 1 0.33984375000000017 0.7574475859375 0.33984375000000017 0.7574475859375 0.7294162604166666 1 0.7294162604166666