0 0.3548488512696493 0.2580300186757217 0.3160091215235792 0.2580300186757217 0.3160091215235792 0.32210526315789484 0.3548488512696493 0.32210526315789484
0 0.31247883917775093 0.3117147707979627 0.2948241160822249 0.3117147707979627 0.2948241160822249 0.3255682190152802 0.31247883917775093 0.3255682190152802
0 0.2859975816203144 0.2614945993208829 0.24539353808948006 0.26149459932088287 0.24539353808948006 0.32210526315789473 0.2859975816203144 0.3221052631578948
0 0.2859975816203144 0.37579001528013584 0.261282292623942 0.37579001528013584 0.261282292623942 0.38618050679117155 0.2859975816203144 0.38618050679117155
0 0.7239709794437726 0.1360008488964346 0.6545367257449285 -0.022345423754984158 0.594258162031439 0.029763157894736922 0.663692415730283 0.18810943054615567
0 0.7791412547323862 0.01738041043544776 0.7497850226364511 -0.04740846843766515 0.6811903217130131 0.01386477138155602 0.710546553808948 0.07865365025466893
0 0.2868657223524459 0.8449817100177855 0.28146308087283806 0.7714083461028113 0.2049688102197961 0.7824821001398605 0.21037145169940397 0.8560554640548347
0 0.32342994256348245 0.7804077351443125 0.3153219442323924 0.714207627308798 0.2722309577956893 0.7246121417980218 0.28033895612677945 0.7908122496335362
0 0.9971519162889518 0.9061785020429152 0.8934406587463857 0.9035295363454983 0.8922410359741709 0.9961217989317236 0.9959522935167371 0.9987707646291405
0 0.669267684401451 0.9005267011884549 0.5682105640870618 0.9005267011884549 0.5682105640870618 0.9981232631578949 0.669267684401451 0.9981232631578949
0 0.5626983827085854 0.9005267011884549 0.5296251511487304 0.9005267011884549 0.5296251511487304 0.9981232631578949 0.5626983827085854 0.9981232631578949
0 0.9963254316807739 0.8123143039049238 0.8952682176541716 0.8123143039049238 0.8952682176541716 0.8986494838709677 0.9963254316807739 0.8986494838709677
0 0.8677070737605804 0.8010534023769103 0.7776745054413542 0.8010534023769103 0.7776745054413542 0.8967727470288626 0.8677070737605804 0.8967727470288626
0 0.7721621825876662 0.8010534023769103 0.6821296142684401 0.8010534023769103 0.6821296142684401 0.8948960101867572 0.7721621825876662 0.8948960101867572
0 0.672942723095526 0.7991761850594229 0.5296251511487304 0.7991761850594228 0.5296251511487304 0.8930192733446519 0.672942723095526 0.8930192733446519
0 0.8677070737605804 0.7184712156196946 0.7776745054413542 0.7184712156196946 0.7776745054413542 0.7972994482173177 0.8677070737605804 0.7972994482173177
0 0.9986399984697705 0.7184800792510869 0.894174016363422 0.7165400380649714 0.8933229448765367 0.8068863465007189 0.9977889269828852 0.8088263876868345
0 0.7739994667472794 0.7165944787775893 0.6839668984280532 0.7165944787775893 0.6839668984280532 0.7954227113752124 0.7739994667472794 0.7954227113752124
0 0.6655926457073761 0.6246286078098473 0.5608609570737606 0.6246286078098472 0.5608609570737606 0.7822845925297115 0.6655926457073761 0.7822845925297116
0 0.9981627158403868 0.6227518709677422 0.8952682176541716 0.6227518709677422 0.8952682176541716 0.7128410050933789 0.9981627158403868 0.7128410050933789
0 0.8695443579201936 0.6227518709677422 0.7776745054413542 0.6227518709677422 0.7776745054413542 0.7128410050933789 0.8695443579201936 0.7128410050933789
0 0.7739994667472794 0.6208751341256369 0.6839668984280532 0.6208751341256369 0.6839668984280532 0.7109642682512735 0.7739994667472794 0.7109642682512735
0 0.5553487756952842 0.6171211799660441 0.5296251511487303 0.6171211799660441 0.5296251511487304 0.7897920203735145 0.5553487756952842 0.7897920203735145
0 0.9981627158403868 0.5458006154499153 0.9908131088270858 0.5458006154499153 0.9908131088270858 0.6021063242784382 0.9981627158403868 0.6021063242784382
0 0.9853007859733979 0.5195246179966047 0.8952682176541716 0.5195246179966047 0.8952682176541716 0.600229587436333 0.9853007859733979 0.600229587436333
0 0.5663731862152358 0.5195246179966045 0.5296251511487303 0.5195246179966044 0.5296251511487303 0.5964756332767402 0.5663731862152358 0.5964756332767404