0 0.07567388822188789 0.27345007839576585 0.06954697836538462 0.23280898557692312 0.005251039662727506 0.24250201775808033 0.011377949519230771 0.28314311057692304
0 0.5637747259615383 0.4086538461538462 0.5245065415206573 0.27529575376300497 0.5067616346153845 0.2805208605769231 0.5460298190562655 0.4138789529677644
0 0.609528875 0.40865384615384615 0.5635500956072003 0.26666719044756404 0.547932422560873 0.27172457798904825 0.5939112019536726 0.4137112336953304
0 0.6516386634615384 0.40865384615384615 0.6063900985576924 0.2606027163461538 0.5923133819720285 0.2649049545316159 0.6375619468758746 0.41295608433930825
0 0.8293509134615386 0.40865384615384615 0.7652693822115384 0.19898215384615378 0.6427463692422767 0.23642861215446914 0.7068279004922768 0.44610030446216153
0 0.8814089230769231 0.34109765625000005 0.8307299759615384 0.19051926923076923 0.8162018803838632 0.19540887259313108 0.8668808274992479 0.34598725961236193
0 0.9453241754807693 0.40865384615384603 0.8800034567307692 0.17282714182692296 0.8629017195178085 0.17756408529485018 0.9282224382678085 0.4133907896217732
0 0.995556891826923 0.3991680264423077 0.9271498798076924 0.16175947596153847 0.9112832602569703 0.16633129122309004 0.9796902722762011 0.4037398417038593
0 1.0164937468127833 0.27952433621296585 0.9765134903846153 0.14535618990384608 0.9585160771568849 0.1507191707281511 0.9984963335850529 0.2848873170372709
0 0.12187317734217498 0.8581253756968457 0.1186091201923077 0.8379600552884617 0.03290323131167117 0.8518328286300775 0.03616728846153846 0.8719981490384614
0 0.6504759047968864 0.5949994818373312 0.5079075748941443 0.5536178612708139 0.45489072685776155 0.7362719810896565 0.5974590567605038 0.7776536016561739