0 0.15826922005208335 0.10117253320312503 0.130475741223006 0.09060555951992355 0.12788031818453766 0.10596526743898488 0.15567379701361497 0.11653224112218634
0 0.16372349609375 0.07936585351562503 0.13053879909777383 0.0656821780352445 0.12657401302083335 0.08731620507812501 0.15975871001680952 0.10099988055850556
0 0.17862300781249998 0.11262794726562503 0.16348466848193038 0.10620136974011166 0.16095624218750001 0.11960218750000004 0.1760945815180696 0.1260287650255134
0 0.12576838935827822 0.09300453879462167 0.1198116372260728 0.0904768514216494 0.11763493797196124 0.10201848059577776 0.12359169010416667 0.10454616796875002
0 0.26370190624999995 0.9754331738281251 0.26186877648609824 0.9581964915609503 0.2362732725798482 0.9643212044515753 0.23810640234374994 0.9815578867187501
0 0.14659036273407225 0.9996116419643123 0.11980610575666621 0.8763560350072891 0.02902592576104594 0.9207420827607822 0.05581018273845199 1.0439976897178054
0 0.2772516053381841 0.9191920304167667 0.2310465012597045 0.832587474495132 0.14202007810987963 0.9394562065507844 0.18822518218835924 1.0260607624724192
0 0.3294270833333334 0.791794041015625 0.26896321875000007 0.791794041015625 0.26896321875000007 0.968695947265625 0.3294270833333334 0.968695947265625
0 0.16041043094712695 0.7450180715151691 0.15397359975596037 0.7331510098361722 0.13309411243392125 0.7586328782626132 0.13953094362508786 0.7704999399416099
0 0.24957061636052955 0.7948321844471542 0.20237006868699178 0.7050238487264152 0.10636696326136404 0.8185505944977222 0.1535675109349018 0.9083589302184611
0 0.1907827599561119 0.7105586332232104 0.18458225330339953 0.69893758516041 0.16186515436065674 0.7262096027373197 0.16806566101336914 0.7378306508001201
0 0.3613987632579509 0.7404455525655714 0.31476181743695614 0.6482301108819294 0.22017910505722804 0.7558569865192533 0.26681605087822274 0.8480724282028953
0 0.1862881395866506 0.6909740686929515 0.17933177437920644 0.6786727804294664 0.1578224247516368 0.7060406868147909 0.164778789959081 0.718341975078276
0 0.33425388238839243 0.6084457847245319 0.28644829651972115 0.5188423168437505 0.18970230789725964 0.6349789714379892 0.23750789376593096 0.7245824393187708
0 0.29353312805726584 0.49936831138156734 0.2746997786220126 0.4652574657417364 0.2287307951263516 0.5223635651220182 0.2475641445616048 0.5564744107618492
0 0.3257813815326194 0.5544028054417288 0.3195780234375 0.420030841796875 0.2989742211877295 0.4221710108471827 0.3051775792828489 0.5565429744920365
0 0.12520578741474006 0.8891211917607429 0.033255050134479214 0.4702497334523346 -0.056519242025240425 0.5145910878836724 0.03543149525502041 0.9334625461920807
0 0.31999831185828825 0.4291347833122974 0.31648428776041665 0.35301697460937503 0.2881538960072773 0.35595972588260527 0.2916679201051489 0.4320775345855276
0 0.20404069663053595 0.6963012469116313 0.11234144503283179 0.27752526575954084 0.022755832453702152 0.3216624691656748 0.11445508405140632 0.7404384503177652
0 0.31191095572916666 0.25000000000000006 0.25738395052083335 0.25 0.25738395052083335 0.32202520703125 0.31191095572916666 0.32202520703125004
0 0.283972773784787 0.4917777159663775 0.22250088925385172 0.21174931510692807 0.13363544104487649 0.25564177296917884 0.19510732557581179 0.5356701738286282
0 0.5615742565104166 0.8727903847656249 0.5543847475023189 0.7351815693214897 0.3819805638020833 0.7554482812499997 0.389170072810181 0.8930570966941349
0 0.695505901420578 0.7564757127804878 0.6821120473869385 0.6139474827852544 0.563314893480808 0.6390659551955157 0.5767087475144475 0.7815941851907491
0 0.5380195182291667 0.6781888613281251 0.5357250269608975 0.6342717752433705 0.46145302243207215 0.6430027062405583 0.46374751370034134 0.6869197923253129
0 0.5314065546853818 0.6078182686081078 0.5187923252966337 0.4735863796777373 0.4464805559740606 0.4888759939361066 0.45909478536280873 0.6231078828664771
0 0.7367529127758718 0.5787930352785371 0.71200797934136 0.31547457946700247 0.546725446581937 0.35042194702402674 0.5714703800164488 0.6137404028355613