0 0.31281761231929384 0.3595619010811016 0.27865685156250003 0.340950693359375 0.2708364477122572 0.35530499797754256 0.304997208469051 0.3739162056992691
0 0.31408580924409507 0.38105078979559237 0.2714500468750001 0.3564848867187501 0.2599520141297855 0.37644048901448535 0.3025877764988805 0.4010063920913275
0 0.27376711582941576 0.3371555341663558 0.255238625 0.32625828125000006 0.24800491151433424 0.3385576923961443 0.26653340234375 0.34945494531250004
0 0.32300428764847994 0.36327262767298774 0.3155430253906251 0.36080349218750013 0.3110624682108953 0.3743428918582625 0.3185237304687501 0.37681202734375013
0 0.64457067578125 0.33691531250000006 0.5489293171673189 0.30535862857726015 0.5408626804485689 0.3298068277960101 0.6365040390625001 0.36136351171875003
0 0.654839380859375 0.308422359375 0.561539227608679 0.277157848611289 0.555334583984375 0.295673865234375 0.6486347372350709 0.32693837599808606
0 0.6659389065264562 0.27562879965330495 0.5714822392513592 0.24365837163932424 0.5635449726562501 0.2671090351562501 0.6580016399313471 0.2990794631702308
0 1 0.3747265097656251 0.97540714453125 0.3747265097656251 0.97540714453125 0.4309092304687501 1 0.4309092304687501
0 0.365661198322098 0.9798042084887963 0.2149284401394311 0.6359343158758439 0.10331945982359725 0.6848572655215 0.2540522180062641 1.0287271581344524
0 0.7429175390625 0.8854387773437502 0.7053766337612922 0.8474171897988751 0.6949586982253366 0.8577034181402825 0.7324996035265445 0.8957250056851576
0 0.6990038632812501 0.8297042910156253 0.6775894033517068 0.7935224193125711 0.6192392131092991 0.82805733284834 0.6406536730388424 0.8642392045513942
0 0.967879171875 0.6796875000000002 0.9580112155908105 0.6691048270939692 0.9386852484655297 0.6871255861626229 0.9485532047497193 0.6977082590686539