0 0.11322587952575801 0.1201151232019488 0.11226143359375 0.08051206640625001 0.06787036946156236 0.08294442303572613 0.06883481539357035 0.12254747983142492
0 0.20894467327714503 0.18337037471393608 0.2040201737376793 0.047817205683130956 0.11683069900194408 0.054944078446915845 0.12175519854140983 0.19049724747772098
0 0.66053737109375 1.6653345369377348e-16 0.5524993591741816 -0.055675642517310275 0.48563373727740755 0.23626647417771768 0.5936717491969759 0.2919421166950281
0 0.28728458984375 0.886928115234375 0.28511903652461784 0.8203208737840609 0.2550490520833333 0.8225205722656249 0.2572146054024655 0.889127813715939
0 0.25057004296875 0.8892846953124999 0.24500060312508895 0.7795685854049862 0.21247939639389038 0.7832829992275511 0.21804883623755145 0.8929991091350648
0 0.2780125454819775 0.729342528864713 0.2679664884412869 0.5974706276900582 0.19917593746025153 0.6092617373497776 0.20922199450094212 0.7411336385244324
0 0.6665657252604168 0.9882562675781252 0.6154844127604168 0.9882562675781252 0.6154844127604168 1 0.6665657252604168 1
0 0.7143642968000684 0.9955293637782495 0.7138284160758076 0.9780062106963595 0.6834860169607319 0.980094007918676 0.6840218976849927 0.997617161000566
0 0.6857824381203302 0.9682641445719675 0.6310055680163279 0.9587257170737029 0.6290757736025215 0.983660982387759 0.6838526437065239 0.9931994098860237
0 0.6287427031250001 0.9600463515625002 0.5535334088541668 0.9600463515625001 0.5535334088541668 1 0.6287427031250001 1
0 0.5720427877604167 0.952626462890625 0.49570377864583354 0.952626462890625 0.49570377864583354 1 0.5720427877604167 1
0 0.5158750820312501 0.949554232421875 0.44154128515625013 0.949554232421875 0.44154128515625013 1 0.5158750820312501 1