0 0.4484290169270833 0.21690666536458333 0.44586011955758525 0.1878055430323479 0.37792303125 0.1938026796875 0.3804919286194981 0.2229038020197355
0 0.3741181345220106 0.24199974242175834 0.3664835891728666 0.14224706372273713 0.22710118846085633 0.15291465955060582 0.23473573381000032 0.252667338249627
0 0.7765081966145834 0.4189311497395835 0.6564636328125 0.4189311497395835 0.6564636328125 0.4596354166666668 0.7765081966145834 0.4596354166666668
0 0.7992974067457793 0.35518478445284557 0.6475429090061605 0.314540098655903 0.6272670252514604 0.39024388366714996 0.7790215229910791 0.43088856946409254
0 0.9333337985317196 0.44531461751317947 0.9107356385270616 0.2578952100431184 0.8118771120645825 0.2698151111300999 0.8344752720692404 0.45723451860016096
0 0.7843855380276504 0.2045702471385521 0.6393742288056062 0.1799492663349029 0.620107225268787 0.29342701240608343 0.7651185344908312 0.31804799320973265
0 0.7514855533854167 0.05348315755208342 0.6393229166666666 0.05348315755208341 0.6393229166666666 0.16644123046875006 0.7514855533854167 0.16644123046875006
0 0.8981169236386967 0.24389155178357294 0.8655231838635116 -0.007379727078606901 0.7776509718307225 0.004018646923531044 0.8102447116059078 0.2552899257857109
0 0.7352914484461767 0.024138280707725075 0.733357454427083 0.011778333333333372 0.6493494583952573 0.02492328912968293 0.6512834524143508 0.037283236504074634
0 0.10962053515624999 0.6074022447916667 0.0945466909146141 0.5187204399921401 -0.015073844241635881 0.5373533813983902 1.850371707708594e-17 0.6260351861979168
0 0.28564856770833336 0.7850987408854166 0.23545141940359313 0.7205403743777462 0.19167728932981834 0.7545768071143643 0.2418744376345586 0.8191351736220347
0 0.4676658307291666 0.7061777395833334 0.3871839108756318 0.6132255811745989 0.34404233224912223 0.6505793891206815 0.42452425210265704 0.743531547529416