0 0.24795367708333335 0.2606157265624999 0.22279470895415435 0.2298136654767541 0.21433080082844339 0.23672694294186522 0.2394897689576224 0.26752900402761104
0 0.2208078619791666 0.21804716015625006 0.21116005161734966 0.1903103582956729 0.15936307248376594 0.2083271229719955 0.16901088284558288 0.23606392483257266
0 0.39006672774857476 0.09372119702490443 0.37163345087572025 0.07050151159850405 0.33720716666666667 0.09783130598958338 0.35564044353952107 0.12105099141598374
0 0.4635405286458334 0.13543475000000008 0.45443715416231906 0.12005622470800066 0.4199650924108426 0.1404620881691596 0.42906846689435696 0.155840613461159
0 0.44489435937499994 0.12203956770833337 0.4101880808775866 0.0861740453657832 0.403108190141182 0.09302510018333433 0.4378144686385954 0.1288906225258845
0 0.39910208333333336 0.06607713541666667 0.37026282154303364 0.03592277217077755 0.36400199021879676 0.04191055417473649 0.3928412520090965 0.07206491742062561
0 0.09891638802083332 0.07031085546875 0.09531168968301922 0.05458900591887115 0.05152548786010253 0.06462828586678782 0.05513018619791665 0.08035013541666666
0 0.8784617544111449 0.249502748134755 0.8157479128479062 0.2207992151894634 0.7874437330557305 0.28264051711028193 0.8501575746189692 0.31134405005557353
0 0.7307661160549291 0.35064855770752074 0.7008002308488591 0.3373364764997868 0.6599833721146658 0.4292164225589061 0.6899492573207359 0.44252850376664005
0 0.644638283668791 0.2517627799462952 0.5424603052372622 0.20557497845954842 0.5146350047150648 0.267130905892546 0.6168129831465936 0.31331870737929285
0 0.835125512671559 0.007739489544166848 0.7692659682484032 -0.02157565453787254 0.7157676276671725 0.0986139760576445 0.7816271720903282 0.1279291201396839
0 0.8823985286848379 0.3768133661127462 0.7868059002832405 0.33133258265013404 0.7403313555367873 0.4290139229404395 0.8359239839383847 0.47449470640305175
0 0.4244947597564153 0.6051714615849775 0.21651204686176354 0.5513297547582418 0.1856355567620183 0.6706011626330951 0.3936182696566701 0.7244428694598309
0 0.6316137473958335 0.7524635208333333 0.4895833333333335 0.7524635208333333 0.4895833333333335 0.9776962994791667 0.6316137473958335 0.9776962994791667
0 0.6362520401822142 0.6265543764572906 0.5041635630690029 0.603575484020951 0.48342380934512214 0.7227928263136603 0.6155122864583334 0.74577171875
0 1.0122382688612261 0.48243710790821764 0.8365459908854166 0.4442784622395834 0.8200712871467156 0.5201322609819267 0.9957635651225251 0.5582909066505609
0 0.8022031480068811 0.4298569070474985 0.6287609298323084 0.42896213294559193 0.6276910568260521 0.6363453674120397 0.8011332750006249 0.6372401415139463
0 0.6377633915382187 0.43105937313662573 0.5372184016283393 0.4135679694519381 0.509009336552744 0.5757207740250662 0.6095543264626234 0.5932121777097538