0 0.2692708333333333 0.1535416666666667 0.23723406238853414 0.1307069477025082 0.23173662109374996 0.1384197760416667 0.26377339203854916 0.16125449500582514
0 0.32965328776041664 0.16749999999999998 0.3186807174194852 0.14440892317742088 0.26763837890625 0.16866355859375004 0.2786109492471814 0.19175463541632917
0 0.17951337890625 0.2803302252604167 0.1623324921557754 0.259841432655092 0.13055894121342704 0.2864851588578286 0.14773982796390164 0.30697395146315326
0 0.0875017992380744 0.2589076910699217 0.0786277360978376 0.24541967386473 0.04662771434582178 0.2664731919019872 0.05550177748605858 0.2799612091071789
0 0.11586754557291667 0.293125 0.0726459827967445 0.2684792827729028 0.06854166666666668 0.27567708333333335 0.11176322944283885 0.3003228005604306
0 0.3247574544270833 0.3443051927083333 0.319852686152015 0.33570314247860034 0.29691331929611525 0.34878284740941695 0.3018180875711835 0.3573848976391499
0 0.16482587890625003 0.3291843919270834 0.12947442398535322 0.30776555326992283 0.12565921223958337 0.3140625000000001 0.1610106671604802 0.3354813386571606
0 0.46673662109374997 0.26753435807291676 0.46213891642042376 0.25463333600447896 0.41940921223958333 0.2698614752604167 0.42400691691290954 0.2827624973288545
0 0.8949348705989392 0.27791835589352865 0.8920912728408744 0.20234434457546346 0.550752736497691 0.21518777421163252 0.5535963342557558 0.2907617855296977
0 0.3636201469669133 0.6063245289903864 0.36192477228042913 0.5088143785087949 0.07787884553552701 0.5137529851217869 0.07957422022201115 0.6112631356033784
0 0.036653799479166665 0.7397175846354167 0.034145310924574825 0.5854706453313393 -0.0025084885545918444 0.5860667390813393 0 0.7403136783854167
0 0.7122395833333334 0.70703125 0.6666666666666666 0.70703125 0.6666666666666666 0.8020833333333334 0.7122395833333334 0.8020833333333334
0 0.9155300812149606 0.6837266482989021 0.8460935700023041 0.6806811872808031 0.839409655556409 0.833074436647211 0.9088461667690656 0.83611989766531