0 0.304414303125 0.36947669687499995 0.2654241142383097 0.34107683726448756 0.2571653153428188 0.3524153485574513 0.2961555042295091 0.3808152081679637
0 0.25559929531250003 0.32454417500000005 0.22732168217501894 0.2967623302172361 0.18538874153553286 0.33944356619678484 0.21366635467301398 0.36722541097954886
0 0.3800996857605755 0.07646759838797065 0.34623571859586005 0.06095624892244468 0.3236741015624999 0.11021217343750003 0.3575380687272154 0.125723522903026
0 0.4759726453125001 0.10354617031250005 0.45643852006428265 0.09118003271846178 0.4305909055070433 0.1320101250807027 0.4501250307552607 0.14437626267474096
0 0.4507707444138952 0.09454965019605885 0.39745166406250004 0.0623145890625 0.39078829777360485 0.0733362701164412 0.444107378125 0.10557133125000004
0 0.17236065468749998 0.016160770312500027 0.16060825483624402 0.007018200168337119 0.1424383796875 0.030374831250000022 0.15419077953875596 0.03951740139416293
0 0.3748809921875 0.039490065625000036 0.33121590315128724 0.011849365616514573 0.3251655312762873 0.021407373429014553 0.3688306203125 0.04904807343750002
0 0.05805068830005629 0.18003645252426398 0.04423844531250002 0.16262120468750005 0.0008246429499437546 0.19705321466323614 0.01463688593750002 0.2144684625000001
0 0.8191077257829813 0.2819096923635015 0.7734993669198944 0.27061669226082324 0.7504525948444832 0.3636943015669494 0.79606095370757 0.37498730166962757
0 0.743103695813567 0.338715758578077 0.7361738238831241 0.2835267592080174 0.7156186711565277 0.28610779125302466 0.7225485430869705 0.34129679062308427
0 0.7440288479934247 0.3663730165440301 0.7259504647632509 0.29336093608980074 0.676960688245272 0.30549120205048386 0.695039071475446 0.3785032825047132
0 0.7689194963833029 0.33402501790355454 0.7635256359375002 0.2756790953125 0.7419207225364697 0.27767638805642647 0.7473145829822724 0.336022310647481
0 0.5597333225079989 0.9677731687027382 0.5593749998328319 0.9647915736089978 0.5035688671874998 0.9714982531249999 0.5039271898626669 0.9744798482187405
0 0.4978726031250001 0.9752074781249999 0.4975142805698283 0.9722258820717954 0.46053216532419344 0.9766703224969934 0.4608904878793652 0.9796519185501978
0 0.5597332767737726 0.9602117242006395 0.5593749999167356 0.9572305102446595 0.4973682859374999 0.9646823640624997 0.49772656279453686 0.9676635780184799
0 0.491671371875 0.9683912781250001 0.4913130951545961 0.9654100657085986 0.4543310328125001 0.9698545031250001 0.4546893095329039 0.9728357155414017
0 0.5597332767099605 0.9526506617162018 0.559375 0.9496694484374999 0.4911677014586788 0.9578664756986054 0.49152597816863947 0.9608476889773074
0 0.4833185140625 0.9618340468749998 0.48296023719562536 0.9588528329581134 0.44597817187499994 0.9632972703125 0.44633644874187467 0.9662784842293866
0 0.5567367125 0.94544971875 0.5563784356267265 0.9424685047937938 0.48496656875 0.9510506531250001 0.4853248456232736 0.9540318670812062
0 0.4771179312499999 0.955018159375 0.476759654513924 0.9520369454207078 0.4397775905864636 0.9564813809293391 0.44013586732253956 0.9594625948836313
0 0.5505361296875 0.9386338296875 0.5501778067566336 0.9356522328677255 0.47876533749999994 0.9442344546874999 0.4791236604308663 0.9472160515072743
0 0.47091735 0.9482022703125 0.4705590271329211 0.9452206734936155 0.4335763592175713 0.9496651830650384 0.4339346820846502 0.952646779883923
0 0.5597333227842997 0.9299674655103546 0.5593749996196316 0.9269858687099657 0.5478800843750001 0.9283673078124999 0.5482384075396681 0.9313489046128888
0 0.5443349953125 0.9318180078125001 0.5439766726046631 0.9288364125335093 0.4725647546875001 0.9374185671875 0.472923077395337 0.9404001624664909
0 0.4647162171875 0.9413864484375003 0.46435789445595976 0.9384048516205065 0.4273757763374684 0.9428492934400161 0.4277340990690087 0.94583089025701
0 0.5597332765878248 0.9224060195355905 0.559374999916762 0.9194248071198773 0.5416789515625 0.9215514859374998 0.5420372282335628 0.9245326983532131
0 0.538134315625 0.9250017453125 0.5377760388831412 0.9220205313581269 0.46421189670788443 0.930861332984434 0.4645701734497433 0.9338425469388071
0 0.4585149859375 0.9345702500000002 0.45815670921771073 0.9315890360459349 0.4211746435249684 0.9360334715650162 0.42153292024475775 0.9390146855190814
0 0.5597333227017603 0.9148449530762791 0.559375 0.9118633562499998 0.5354782701262273 0.9147352203250281 0.5358365928279877 0.9177168171513074
0 0.53193318125 0.918185921875 0.5315748586301244 0.9152043267820309 0.4580112154303807 0.9240450702555772 0.4583695380502563 0.9270266653485464
0 0.45231440312499993 0.9277543609375 0.45195608032620405 0.9247727645514857 0.41497396249999996 0.9292172078125001 0.41533228529879584 0.9321988041985143
0 0.5597333226847979 0.9072838889950186 0.559374999995949 0.9043022937162929 0.5292771375 0.9079194000000003 0.5296354601888489 0.9109009952787259
0 0.5257325984374999 0.9113700343750002 0.5253742756784596 0.9083884379272119 0.451810082627395 0.9172292468972454 0.45216840538643527 0.9202108433450338
0 0.44611381875000006 0.9209384718750002 0.4457554960625954 0.9179568765511817 0.4087728296875001 0.9224013859374999 0.4091311523749047 0.9253829812613183
0 0.5597332767266915 0.8997224445246216 0.559374999918197 0.8967412305693188 0.5230765546875 0.9011035109374997 0.5234348314959945 0.9040847248928026
0 0.5195313671874999 0.9045538359375002 0.5191730904248697 0.9015726219828372 0.44560949981489506 0.9104133578347456 0.44596777657752523 0.9133945717894086
0 0.4399125890625 0.9141222750000001 0.4395543123367519 0.9111410608610571 0.4025722483294463 0.9155854959758873 0.40293052505519444 0.9185667101148303
0 0.5597332768276206 0.8921613804375073 0.5593749997077138 0.8891801647553935 0.5168754203125001 0.8942876875000001 0.517233697432407 0.8972689031821138
0 0.5133307859375 0.897737946875 0.5129725090127708 0.8947567324906336 0.439408365625 0.9035975375000002 0.4397666425497292 0.9065787518843665
0 0.4337114546875 0.9073064515624999 0.4333531778126486 0.9043252376062714 0.39637111250000007 0.9087696749999999 0.39672938937485147 0.9117508889562285
0 0.5597332768215876 0.8846003179618762 0.559375 0.8816191031250001 0.5106748372087933 0.8874717975768748 0.5110331140303808 0.8904530124137509
0 0.507129653125 0.8909221250000001 0.5067713763139235 0.8879409110446614 0.43320778281249994 0.8967816484375 0.43356605962357647 0.8997628623928386
0 0.42751087187500003 0.9004905624999999 0.42715259518525367 0.8975093500840261 0.3901705296874999 0.9019537875000001 0.3905288063772463 0.9049349999159739
0 0.55973332273216 0.8770392499438655 0.559375 0.8740576531249997 0.5023218823799274 0.8809141901505712 0.5026802051120874 0.8838957869694368
0 0.5026802052796037 0.8838957877685905 0.5023218828125 0.8809141937500004 0.4270065515287178 0.8899654512813988 0.4273648739958215 0.892947045299989
0 0.42131028906249995 0.8936746750000001 0.4209519664135029 0.8906930795315544 0.3473877718520947 0.8995338888719049 0.34774609450109173 0.9025154843403506
0 0.559733322582395 0.8694781858949925 0.559375 0.8664965906250002 0.4982730248157677 0.8738397125295064 0.4986313473981627 0.8768213077994987
0 0.49472793437500007 0.8772904140625002 0.4943696115368302 0.8743088172440189 0.42080596875000004 0.8831495609375001 0.42116429158816987 0.8861311577559812
0 0.4151091546875 0.8868588531249999 0.4147508319142793 0.8838772567560497 0.34118663895567436 0.8927180662986058 0.34154496172889504 0.8956996626675562
0 0.5597332768454011 0.861916740781194 0.559375 0.8589355265625003 0.41460483590585495 0.8763337387991823 0.4149631127512561 0.8793149530178761
0 0.40675619999999996 0.8803012437500002 0.4063979233118314 0.8773200313340481 0.33498605625 0.8859021796875 0.3353443329381686 0.888883392103452
0 0.4005556171875 0.87348535625 0.40019729455327646 0.8705037609720361 0.32878537500000005 0.8790859140624999 0.3291436976342236 0.8820675093404639
0 0.39650675937499996 0.8664108765625 0.39614843674337485 0.8634292817047744 0.3204325171875 0.8725286828125001 0.32079083981912515 0.8755102776702257
0 0.5597332769342891 0.839233163223993 0.559374999903592 0.8362519491977907 0.5509365500000001 0.8372660671875002 0.5512948270306972 0.8402472812137025
0 0.5452396390625001 0.8409749828124997 0.5448813622256822 0.8379937686720076 0.3938507155709185 0.8561443542374894 0.39420899240773644 0.8591255683779815
0 0.3881538046874999 0.8598532703125 0.3877955279077205 0.8568720563575978 0.3142313841550891 0.8657128591076264 0.31458966093486856 0.8686940730625287
0 0.5597332766195426 0.8316720992153556 0.5593749998935319 0.8286908866140811 0.5447354156250002 0.8304502453125002 0.5450936923510109 0.8334314579137747
0 0.5390385046875001 0.8341591593750002 0.5386802278206974 0.8311779452460545 0.38764957965978697 0.8493285325819006 0.3880078565265898 0.8523097467108462
0 0.38195266875000006 0.8530374484375001 0.38159439182303634 0.8500562329428728 0.3080308011320019 0.8588969682928329 0.30838907805896565 0.8618781837874602
0 0.5597332768061438 0.8241110366927448 0.5593749999157309 0.8211298227362995 0.5385348328124999 0.82363435625 0.5388931097029127 0.8266155702064453
0 0.5328379218750001 0.8273432703125001 0.5324796449798759 0.824362055947893 0.381448446875 0.8425127093750001 0.3818067237701242 0.8454939237396072
0 0.3757520875 0.8462215578125001 0.3753938106060873 0.843240343618959 0.30182966718750004 0.8520811484374999 0.3021879440814127 0.855062362631041
0 0.5597333225093253 0.8165499687253128 0.559375 0.8135683734375 0.5323336013759998 0.8168181578231349 0.532691923885325 0.8197997531109478
0 0.526637340625 0.8205273828124999 0.5262790179970607 0.8175457875346238 0.37524776696942486 0.8356964450604007 0.37560608959736425 0.8386780403382769
0 0.3695509546875 0.8394057359375002 0.3691926319859826 0.8364241406585974 0.3322105140625 0.8408685843750001 0.3325688367640174 0.8438501796539031
0 0.5597333229066193 0.8089889045888187 0.5593749999971045 0.806007307788407 0.52398129375 0.810260859375 0.5243396166595147 0.8132424561754117
0 0.5204362046875 0.8137115593750002 0.5200778819899603 0.8107299640961528 0.4465136890625 0.8195707750000001 0.44687201176003966 0.8225523702788473
0 0.44296915000000003 0.823021409375 0.44261082718407574 0.820039812741624 0.36904718421214067 0.8288805564573506 0.36940550702806496 0.8318621530907266
0 0.559398373756513 0.801467708172447 0.559040096958524 0.7984864943015264 0.5177801609375001 0.8034450375000001 0.5181384377354892 0.8064262513709206
0 0.5142349765625001 0.8068953625 0.5138766997613123 0.8039141486269452 0.4403131060747837 0.8127548860420294 0.4406713828759715 0.8157360999150842
0 0.43676847187499995 0.8162051437500001 0.43641019518254887 0.813223931149194 0.40157985312500005 0.8174097781250002 0.4019381298174512 0.8203909907258062
0 0.557527371875 0.794131496875 0.5571690491594028 0.7911499015959009 0.5137312062500001 0.7963701828125002 0.5140895289655973 0.7993517780915992
0 0.508034390625 0.8000794734375003 0.5076760679719351 0.7970978781592731 0.434112425 0.805938621875 0.4344707476530649 0.8089202171532269
0 0.5556302375 0.7867984296875001 0.5552719147124107 0.7838168328697245 0.505378348172761 0.7898129493596124 0.5057366709603504 0.7927945461773881
0 0.5537330078125 0.7794649843750001 0.5533747311595253 0.7764837704218669 0.5379110170023951 0.7783421703347455 0.5382692936553698 0.7813233842878787
0 0.31894153873148157 0.8068201545318502 0.3177637392919091 0.8015425002278892 0.24635143793921693 0.817479385000478 0.24752923737878935 0.822757039304439
0 0.3139677782731576 0.7961853113755922 0.3123717783970644 0.7895586408408749 0.24129270833158412 0.8066776731547645 0.2428887082076773 0.8133043436894818
0 0.3914665061778141 0.7783783649566589 0.390048901694975 0.7722495671255981 0.3187466512320977 0.7887419352341408 0.3201642557149368 0.7948707330652016
0 0.3069362987132168 0.7862301417086986 0.3055701379823187 0.780108202891322 0.23621263490173092 0.7955858971199693 0.23757879563262904 0.8017078359373458
0 0.3842845862174359 0.7678436287918654 0.38291949256046254 0.7619417951254738 0.31371696020228773 0.7779483353481498 0.3150820538592611 0.7838501690145414
0 0.3018458171874999 0.7749552796875 0.30034368636231956 0.7685871431548701 0.23119946048513196 0.7848970436322185 0.23270159131031237 0.7912651801648485
0 0.4617644653992873 0.7499042824961112 0.4605395355690334 0.7444154715970537 0.3890775951783982 0.7603635274004231 0.39030252500865203 0.7658523382994806
0 0.3792244187960897 0.7567424518251493 0.3777696480010661 0.7505336896981956 0.3086257854550089 0.7667347407016554 0.3100805562500325 0.7729435028286091
0 0.2966580890625 0.7634808734374999 0.2952394026181874 0.7575904208377467 0.22413556375755944 0.7747154295907901 0.2255542502018721 0.7806058821905434
0 0.5391912875649296 0.7318920594437499 0.5379310263645456 0.7264438553669061 0.4666290705768768 0.7429371964979083 0.4678893317772609 0.7483854005747521
0 0.45667563630922814 0.7388394852095972 0.45534810166290673 0.7331739902659009 0.38410779449089283 0.7498669671241107 0.38543532913721423 0.7555324620678071
0 0.37412761860106053 0.7456561232052965 0.37265475798057296 0.7393701572401971 0.30141425719297477 0.7560624729123527 0.30288711781346234 0.7623484388774522
0 0.291657178299919 0.7528266489783413 0.29036556290389565 0.7471388036496814 0.21897921944566873 0.7633494589943093 0.2202708348416921 0.7690373043229691
0 0.5321472006398236 0.7217869140992222 0.5308751442321945 0.7160868986160451 0.4615178094501817 0.7315651797515821 0.4627898658578108 0.7372651952347593
0 0.44957070624999995 0.7284694671875 0.44821697930881593 0.7225080746844579 0.3789326656219949 0.7382413185517982 0.3802863925631789 0.7442027110548404
0 0.3668976766529391 0.734918385350908 0.3655588279311245 0.7291300488873448 0.2963563219852041 0.7451366661970493 0.2976951707070188 0.7509250026606127
0 0.2864411713103947 0.7412125377856461 0.28512848964881243 0.7355377161073693 0.21386466502913257 0.752022236858139 0.2151773466907149 0.7576970585364158
0 0.5291117502199646 0.710053851246758 0.5278868305023743 0.7045650535768473 0.4543197229609325 0.7209828204563964 0.4555446426785229 0.7264716181263072
0 0.4443829765625 0.7169950625 0.4430233026678085 0.7113498379673552 0.3740122654975802 0.7279714099072028 0.37537193939227176 0.7336166344398476
0 0.36400282216021 0.7238526354075772 0.36268376350659465 0.71794176976726 0.2912216401512628 0.7338891348324755 0.2925406988048781 0.7398000004727927
0 0.2815226276352151 0.7307356286068989 0.28020356958523196 0.7248247628530167 0.20869176841785603 0.7407832063241209 0.21001082646783914 0.7466940720780031
0 0.5218665264885038 0.6992602739425762 0.5206416345749387 0.6937716004716016 0.4512843004896626 0.7092498828137284 0.45250919240322773 0.7147385562847031
0 0.43925491654923404 0.7057660524636471 0.4378954684631891 0.7001214316775669 0.36888413963919015 0.7167420909637604 0.37024358772523513 0.7223867117498406
0 0.35673385933504254 0.7127094611138741 0.3554353959485906 0.7070258878962494 0.28407623678693045 0.7233285291945242 0.28537470017338246 0.7290121024121488
0 0.27423068268831474 0.7197301163757129 0.27286433899918994 0.7136080987024791 0.20350733853235708 0.7290875541602455 0.2048736822214819 0.7352095718334793
0 0.5168204990343986 0.6884181603263125 0.5155954264938716 0.6829292182036963 0.4441835175930396 0.6988675842324727 0.44540859013356665 0.704356526355089
0 0.4341398595370635 0.694613463963952 0.4329060047404652 0.6892793669081861 0.3616421395393626 0.7057637429859458 0.36287599433596085 0.7110978400417116
0 0.3517142919011146 0.7019955812849146 0.35039519005930203 0.6960847253210696 0.28103782178955694 0.7115629289496997 0.2823569236313695 0.7174737849135446
0 0.5114690592836182 0.676168832090999 0.5102276037399918 0.6710143993722684 0.4391486721744631 0.6881339037760058 0.4403901277180896 0.6932883364947363
0 0.42910966643906134 0.6838200812040796 0.42787570901277894 0.6784855913413111 0.3566124213532248 0.6949699910291882 0.3578463787795072 0.7003044808919567
0 0.5044701977403341 0.6662695312330651 0.5031050908368246 0.6603676987186543 0.433902059655875 0.6763745127680564 0.4352671665593844 0.6822763452824672