0 0.19063975324182528 0.3073422796537969 0.18199000418998434 0.2954262406299824 0.14698495993253408 0.32083609769493554 0.155634708984375 0.33275213671875004
0 0.144384537109375 0.29236344921874996 0.12033236228674479 0.2604609828705448 0.09609846289062503 0.2787316074218751 0.12015063771325522 0.31063407377008023
0 0.479960958984375 5.551115123125783e-17 0.38548221089688306 -0.02826307790576732 0.36036577044928403 0.055696986805336676 0.454844518536776 0.08396006471110405
0 0.62778235546875 8.326672684688674e-17 0.5271084686967933 -0.03073639620698798 0.4389349871340907 0.25806672304466216 0.5396088739060475 0.2888031192516502
0 0.2738085349354965 0.9787151285967456 0.26324244531250013 0.977515748046875 0.26069020744983346 0.9999999996041071 0.27125629707282983 1.0011993801539776
0 0.265064616657376 0.9760860936310698 0.19700566796875013 0.95343196484375 0.18907309971718672 0.9772634818564176 0.2571320484058126 0.9999176106437373
0 0.1884649847440155 0.9343893601720354 0.12389391250771198 0.9270597771250624 0.11593909987387795 0.9971389041250192 0.18051017211018144 1.0044684871719922
0 0.13270731894113275 0.927956695472695 0.05421987890625013 0.9018313417968751 0.03347298574636748 0.9641604705429302 0.1119604257812501 0.9902858242187501
0 0.04244451953125011 0.881747505859375 1.0798292607068457e-16 0.881747505859375 1.131576446901162e-16 0.96625707421875 0.04244451953125012 0.96625707421875
0 0.3007026198257449 0.7417882233137211 0.2901365324218032 0.7405888438483686 0.26477078954918337 0.9640516127221477 0.2753368769531251 0.9652509921875001
0 0.29065343843570546 0.7248506920511766 0.22569463051796707 0.7167022636218324 0.19639605016576767 0.9502688795483023 0.26135485808350606 0.9584173079776465
0 0.2187579495442077 0.698535779031088 0.1525484536171302 0.6903260978163661 0.12305564965373433 0.9281798746951698 0.18926514558081184 0.9363895559098917
0 0.15241360775736063 0.6765323059063859 0.08534984615748005 0.6678724754138776 0.055174390743869525 0.9015582906012418 0.12223815234375009 0.9102181210937501
0 0.08009385823949375 0.6461396604762034 0.01278624036747375 0.6375890921806749 -0.017423453002162054 0.875391122066536 0.049884164869857944 0.8839416903620645
0 0.010601128356160713 0.636588088913178 0.009427074926684445 0.6364548200867598 6.938893903907228e-17 0.7195041718749999 0.0011740534294763377 0.7196374407014181
0 0.31350911013379523 0.5242071681323482 0.24893834210161084 0.5168776006068756 0.22625787063969066 0.7166841316932774 0.2908286386718751 0.72401369921875
0 0.24264012156268946 0.5006486584285912 0.1765428642103596 0.4925720131041172 0.15262648775628215 0.6882976920107016 0.218723745108612 0.6963743373351755
0 0.1735746993957682 0.48939068400049623 0.10665574316240017 0.48179456839671625 0.0855126889901145 0.6680570202333953 0.15243164522348251 0.6756531358371753
0 0.09878440039062511 0.48828124999999994 0.03069144082828154 0.480551871488186 0.012767121343224802 0.6384584819631411 0.08086008090556837 0.6461878604749551
0 0.028624904296875073 0.48828125000000006 0.026276867238221424 0.48801471924578627 0.010735299572454907 0.6249301642811531 0.013083336631108555 0.6251966950353669
0 0.4490546767953575 0.5836542589939109 0.40310320312500014 0.57351406640625 0.35157490132964264 0.8070206179592143 0.397526375 0.8171608105468751
0 0.3806350292968751 0.6686307480468751 0.3387242017126112 0.6592344719849399 0.29360987299050356 0.8604608770191329 0.33552070057476746 0.869857153081068
0 0.7758946916600782 0.9691672302534284 0.5539628991829793 0.8563536186097231 0.5042724686644071 0.9541067722697122 0.726204261141506 1.0669203839134176