0 0.4784281048466865 0.06651076335877874 0.39688115174119687 0.060275480575304165 0.39677822848664696 0.06528625477099248 0.47832518159213655 0.07152153755446704
0 1 0.3323039694656491 0.9647106414441148 0.3323039694656491 0.9647106414441148 0.4895038167938933 1 0.4895038167938933
0 0.8564439302654525 0.4272715087193281 0.8531200934718101 0.36151894751908387 0.8420618229507562 0.36359986071390016 0.8453856597443986 0.4293524219141444
0 0.8667161881639772 0.43016456375533835 0.8645200278816815 0.3608123906802073 0.8546676488625122 0.3619737986641221 0.8568638091448081 0.43132597173925313
0 0.8835024706772714 0.42764982340279556 0.8813294861523244 0.3595668129770993 0.8688376090477834 0.36105098869843755 0.8710105935727304 0.42913399912413386
0 0.9326894277942632 0.42397397805343506 0.9298526795252227 0.3512042070610687 0.8835674595673189 0.357920843782096 0.8864042078363594 0.43069061477446235
0 0.9679126277848821 0.26281742413575093 0.9649747247151037 0.1933167900289811 0.9416784272961958 0.19698264547338284 0.9446163303659741 0.26648327958015267
0 0.9408314798205222 0.2645664313848072 0.9399751687291246 0.19409412511798899 0.93008979704888 0.19454126748872103 0.9309461081402776 0.26501357375553924
0 0.9319327116624764 0.19526311116256262 0.9194621784975233 0.19455532174423346 0.9183795682198146 0.265560960581671 0.9308501013847676 0.2662687500000002
0 0.9192087255797873 0.26879099078997876 0.9164952603377092 0.19637021355225961 0.9050049669643866 0.19797283863640935 0.9077184322064646 0.2703936158741284
0 0.9099873192025943 0.2691863002502173 0.9073828216482926 0.19615190119595766 0.8948042674721827 0.19782171080405736 0.8974087650264844 0.27085610985831693
0 0.8947283941641939 0.26818059541984735 0.891647891931612 0.20099654153257757 0.8827619498623479 0.2025132375173957 0.88584245209493 0.2696972914046654
0 0.882914706726014 0.27209732729007635 0.8804890301681505 0.2030967423664122 0.8712205150290139 0.20430965639652504 0.8736461915868774 0.27331024132018916
0 0.8734019082321366 0.20368482994559964 0.8615270500768053 0.20196156513483243 0.8587634002895916 0.27285387972875275 0.8706382584449228 0.27457714453952
0 0.8605869395880171 0.27365260399776853 0.8568766597428288 0.20462440744274804 0.8467278018210149 0.20665506667529562 0.8504380816662033 0.2756832632303161
0 0.8507568693454725 0.20773228852062534 0.8357594579629559 0.2056065866593053 0.8330479571622478 0.27682026618871974 0.8480453685447643 0.27894596805003974
0 0.573886189380966 0.5318685698324235 0.508055141482338 0.5110547176120732 0.5038515663237663 0.5605469285922996 0.5696826142223943 0.5813607808126497
0 0.7287492273646352 0.8491729232869762 0.7286152103069599 0.7642956912823079 0.6113929259227682 0.7649846905947558 0.6115269429804435 0.8498619225994241