0 0.16986962548828125 0.05056985909479079 0.16979307828698015 0.046687100894931576 0.0896761806634827 0.051518347536773146 0.0897527278647838 0.05540110573663236
0 0.25912102001953125 0.9176559624252777 0.25668662527259273 0.885872370623218 0.14709381249999998 0.9115477113578139 0.1495282072469385 0.9433313031598735
0 1.0002730981874546 0.8903249559141954 0.9999999999970913 0.8563747955393576 0.9986581689453125 0.8564078112724166 0.9989312671356756 0.8903579716472544
0 1.0001061258246542 0.8343916028932762 0.9994174042968752 0.7787726968403074 0.9976976294889589 0.7788378355142108 0.998386351016738 0.8344567415671796
0 0.9869168622352139 0.8809287061106763 0.9834169391928196 0.5982857448073543 0.8785036904653593 0.6022594603074934 0.8820036135077536 0.8849024216108153
0 0.9148205341972658 0.606567578106594 0.744646117413303 0.5049288336573338 0.704755922526736 0.7092189011437559 0.8749303393106989 0.8108576455930161
0 0.9967451264648436 0.562967899231426 0.9957514493149402 0.48272168386454845 0.9768326165847334 0.48343825811155355 0.9778262937346368 0.5636844734784311
0 0.9875648774414064 0.6553629846285227 0.986179867567528 0.48318544500239247 0.7927744150367722 0.48794417648727173 0.7941594249106506 0.6601217161134019
0 0.7587678047729455 0.5412881822517243 0.6426619722851356 0.4589745400979287 0.6032012016729374 0.6292271957485243 0.7193070341607474 0.7115408379023198
0 0.9956641967773436 0.47567539026473094 0.9944432867281443 0.37707854149654174 0.939407001957921 0.3791631084911194 0.9406279120071204 0.4777599572593086
0 0.9492090752483558 0.47681841428071964 0.9484019949457381 0.37648620640748787 0.8038028311840768 0.3800440616552804 0.8046099114866946 0.4803762695285121
0 0.8217824818224021 0.5090605265278796 0.8207290966816366 0.37810840456916855 0.6901546653447405 0.3813211691646902 0.6912080504855059 0.5122732911234014
0 0.7024743390414567 0.43923037460112524 0.7020061666787052 0.3810295690215302 0.607365787109375 0.3833581929974381 0.6078339594721266 0.4415589985770332