0 0.17618158300521425 0.17329426329722492 0.17204763252020877 0.15979907326457174 0.12369275263999452 0.1635021830142218 0.127826703125 0.176997373046875
0 0.9519165270848655 0.22368776801504167 0.7992806505994 0.19474562650780317 0.7768783877579264 0.2242820468104517 0.9295142642433919 0.2532241883176902
0 1.0407149358874668 0.036885173547786476 0.960624486328125 0.02122760156250003 0.9198056638128994 0.07342595404013008 0.9998961133722412 0.08908352602541653
0 0.5003611484499417 0.6920765256831523 0.43404961344388476 0.6804589952327634 0.34512170410838355 0.8073565789769742 0.4114332391144406 0.818974109427363
0 0.5599988182335338 0.5474653620371138 0.4848717344475269 0.5378740934821007 0.40914612751675716 0.6861611522794642 0.484273211302764 0.6957524208344774
0 0.647160211080446 0.8893617957868408 0.6393125595915747 0.8892066166057124 0.6357548222474606 0.9341866882920902 0.6436024737363318 0.9343418674732186
0 0.7684135299198027 0.9049836464896086 0.7628550835818515 0.9047918115095455 0.7558416884276739 0.9555953466605618 0.7614001347656251 0.9557871816406249
0 0.7637353745764336 0.8635136897200263 0.6563290978890437 0.860530514266497 0.6413610748032159 0.9952577247560515 0.7487673514906059 0.9982409002095808
0 0.8205480643862064 0.8640157292200518 0.800190685978291 0.8603164937818935 0.7713927656435771 0.8999361781339279 0.7917501440514925 0.9036354135720862
0 0.7774490907438012 0.8166250224090364 0.7501230217421309 0.815270699029167 0.7357906997581006 0.8875662130310565 0.763116768759771 0.8889205364109259
0 1.021583465378596 0.771862255595233 0.9616433152874484 0.7571984433956147 0.8717395318299952 0.8490716582329895 0.9316796819211428 0.8637354704326077