0 0.1984382913127276 0.23913364591012856 0.19677961483256853 0.1961908528681788 -0.001658676480159092 0.21343649602055023 1.1564823173178713e-18 0.2563792890625
0 0.2601273151041667 0.3499293613281251 0.25148219765101343 0.25531141272617447 0.10074555989583334 0.28629978125000005 0.1093906773489866 0.38091772985195066
0 0.077823890625 0.34619736328125 0.07316871931010395 0.29054478464943245 -0.004217061939896062 0.30510923386818245 0.00043810937499999536 0.3607618125
0 0.27600610627842465 0.4783784555846089 0.27485338454625263 0.4646564986316848 0.07291413411458335 0.502825578125 0.07406685584675538 0.5165475350779241
0 0.27344984042798504 0.45581430392183525 0.27229706170147866 0.442092347323474 0.07035609895833332 0.48026363867187494 0.0715088776848397 0.49398559527023617
0 0.2785641983698439 0.50094037766416 0.2774114411933305 0.48721867847071326 0.07547223307291666 0.525389640625 0.0766249902494301 0.5391113398184467
0 0.7830439375806543 0.5522643169880463 0.7654672792088771 0.47150964205845847 0.5582531319928061 0.5729873289766623 0.5758297903645833 0.6537420039062501
0 1.0169804608199149 0.4429234768611591 0.9994924788054919 0.36111526633328545 0.8011783903814101 0.4565000043158765 0.8186663723958333 0.5383082148437501
0 1.0170455053086191 0.5686312674977781 0.9996013341928777 0.48659787827435164 0.8243677416446754 0.5704394799171986 0.8418119127604168 0.652472869140625
0 0.8014341832144716 0.6739014659923452 0.7880232395833334 0.5874249082031249 0.5932654987749069 0.6553825326574978 0.6066764424060452 0.7418590904467182
0 1.001247178643984 0.6679583615283423 1.0000000000000002 0.6170035761718751 0.8795976325539326 0.6236343044872829 0.8808448111979166 0.6745890898437501
0 0.32125566039112274 0.7545574552749992 0.13469616232148537 0.691898919448988 0.1080408502545571 0.8704668279185395 0.2946003483241944 0.9331253637445507
0 0.8679667434220164 0.8251577639775803 0.7599635455729169 0.7756843046875002 0.71451577563707 0.9989178375127079 0.8225189734861695 1.048391296802788