0 0.17660930312499998 0.13591010468750003 0.17370660206560112 0.11264639346762821 -0.002902701059398857 0.13468260284262817 0 0.15794631406249998
0 0.24309644375 0.191468121875 0.23296250777767105 0.13990585552257057 0.09035866875000001 0.16793290468750002 0.10049260472232899 0.2194951710399294
0 0.074017215625 0.20180376406249997 0.06838170840078901 0.1714949596144973 -0.002346848995880857 0.18464596650593612 0.003288658228330138 0.21495477095393878
0 0.2675935625 0.25982237656249996 0.26620033196195214 0.2523490843141758 0.0822307484375 0.28664615625 0.08362397897554785 0.29411944849832417
0 0.26338886249999993 0.24782091093750003 0.2619955888901502 0.24034761628135456 0.07802463906249998 0.2746459921875001 0.0794179126723498 0.2821192868436455
0 0.27179967343749994 0.271822540625 0.27040642616895416 0.2643493872593557 0.0864370890625 0.2986474625 0.08783033633104578 0.3061206158656443
0 0.7855702557029143 0.14125058424762166 0.6332537687500002 0.05011587656250005 0.5529391946104756 0.1843483122040192 0.7052556815633897 0.2754830198891408
0 0.29608586700676076 0.8785935203951498 0.2875068328125 0.8463171515625 0.24138828455573919 0.8585754264798503 0.24996731875 0.8908517953125001
0 0.21788179273930003 0.8853601023086272 0.213553478125 0.8693270281250003 0.14898440569819998 0.8867581992538733 0.15331272031249998 0.9027912734375002
0 0.08275061250000004 0.45564296093750006 0.04645833098522313 0.4531408197072394 0.04526709687500005 0.4704190625 0.08155937838977696 0.4729212037302607
0 0.23616330315214729 0.6700550265047707 0.2309706703125 0.6390520484375 0.1752633390353527 0.6483823688077291 0.180455971875 0.679385346875
0 0.6575419499999999 0.4671566921875 0.657007071408812 0.38623967571713763 0.5346402885963121 0.3870485460296376 0.5351751671875 0.4679655625
0 0.6619747872734886 0.8804641294806513 0.6586028317537064 0.7439461863696943 0.5339366031250001 0.7470254078125002 0.5373085586447822 0.8835433509234571