0 0.3508888882144712 0.1762295204069853 0.24102467172352748 0.16897202230186226 0.24006869531250005 0.20153311914062505 0.34993291180344377 0.2087906172457481
0 0.0837147759073033 0.7167055856985003 0.07541384307021715 0.6705490306239463 0.05041772105088709 0.6806636295558547 0.05871865388797323 0.7268201846304086
0 0.5996031393229166 0.06741684375000011 0.5598958333333334 0.06741684375000011 0.5598958333333334 0.19920439843750012 0.5996031393229166 0.19920439843750012
0 0.5602424646179934 0.9700655174692903 0.5598958333333334 0.963340384765625 0.4780361513781102 0.9728337342545814 0.47838278266277023 0.9795588669582467
0 0.45839920916102656 0.9750337099748045 0.45605518818756235 0.942262695043214 0.38630854716474866 0.9534874641535612 0.38865256813821275 0.9862584790851517
0 0.5625325825679893 0.9557167402522162 0.5598878446215997 0.9226493704051797 0.45298178837573894 0.9418877203604497 0.45562652632212847 0.9749550902074862
0 0.2817723187048435 0.9917181762957421 0.27705927649602147 0.9405201544897863 0.1259861208172238 0.9718110481999684 0.13069916302604578 1.0230090700059242
0 0.4285639570027157 0.9344803506292897 0.4258737229702869 0.9015958582214838 0.3548509687527555 0.9146689691952696 0.35754120278518436 0.9475534616030755
0 0.23623501011063305 0.9403800213320471 0.23189633517974487 0.8996907655419089 0.1406461602449862 0.921583176380257 0.14498483517587435 0.9622724321703953
0 0.39462200523110225 0.8899327431600069 0.39297278172266653 0.869773202557431 0.32845172811099016 0.8816495489054024 0.3301009516194258 0.9018090895079783
0 0.0641415811519982 0.9230486957111341 0.03784763049610692 0.8971665813382264 0.0313943407322271 0.9119175240314474 0.05768829138811837 0.9377996384043552
0 0.5157585940715271 0.840984378991314 0.5130791473335606 0.8072462821724429 0.3735784419004886 0.8321740545443593 0.3762578886384551 0.8659121513632304
0 1.0148113679485167 0.8149826238756268 0.9915644983648665 0.6639427425692421 0.7070821957175092 0.7624596150364561 0.7303290653011597 0.9134994963428408