0 0.5028436717091431 0.27350311289748297 0.4865026028794043 0.24269973998287997 0.3534667211538461 0.3132747548076923 0.36980778998358493 0.3440781277222953
0 0.9447899951923076 0.31451628365384615 0.9357712168830942 0.2703499811148093 0.8384235317869403 0.2902284210186554 0.8474423100961537 0.3343947235576923
0 0.9483848341346153 0.2561840793269231 0.9452431117365203 0.2339282005786892 0.8266562175057511 0.2506683664440738 0.829797939903846 0.27292424519230774
0 0.9197668054153717 0.14855220874994962 0.9124027388967414 0.10672369647957354 0.8171130152121387 0.12349980984500855 0.8244770817307691 0.16532832211538467
0 0.907681205527482 0.09495039482092839 0.9039530907627639 0.06650132954502906 0.8054540126391281 0.07940916549333149 0.8091821274038462 0.10785823076923082
0 0.15702688942307697 0.7236943918269232 0.12078339623143626 0.6228318562722712 -0.03624349319164066 0.6792571976184251 6.832141690000964e-17 0.780119733173077
0 0.20423315408218856 0.8628463587513355 0.1991863260590584 0.8481823495145153 -0.005046828023130099 0.9184721037439492 3.416070845000482e-17 0.9331361129807694
0 0.19639552197606294 0.8382975884000946 0.19135162782160917 0.8236424683882428 -0.005043894154453721 0.8912364713343023 6.832141690000964e-17 0.905891591346154
0 0.21207285113874763 0.8873921717509579 0.2070229378341533 0.8727195633078018 -0.0050499133045942895 0.9457092785760749 6.832141690000964e-17 0.9603818870192309
0 1.011994904880528 0.9662748898899983 0.978509096336531 0.8087365435581971 0.6996225689907026 0.8680157036969847 0.7331083775346996 1.0255540500287859
0 0.8505152355769231 0.5034481081730771 0.4879807692307692 0.503448108173077 0.4879807692307693 1 0.8505152355769231 1