0 0.2640132742325271 0.12911266995337795 0.17824214843750003 0.1215830390625 0.17020063652665302 0.1444835483863722 0.25597176232168006 0.15201317927725014
0 0.058271859088700334 0.5193747320364985 0.052514476562499995 0.48490120117187496 0.033174710424400164 0.48570867888616504 0.0389320929506005 0.5201822097507885
0 0.7452109879875399 0.32516991505578685 0.7428257246093751 0.27328723828125 0.7046599397468354 0.27372589842077566 0.7070452031250002 0.3256085751953125
0 0.7226145203568966 0.3555656557775071 0.6734185519454694 0.29243199921761687 0.5063657327604479 0.3249753590651099 0.555561701171875 0.38810901562500005
0 0.4102713754870996 0.7566673130908371 0.40807292156024844 0.7250633758736337 0.28004661522665714 0.7272898384656594 0.2822450691535083 0.7588937756828629
0 0.4082031250000001 0.5362897001953125 0.3068109121093751 0.5362897001953125 0.3068109121093751 0.5924792646484375 0.4082031250000001 0.5924792646484375
0 0.6896727984599942 0.9935193895494562 0.6802089827028195 0.9573713930696838 0.5384734464528771 0.9666482488565903 0.5479372622100518 1.0027962453363626
0 0.53775177734375 1 0.528503693359375 0.9646760029296875 0.4611210028431568 0.9690863247552918 0.47036908682753187 1.0044103218256044
0 0.7023846236658172 0.9247222964652259 0.683551638059039 0.8527878096654073 0.5859634286708371 0.8591751400842431 0.6047964142776153 0.9311096268840616
0 0.5992886213272061 0.9281273178432439 0.5786839339091482 0.8494256373765106 0.4485660443410647 0.8579420960662998 0.46917073175912255 0.9366437765330331
0 0.4608127239107494 0.9318005910752205 0.44073269726562503 0.8551028974609375 0.42679148095176966 0.8560153759914376 0.4468715075968941 0.9327130696057206
0 0.7120443259996319 0.8194943775424927 0.57752145515201 0.818178914577473 0.5764688317717065 0.845089957078325 0.7109917026193283 0.8464054200433446
0 0.5683665707809709 0.8190439210739122 0.5233120342533363 0.6469535849410528 0.39551753401365686 0.6553179738260775 0.44057207054129144 0.8274083099589369
0 0.4295716301733771 0.8124720810746422 0.408203125 0.7308529228515627 0.3942619108051579 0.7317654013496605 0.4156304159785349 0.81338455957274