0 0.4282574872305721 0.48001003937843184 0.4146632916392641 0.44789966498068695 0.27552232692307693 0.50680615625 0.28911652251438497 0.5389165306477449
0 0.6963093197115384 0.6109434567307693 0.6509252235576923 0.6109434567307693 0.6509252235576923 0.6586538461538461 0.6963093197115384 0.6586538461538461
0 0.8574429654307527 0.07588599282335834 0.835858774813974 0.016049842069425228 0.6084772176699981 0.09807127577291194 0.6300614082867768 0.15790742652684506
0 0.9653666487414678 0.001401685019372562 0.895136984286537 -0.004812158316010972 0.890854020854542 0.043594450680540624 0.9610836853094729 0.04980829401592416
0 0.8422392731040117 0.029393054565191166 0.8410020852325171 -0.0014986109162785771 0.7882248320337379 0.0006150782141276298 0.7894620199052326 0.031506743695597375
0 0.7912686017762411 0.029944207022861286 0.774666139891135 -0.007478123087777315 0.666645985285271 0.040445148775972634 0.6832484471703771 0.07786747888661123
0 0.1927194608547499 0.9977390482611349 0.14239980636888155 0.7774949795814786 0.02649580752645974 0.8039758251735756 0.07681546201232808 1.0242198938532319
0 0.3587494182692309 0.8549384951923078 0.30673147368582887 0.8502457361766436 0.29915969003198273 0.9341768780035665 0.35117763461538476 0.9388696370192308
0 0.9841486946738845 0.9997069885193332 0.965603536578527 0.8486687979701844 0.8296051658520623 0.8653672983737141 0.84815032394742 1.0164054889228629
0 0.8001197548076924 0.8545253629807692 0.6298076923076923 0.8545253629807692 0.6298076923076923 1 0.8001197548076924 1
0 1.018163256324499 0.8131531138713972 0.9999999999819683 0.6652252570646843 0.7936112583887247 0.6905666072382933 0.8117745147312554 0.8384944640450063
0 0.8040306322115385 0.6586538461538461 0.6298076923076923 0.6586538461538461 0.6298076923076923 0.8511489663461538 0.8040306322115385 0.8511489663461538