0 0.2273444141114064 0.3597078437210559 0.21958745383696207 0.3473965824659947 0.19635588503805568 0.36203410436993877 0.2041128453125 0.374345365625
0 0.3266817580622444 0.335634378242766 0.32158469910356596 0.3220096694787844 0.2967208082288216 0.3313113521735185 0.3018178671875 0.34493606093750007
0 0.25524363912433695 0.4393471824105279 0.24748457808236518 0.42703470576067665 0.22425322958302824 0.4416746077251489 0.232012290625 0.4539870843750001
0 0.3473786993778353 0.38690750950930125 0.3422817375 0.37328305781250004 0.3174163428096648 0.3825853014281988 0.3225133046875 0.396209753125
0 0.2463337675664708 0.411308809701551 0.23857470776536743 0.3989963318755499 0.21534266519889664 0.41363666748649913 0.22310172499999997 0.4259491453125001
0 0.3423518944466187 0.42497523944936216 0.33519508124999997 0.41289770781250007 0.2520112477408813 0.4621901605506379 0.2591680609375 0.4742676921875
0 0.2742656272221299 0.38717264113972133 0.24265167812499996 0.30743395937500007 0.2237503898687236 0.31492774221138087 0.2553643389658535 0.39466642397610213
0 0.3370305894512593 0.36126982483269154 0.3319327724158672 0.347645806422243 0.30706709390210785 0.35695001283955163 0.3121649109375 0.37057403125000016
0 0.2869856189968627 0.3753131731366871 0.25946040468750003 0.30207659843750007 0.24733628169551683 0.3066333255241795 0.2748614960048795 0.37986990022336653
0 0.31860309352943583 0.4146867047021382 0.3108282109375 0.4005820671875001 0.25956192365806424 0.428841521860362 0.26733680625 0.4429461593750001
0 0.3647672934970291 0.4355180470272827 0.35660030540347765 0.4218216019128923 0.24256199628144856 0.48982096269810976 0.250728984375 0.5035174078125001
0 0.23769283746621936 0.3853431306378204 0.22993377704468174 0.3730306533998943 0.2067024302034624 0.38767055244957394 0.21446149062500003 0.3999830296875001
0 0.3180415219681548 0.3096682655452815 0.31294446406250004 0.29604355625 0.2880805749068453 0.30534523601721847 0.29317763281250003 0.3189699453125
0 0.30598650794478244 0.284358466294119 0.30088868806470315 0.27073444606078345 0.27602300980742067 0.28003865632916447 0.28112082968749996 0.2936626765625
0 0.8100191650709105 0.32891940608183223 0.7627654484375 0.03057116718749999 0.60472142659925 0.05560287996457537 0.6519751432326605 0.3539511188589076
0 1.0321216621159375 0.3306619526141563 0.9994073004684669 0.10196287738701018 0.916251228125 0.11385797499999999 0.9489655897724706 0.3425570502271461
0 0.24513964218750012 0.7664623937500001 0.2404100678022127 0.7537009406169036 0.21304542187499997 0.7638426640625 0.21777499626028737 0.7766041171955964
0 0.2874310671687136 0.7626968999391494 0.28117547081216365 0.744291732441447 0.20851261145595013 0.7689885746897976 0.21476820781250003 0.7873937421875
0 0.7456402662277478 0.7348230260635494 0.5492533333810867 0.5921395667408592 0.5004554872283766 0.6593040396303247 0.6968424200750376 0.8019874989530148