0 0.44944303125 6.650840061091145e-17 0.27466670833333334 5.0455455778913446e-17 0.27466670833333334 0.048240472656250054 0.44944303125 0.04824047265625007
0 0.8801629187807499 0.46944630079163646 0.8760463467565485 0.4198588874819125 0.5747598014394238 0.47613531494832656 0.5788763734636254 0.5257227282580506
0 1.0015832693652642 0.344117230465643 0.9999999998396135 0.325045488302389 0.9711780175698167 0.33042906433144226 0.9727612870954673 0.3495008064946963
0 1.0127333762630797 0.30580169497783694 0.99352446999435 0.2508006215586379 0.8384601632568108 0.3726507052806629 0.8576690695255406 0.42765177869986193
0 0.7861926601546668 0.4226270950172722 0.7256752838548564 0.010545043184166936 0.5119897302933828 0.08115306953152251 0.5725071065931931 0.49323512136462777
0 1.0143658389980386 0.32007021455879736 0.9492855092277009 -0.07091379013591081 0.7289942745218486 0.011589352097679584 0.7940746042921862 0.40257335679238776
0 0.7441357702988429 0.02615530319729578 0.7420774966957744 0.0013617434633470815 0.537320879865022 0.039607625619728346 0.5393791534680905 0.06440118535367705
0 0.3903735728720987 0.8778414766501811 0.1223305364583334 0.8055505644531249 0.11776359346415971 0.8436509116155398 0.38580662987792497 0.915941823812596
0 0.3940346376311155 0.8241162048991544 0.12675910416666672 0.7553690507812503 0.12217270435031212 0.7954888646845852 0.38944823781476096 0.8642360188024893
0 0.39733026302083335 0.7831249882812501 0.12968582291666675 0.7117685507812501 0.12597999319251532 0.743043243042817 0.393624433296682 0.814399680542817
0 0.4047167500000001 0.7188634082031251 0.1386525778734867 0.644661117966303 0.1345326315104167 0.6778997519531251 0.4005968036369301 0.7521020421899471
0 0.40886351692708334 0.67927561328125 0.1432979537069532 0.6092923206962649 0.13975520987699008 0.6395405289906109 0.4053207730971202 0.7095238215755959
0 0.41610546223958345 0.63882157421875 0.14636073828125004 0.56667202734375 0.14260194547564226 0.5982911820894365 0.41234666943397563 0.6704407289644365
0 0.7149902278645833 0.5972007500000001 0.7109796800734257 0.5683040953075158 0.6643479947916667 0.582866052734375 0.6683585425828243 0.6117627074268592
0 0.8091422096354166 0.70867344140625 0.8042683128069109 0.6636958428871979 0.7668989205643552 0.6728071066884058 0.7717728173928609 0.717784705207458
0 0.77619763671875 0.8155814589843752 0.7751604249076068 0.8036596550475518 0.7470938411458333 0.8091537675781251 0.7481310529569765 0.8210755715149485