0 0.19299729512914296 0.2885698633369303 0.18299567030636726 0.27911808267067456 0.16451812205222427 0.29867053652124426 0.174519746875 0.3081223171875
0 0.18318972839578962 0.334065583603047 0.16240405156249998 0.30012842968750003 0.14122456691671034 0.3131003460844531 0.16201024375 0.34703750000000005
0 0.8177314421874999 0.493276628125 0.771088705428082 0.48448230235308476 0.7624308796874998 0.5304010796874999 0.8090736164469179 0.5391954054594154
0 0.8706024843750002 0.5037018671875001 0.8230529339876854 0.4948228414561816 0.8145350230501853 0.5404385258311818 0.8620845734375001 0.5493175515625002
0 0.8825071032598618 0.4510320906818655 0.8345705014375338 0.4424719864351596 0.8263557606776718 0.48847455200329415 0.8742923625 0.49703465625000004
0 0.8945829396099357 0.3981998517500622 0.8475529216592967 0.38973648457415033 0.8395084781249998 0.4344385890625002 0.8865384960756388 0.442901956238412
0 0.8412345547573761 0.38492457620847176 0.8076094571218864 0.3799844182939963 0.7972323023645104 0.45061633896052466 0.8308574000000002 0.45555649687500005
0 0.8074552531249998 0.33309549531250005 0.7325325039558054 0.316457111727091 0.7261415915894833 0.3452354315516294 0.8010643407586777 0.36187381513703853
0 0.8209897953125003 0.2885850953125001 0.768438501810164 0.2786586310668744 0.7606024276320801 0.32014327492886513 0.8131537211344163 0.33006973917449084
0 0.7637306375 0.2783084000000001 0.7130527710764263 0.267252841839752 0.7039545234375 0.30895854062500006 0.7546323898610738 0.3200140987852482
0 0.7081223046874998 0.26489249375 0.6554381834390646 0.2538643606024832 0.64661611875 0.29600954687500003 0.6993002399984353 0.3070376800225169
0 0.7205086656249999 0.3149219421875 0.6414870422791015 0.29706789123272453 0.634127540625 0.32964087812500004 0.7131491639708984 0.3474949290797756
0 0.7109827796875001 0.3440299343750001 0.6305878944854726 0.32922209327736673 0.62504511875 0.35931498906250015 0.7054400039520276 0.37412283016013353
0 0.287047290625 0.821137865625 0.28273788580115694 0.8071166119157545 0.23274599375 0.8224815218750001 0.23705539857384306 0.8365027755842457
0 0.3858544257687326 0.8503617504347852 0.37977959222155333 0.8327562584729528 0.3142189984375 0.8553781593750001 0.3202938319846793 0.8729836513368326
0 0.4187733156249999 0.8395478234375 0.41599614900905335 0.8304260277168304 0.3831387859374999 0.8404295812499999 0.3859159525534465 0.8495513769706695
0 0.6322593328125001 0.713145853125 0.509375 0.713145853125 0.5093750000000001 0.9589837609374999 0.6322593328125002 0.9589837609374999