0 0.1699401995251967 0.3017280306946487 0.14722457205899106 0.2975230723126177 0.1309749643306694 0.33653733458671914 0.15369059179687505 0.3407422929687501
0 0.18888497711810148 0.3480069662738999 0.16543830859375003 0.3306104674479167 0.15300403132094959 0.33805877019668684 0.17645069984530104 0.35545526902267
0 0.6851261189473444 0.4764648944355457 0.6616853763990386 0.010005073359919651 0.5281523729023415 0.01298745504067813 0.5515931154506474 0.4794472761163042
0 0.9003202689665671 0.38351822092700405 0.8374638550584098 -0.008301918482628928 0.6971979969218955 0.0016988252820947514 0.7600544108300529 0.3935189646917278
0 0.12562354920965402 0.9210328525433035 0.12054821913469785 0.8907668042314759 0.06462029590439426 0.8949350637042114 0.06969562597935043 0.9252011120160389
0 0.12425270487291143 0.89822657326645 0.1180035622657476 0.8396253337677986 0.005339553013067003 0.8449650271223206 0.011588695620230835 0.903566266620972
0 0.2392060453615985 0.8441954574887717 0.22055336824289623 0.732962940410207 0.10123995569379772 0.7418552824006021 0.1198926328125 0.8530877994791667
0 0.11001864361447336 0.8513306235331061 0.09248038499415145 0.7447547700192433 -0.010078585801845813 0.7522557634717413 0.007459672818476093 0.8588316169856042
0 0.27720331276326304 0.6683856496395499 0.20981481936961055 0.6333598942219089 0.09668502863866951 0.7300969135875383 0.164073522032322 0.7651226690051792
0 0.2511173224623394 0.7208004393859336 0.22422706546437848 0.5987918321769481 -0.026890256997960937 0.6233897664889312 2.7755575615628914e-17 0.7453983736979168
0 0.5374039843750003 0.8050959700520833 0.4785156250000001 0.8050959700520833 0.47851562500000017 0.9418066263020833 0.5374039843750003 0.9418066263020833