0 0.4732668125 0.30963151171875003 0.3434873507856837 0.28998275934770185 0.341058482421875 0.3060253671875 0.4708379441361913 0.3256741195585482
0 0.9347246083444165 0.31999399120344985 0.7250896062957063 0.31580423887444864 0.7232670811477281 0.40699460840670515 0.9329020831964383 0.4111843607357064
0 1 0.4163388398437501 0.827378546875 0.4163388398437501 0.827378546875 0.5185771015625001 1 0.5185771015625003
0 0.3734184101562502 0.8101252617187501 0.3006886921814578 0.77470592113451 0.2858136289062502 0.8052502265625001 0.3585433468810426 0.8406695671467403
0 0.53971507421875 0.77356336328125 0.49443157146053895 0.7507588724961825 0.48996347265625007 0.759631298828125 0.5352469754144611 0.7824357896131926
0 0.68515028125 0.6219843027343751 0.6386718750000001 0.6136124726562501 0.612890506598725 0.7567444883628738 0.6593689128487249 0.7651163184409988
0 0.8012344062500002 0.9729847363281251 0.639121156748786 0.9366738868436438 0.630454339325238 0.9753677195496393 0.7925675888264523 1.0116785690341206
0 0.8144565175781251 0.9221466191406251 0.6449896451575665 0.8845531091105253 0.6361536095210906 0.9243848599289844 0.8056204819416491 0.9619783699590843
0 0.8400810429687502 0.8169206562500001 0.6731529330677275 0.781377648180491 0.6647262494739775 0.8209536559929911 0.8316543593750002 0.8564966640625001
0 0.7676694863281252 0.7475735078125 0.6833685302051428 0.727185793431999 0.6734824794238927 0.7680635258538739 0.7577834355468751 0.788451240234375
0 0.795139541015625 0.645220435546875 0.7048184248321286 0.6266772603472973 0.697278416920288 0.6634035449938094 0.7875995331037844 0.6819467201933871
0 0.8866612167968753 0.6137435273437503 0.723902097508763 0.5725490304480108 0.71448202734375 0.6097676503906251 0.8772411466318623 0.6509621472863646