0 0.6072315130208332 0.2869283932291667 0.6033965650123183 0.2411937209622241 0.49262159168216174 0.25048243436736733 0.49645653969067666 0.29621710663430995
0 0.2821268697916666 0.3415740481770834 0.26827712735320447 0.2827776675574471 0.2504877057291666 0.28696804296875 0.26433744816762883 0.3457644235883863
0 0.36313330208333333 0.3223335729166667 0.35136555887666726 0.2723759368082814 0.3217165249489524 0.2793598985159595 0.33348426815561855 0.3293175346243447
0 1 1.15854774629661e-16 0.8901712005208333 1.0912970024284309e-16 0.8901712005208333 0.029048348958333452 1 0.029048348958333456
0 1.0034107747374978 0.04010112829458894 0.8873861998655972 0.030485612037876253 0.8839754251280992 0.07164135223287077 0.9999999999999999 0.08125686848958345
0 0.9770463927470389 0.08090021578550638 0.8837627216551432 0.07312475727644552 0.8790401505226878 0.1297823513867726 0.9723238216145833 0.13755780989583347
0 0.9706430091145832 0.1424855221354168 0.8746997135401258 0.132976921968726 0.8651282877604168 0.22955413802083346 0.9610715833348743 0.23906273818752424
0 0.9512414726562503 0.24777284375000017 0.861760705559886 0.23891045154871593 0.85922181640625 0.2645448111979168 0.9487025835026142 0.273407203399201
0 0.8778956432291666 1.0056446790806436e-16 0.7637031276041667 9.357219297072733e-17 0.7637031276041667 0.0176828164062501 0.8778956432291666 0.017682816406250107
0 0.87658070703125 0.02940303776041675 0.7624464735690643 0.012602465057998002 0.7584793619791667 0.03955292968750007 0.8726135954413524 0.05635350238991882
0 0.8646629114583332 0.09755302994791674 0.75165180078125 0.0842782500000001 0.7485050033471694 0.11106762613252524 0.8615161140242525 0.12434240608044189
0 0.8626669817708333 0.13202041015625013 0.8053710898437499 0.12424561718750012 0.8016010945306391 0.1520283819368408 0.8588969864577224 0.1598031749055908
0 0.8541466328124999 0.20349029557291676 0.7932600526608761 0.19694077819009462 0.7905845781249998 0.22181291536458336 0.8514711582766238 0.22836243274740553
0 0.8465322356770834 0.2396979583333335 0.734957057440985 0.22591486949741066 0.7318216909030295 0.2512959059597257 0.8433968691391277 0.26507899479564845
0 0.46919488208569077 0.717236567113956 0.46572943152159435 0.649306054819838 0.37897410714972635 0.6537318463769685 0.3824395577138227 0.7216623586710864
0 0.6197916666666669 0.6417977239583336 0.5505424036458335 0.6417977239583335 0.5505424036458335 0.7124936236979167 0.6197916666666669 0.7124936236979167
0 0.36641444791666666 0.7214986679687502 0.3617364236181211 0.653844986350287 0.23281617622228779 0.6627593873919536 0.23749420052083337 0.7304130690104169
0 0.8114024226360553 0.6945119780174612 0.7523115722062136 0.6706597483341632 0.6932898874112617 0.8168784287109453 0.7523807378411035 0.8407306583942434
0 0.7426406674907767 0.868267048209598 0.6864277176778443 0.8434310807761295 0.6176672408575561 0.9990613876271309 0.6738801906704887 1.0238973550605994