0 0.493583234375 0.018134392578125075 0.4265138357284325 -0.013781765836524795 0.39367095486905745 0.0552350701009752 0.4607403535156249 0.08715122851562507
0 0.5858900854092808 0.06186405008723911 0.5011287512192221 0.016471528899684673 0.4627868101390964 0.08806733359094544 0.5475481443291551 0.13345985477849986
0 0.67733620703125 0.2592941406250001 0.578125 0.2592941406250001 0.578125 0.4962056660156251 0.67733620703125 0.4962056660156251
0 0.38331908984375 0.7765588085937501 0.3642996256032372 0.6818831221879298 0.3119081800333309 0.6924080759892085 0.3309276442738437 0.7870837623950289
0 0.04623903125000008 0.653655642578125 8.004972904279072e-17 0.653655642578125 8.491612596772465e-17 0.733129935546875 0.04623903125000008 0.733129935546875
0 0.13106837109375002 0.7470242421875 0.11629851275486552 0.6504942730876145 0.05656828320312499 0.6596334765625 0.07133814154200949 0.7561634456623855
0 0.3147167462639421 0.6928404733435632 0.18158658542953932 0.6695836266338078 0.16862008151412872 0.74380833874813 0.3017502423485315 0.7670651854578855
0 0.6478058324633585 0.8366656087556289 0.597975824543082 0.8253768314886558 0.5960048459599734 0.8340769657976508 0.64583485388025 0.8453657430646239
0 0.6791678091849009 0.7456786115463326 0.6739434698615961 0.7443430751459604 0.6670523946652663 0.771299521348403 0.6722767339885711 0.7726350577487752
0 0.6535233264551707 0.7380093741105539 0.6361158984375 0.7355629199218751 0.635572218809646 0.7394314019193466 0.6529796468273168 0.7418778561080255
0 0.6637139325215149 0.6681366542265715 0.6600347204040063 0.6216757814805334 0.6467298891125919 0.6227293840845214 0.6504091012301004 0.6691902568305595
0 0.683914734375 0.6199970527343751 0.6761787597656249 0.61890983203125 0.6740041793162524 0.6343827705928842 0.6817401539256276 0.6354699912960091
0 0.6271007969441752 0.629924594419857 0.6250680242601436 0.6077622192063623 0.5762446019638251 0.6122403908025396 0.5782773746478567 0.6344027660160342
0 0.72226282421875 0.59974609375 0.706789884662126 0.5975715144308529 0.7048871243509587 0.6111103607843545 0.7203600639075827 0.6132849401035017