0 0.18386366145833333 0.36259658203125 0.1635710569444408 0.3055051748149999 0.11084633463541667 0.34767131640625 0.13113893914930919 0.4047627236225001
0 0.9043833466113026 0.036961693787714994 0.5586346884479678 -0.03592599405265215 0.5461441842845819 0.09738587465963301 0.8918928424479168 0.17027356250000014
0 0.4217394661458333 0.6966156250000001 0.4149772077280685 0.6005015308813844 0.3735621486796478 0.607057629672528 0.38032440709741255 0.7031717237911437
0 0.43108325260416674 0.8810308691406249 0.4193566833148959 0.7021971766731214 0.37846064192708334 0.708230900390625 0.3901872112163542 0.8870645928581284
0 0.4405601562500001 0.9999999999999999 0.4301296700608754 0.8856582354383541 0.38963023088998155 0.8939707264669581 0.4000607170791062 1.0083124910286039
0 0.3576149986979167 0.6959885449218751 0.3541011041607071 0.6085494335202727 0.08752167057291667 0.6326536015625 0.09103556511012623 0.7200927129641024
0 0.3693731966145833 0.888021013671875 0.36483022831541634 0.707409141533505 0.08953539888400502 0.7229893758420503 0.09407836718317197 0.9036012479804203
0 0.3761434179687501 0.892558515625 0.09823632682291673 0.892558515625 0.09823632682291673 1 0.37614341796875017 1
0 0.07527027083333335 0.93772706640625 0.07366584734307585 0.8785486920979944 -0.001604423490257495 0.8831402702229944 4.625929269271485e-18 0.94231864453125
0 0.07168938706362271 0.8774116817882164 0.06980613151041666 0.6990211171875 -0.001883255553206038 0.7007239607899086 -1.1564823173178713e-18 0.879114525390625
0 0.5873016858627952 0.9602694538959095 0.5285717090023215 0.9453575234899615 0.5278035787302421 0.952164329297336 0.5865335555907158 0.9670762597032839
0 0.6335435794270833 0.9267992910156253 0.5826916271073311 0.9193619959156736 0.5820566510416668 0.9291305996093752 0.632908603361419 0.9365678947093268
0 0.6392600429687502 0.8704382070312502 0.5858581401452827 0.8626279719906335 0.5828102161422432 0.9095178691958595 0.6362121189657106 0.9173281042364763