0 0.32024158723958335 0.239782990234375 0.3169495480548427 0.22010065784587296 0.2574096738460344 0.24250740766252385 0.260701713030775 0.2621897400510259
0 0.22497398177083336 0.19664975781250005 0.22067185792851318 0.1724980935093414 0.143386811863669 0.20347327307059065 0.14768893570598918 0.22762493737374934
0 0.1456050572916667 0.218022328125 0.14359143846764744 0.2052669035917441 0.1042808029878507 0.21922978108004543 0.10629442181186995 0.23198520561330133
0 0.8766404151182899 0.4816080148693236 0.8748957101980399 0.4186881052853728 0.7554240012306696 0.42614196972430396 0.7571687061509196 0.4890618793082548
0 0.9241240398847893 0.46336576256538936 0.9227494098669419 0.4137921614763851 0.8769697906666637 0.4166483709123716 0.8783444206845111 0.4662219720013759
0 0.9307113313456701 0.2970774000168064 0.8866582083042339 0.2931360412477442 0.8819997126390033 0.4102905336942044 0.9260528356804395 0.41423189246326664
0 0.9913834895900342 0.2983676373879176 0.9351987570536128 0.2928025325918763 0.9306687215745754 0.3957057828398025 0.9868534541109968 0.40127088763584384
0 0.8845755723809745 0.23558669019850975 0.7638519896196376 0.22411826769225376 0.7556800772655379 0.4176689245446611 0.8764036600268748 0.4291373470509171
0 0.36602668619791673 0.715286697265625 0.31564791876605475 0.710335571049289 0.31509555679685247 0.7229814735025271 0.36547432422871445 0.727932599718863
0 0.3238053566847327 0.777169701776108 0.3237473061458708 0.7650338818438602 0.26933125414863807 0.7656195433490022 0.2693893046875 0.77775536328125
0 0.8127333926871224 0.6315205720733997 0.726739413350263 0.5054794835289758 0.6734678309609539 0.5872570186827619 0.7594618102978132 0.713298107227186