0 0.5035546537279607 0.39022861264982733 0.48537768124999997 0.32185017500000007 0.2950800150220392 0.37243681547517277 0.3132569875 0.440815253125
0 0.5215843040661781 0.40881873003812325 0.516199221249176 0.3900097905148273 0.296665823432998 0.4528631761017041 0.30205090625000003 0.471672115625
0 0.8505466281249999 0.2444550718750001 0.678125 0.2444550718750001 0.678125 0.5375000000000001 0.8505466281249999 0.5375000000000002
0 1 1.0275552049095762e-16 0.678125 8.304636106717989e-17 0.678125 0.4797303875000001 1 0.4797303875000002
0 0.340164484375 0.962664503125 0.3375486717336531 0.9252566498784818 0.28143609048365303 0.9291804248784817 0.28405190312499995 0.9665882781249999
0 0.4562277762481751 0.9200902290918826 0.453393878125 0.8795635906250002 0.42845477494185047 0.8813075022934242 0.43128867306502566 0.9218341407603067
0 0.06370910886599178 0.9999361716306419 0.06143470211489156 0.8976456249186165 -0.0018024067856842545 0.8990516874730424 0.0004719999654159701 1.0013422341850677
0 0.4469680531560095 0.8611725105929879 0.4436425892424909 0.8310048340477566 0.3618286493564306 0.840023404115821 0.3651541132699492 0.8701910806610524
0 0.27729428754692753 0.869949856290793 0.27489639375 0.8356583937499998 0.22190020620307244 0.8393642499592069 0.22429809999999994 0.8736557125000001
0 1 0.7551024843750002 0.804142575 0.7551024843750002 0.804142575 1 1 1
0 0.954540671875 0.5375000000000001 0.678125 0.5375 0.6781250000000001 0.72793468125 0.954540671875 0.72793468125