0 0.357763234018982 0.17276487829535955 0.253730276298269 0.1714588393700788 0.25345725865744945 0.20187735083849884 0.3574902163781624 0.2031833897637796
0 0.36480045949885137 0.16313422076329107 0.24401178095872178 0.15975238976377956 0.24384340917018035 0.1681639406757506 0.36463208771030997 0.1715457716752621
0 0.757751060656655 0.15025477617256394 0.6580427809587216 0.1414625181102363 0.657141790489347 0.15575420250834562 0.7568500701872803 0.16454646057067326
0 0.7617015547334778 0.1058078942002404 0.6611095812250333 0.09605145590551191 0.6590818900068685 0.12529340186275192 0.7596738635153131 0.13504984015748042
0 0.7621736924101198 0.07187431023622057 0.6632362290279629 0.06236354173228356 0.6621797200945371 0.07773626317113455 0.7611171834766941 0.08724703167507156
0 0.37386137477872 0.9124603157375 0.26714335352862845 0.6012105606299214 0.22059002178476741 0.6235366129011144 0.32730804303485894 0.9347863680086931
0 1.0026782247079566 0.9513032300777994 0.9996652432399109 0.9315967063104157 0.910950971261648 0.9505686730830101 0.9139639527296939 0.9702751968503937
0 1.0040173370512024 0.9080534719330219 0.9996652434474611 0.879588431181965 0.903553985623955 0.9001422773591794 0.9079060792276963 0.9286073181102364
0 0.8978337686337537 0.9737247116260255 0.8867861133847276 0.9014670871183862 0.7871915518082307 0.9227658550199199 0.798239207057257 0.9950234795275592
0 0.7910951948409723 0.9973165595766621 0.7823497940697429 0.9238039835449208 0.6767802475425629 0.9413706418738335 0.6855256483137925 1.014883217905575
0 0.6740465739014648 0.9495889992125983 0.5646714900133157 0.9495889992125983 0.5646714900133157 1 0.6740465739014648 1
0 1.0144870442286278 0.8024924116091846 0.9866505972037283 0.6110248984251969 0.9721635529751003 0.6139708860286107 0.9999999999999999 0.8054383992125984
0 1.000336225821923 0.864699257990025 0.9681844219585525 0.6150220213429429 0.8678126512683597 0.633100854797303 0.8999644551317304 0.8827780914443853
0 0.8872152874073855 0.8883624258960724 0.8536302562996253 0.6360396648946035 0.7514814154582786 0.6550572423108832 0.7850664465660389 0.9073800033123522
0 0.7801269501300696 0.9093789757187634 0.74896974949847 0.6574721822486984 0.6452994496390597 0.675407345297648 0.6764566502706594 0.9273141387677127
0 0.6650445236045013 0.929998310371888 0.6332475752594888 0.6787727334223385 0.5292259407227843 0.6971879862704032 0.5610228890677968 0.9484135632199528
0 0.9841186938900169 0.5936096916928915 0.9599996671220702 0.4277117219172657 0.9473233870544806 0.43028948474986795 0.9714424138224271 0.5961874545254937
0 0.9663624680842797 0.5999219617540742 0.9410849801082976 0.411173086064669 0.8402105265910722 0.43006879356142047 0.8654880145670544 0.6188176692508256
0 0.8522436163148216 0.6226865809227047 0.8219269919181761 0.4141596456938761 0.7205176802753201 0.4347815582516739 0.7508343046719655 0.6433084934805026
0 0.7470034359750658 0.6426083205117792 0.7169364394141147 0.43579841574803146 0.6137163626876468 0.45678855473442376 0.643783359248598 0.6635984594981714
0 0.6253382183754993 0.4597732661417324 0.5299600532623169 0.4597732661417323 0.5299600532623169 0.6838167299212599 0.6253382183754993 0.68381672992126