0 0.14754215254325467 0.23695768026483924 0.11386920963541668 0.21382536328125004 0.10332464823799536 0.22917472989141086 0.13699759114583335 0.252307046875
0 0.15509605936573848 0.2906401928424049 0.08755979427083334 0.2423686458333333 0.06434653959259491 0.2748460910117619 0.13188280468750005 0.3231176380208334
0 0.2780248967441827 0.39168264840118044 0.2540743515625001 0.3794589205729167 0.2367909470058175 0.4133231367550696 0.2607414921875001 0.42554686458333335
0 0.45435413735981517 0.5928000611494909 0.4345345555025935 0.5777076428564937 0.4115945391876985 0.6078328038699555 0.4314141210449201 0.6229252221629528
0 0.42843274432850803 0.5756950220261613 0.3998839205729167 0.5357570950520835 0.38794931487899903 0.5442883078706475 0.41649813863459034 0.5842262348447255
0 0.7470424062641924 0.28376426016481404 0.6688506437856531 0.001746434823164389 0.5647860191960626 0.030599208219562562 0.642977781674602 0.31261703356121223
0 0.6160435528364803 0.1298482700139971 0.5926348734899257 0.04611989218474205 0.4920257740464519 0.0742480634126696 0.5154344533930064 0.15797644124192464
0 0.5065375104166666 0.11084753515625007 0.46875 0.11084753515625007 0.46875 0.22428609765625007 0.5065375104166666 0.22428609765625007
0 0.976033703061964 0.4242771686303592 0.9600530995008612 0.34925921522478925 0.864734215877705 0.3695643984765022 0.880714819438808 0.444582351882072
0 0.8061597291201127 0.47032660361983764 0.7940046377928925 0.4129958095955261 0.6972236339331966 0.4335150080590218 0.7093787252604167 0.49084580208333334
0 0.18924348697916682 0.7832122434895833 0.1480719765764195 0.770868981101774 0.12927389843750015 0.8335708216145834 0.17044540884024748 0.8459140840023927
0 0.10917795139765481 0.7808891700078399 1.0177044392397268e-16 0.7739007005208333 -0.005793075587143019 0.8644035103380631 0.1033848758105117 0.8713919798250696
0 0.5300161536458335 0.7358846041666666 0.46875000000000017 0.7358846041666666 0.46875000000000017 0.9542076419270833 0.5300161536458335 0.9542076419270833