0 0.18574614586513735 0.2746095944798263 0.16997445000000005 0.2707847252604167 0.1506966744473627 0.3259869055201738 0.1664683703125 0.32981177473958334
0 0.17483547717493195 0.21548479737537848 0.1586054394457146 0.21168181143296927 0.13989108727078267 0.2671452914013408 0.15612112500000003 0.27094827734375
0 0.4027065921874999 0.16692898307291668 0.31875 0.16303323958333335 0.30515359738825726 0.36651522795648717 0.3891101895757572 0.37041097144607055
0 0.8126668073691178 0.2587520442378988 0.7879662787206505 0.17280630294497468 0.5305969861499171 0.2241723473878707 0.5552975147983844 0.3101180886807948
0 0.7369012120006969 0.447074025205168 0.7121131759023643 0.24544141259676064 0.6433874632134398 0.2513087100025146 0.6681754993117723 0.452941322610922
0 0.8490216085208189 0.44707300065001293 0.8345330322553141 0.3925668440726156 0.576574086392123 0.4401845263777255 0.5910626626576281 0.49469068295512275
0 0.7649270781250002 0.5390625 0.7482558780533688 0.43450577509162497 0.6781637072312556 0.44226685064026455 0.694834907302887 0.5468235755486396
0 0.052526431777816074 0.7472527548254521 9.992007221626409e-17 0.7441919153645834 -0.009077475735171337 0.8523701655213919 0.043448956042644635 0.8554310049822607
0 0.4697504203124998 0.9377130208333332 0.40255347405646685 0.8830439466241976 0.30083331997190144 0.969870454649198 0.36803026622793433 1.0245395288583337
0 0.698008753125 0.8395851666666668 0.5414152752970296 0.7419529849203239 0.4803568312500001 0.8099615976562502 0.6369503090779706 0.9075937794025931
0 0.859145521052248 0.7153610860332856 0.6884001413411787 0.6133064795269131 0.5980214671875002 0.7183138593750001 0.7687668468985696 0.8203684658813725