0 0.31037757883441713 0.2881063370487956 0.28362384374999994 0.233412015625 0.2607358805405828 0.24460766607620438 0.2874896156249999 0.2993019875
0 0.29021565479415495 0.3535913622166932 0.2640811796875 0.2982099906250001 0.24031635656068429 0.30942461316993863 0.2664508316673393 0.36480598476163184
0 0.828713585713647 0.051958355257886814 0.6000436005464564 -0.021406636628404807 0.5581102307524982 0.1092947074630195 0.7867802159196887 0.18265969934931112
0 1 1.2123511912463085e-16 0.9208774328124999 1.163902591923062e-16 0.9208774328124999 0.3305977375000001 1 0.3305977375000001
0 0.26782125312500005 0.8532014921875 0.002589300000000105 0.8532014921875 0.0025893000000001137 1 0.26782125312500005 1
0 0.3955295541085654 0.8373846661881317 0.39285752653639217 0.7342662443049508 -0.0015289593993954992 0.744485674987344 0.0011430681727777614 0.8476040968705248
0 0.5227111495586242 0.7199571699941483 0.5199986221760062 0.6152762091293438 -0.0026720433565739247 0.6288198227973469 0.00004048402604401591 0.7335007836621514
0 0.5279074982822477 0.6045118804872349 0.5277869282441213 0.5961901009612793 0.22038730808687354 0.6006438579740444 0.220507878125 0.6089656375000001
0 0.188817301088348 0.6113502839554645 0.18857438906250001 0.6019758640624999 -0.00020242618522216816 0.6068674903336222 0.00004048584062582572 0.6162419102265868
0 0.7998672902779622 0.8015278487179444 0.7409153115160387 0.7701400085284442 0.6198690686194437 0.9974865063240393 0.6788210473813672 1.0288743465135395
0 0.7857851938883508 0.8827839781349042 0.6894178455743114 0.8468584565049202 0.632608086671229 0.9992461067173745 0.7289754349852684 1.0351716283473582