0 0.318359375 0.322773775390625 0.2848758828125 0.322773775390625 0.2848758828125 0.335065271484375 0.318359375 0.335065271484375
0 0.46447283203125006 0.43031815429687503 0.461525029313813 0.41212249990255767 0.3668595736824741 0.4274588588655323 0.3698073763999112 0.44565451325984967
0 0.6690137949218751 0.3735378027343751 0.362344505859375 0.37353780273437504 0.36234450585937505 0.51953125 0.6690137949218751 0.51953125
0 0.46248470703124994 0.4036685273437501 0.46084701118651017 0.3935596591359632 0.36074682977429995 0.4097764746871043 0.3623845256190397 0.4198853428948912
0 0.443372896484375 0.38394228906249994 0.44206278997124915 0.3758555045767853 0.34739746875 0.391191841796875 0.34870757526312585 0.39927862628258964
0 0.8110975117286788 0.33715586706357387 0.8048192703143945 0.2923141203358813 0.6349258285167851 0.31610070583145367 0.6412040699310695 0.36094245255914625
0 0.6832738437499999 0.2973573789062501 0.6816362315809631 0.2872490265945365 0.6284164256229615 0.2958709462885709 0.6300540377919983 0.3059792986002845
0 0.7967634003906249 0.2748216250000001 0.7941431871780545 0.2586480554161794 0.7350365390125495 0.2682236793791746 0.7376567522251198 0.28439724896299534
0 0.7914303902654435 0.25908755179417764 0.7675209822571505 0.11150386540155238 0.6034671986933846 0.1380815241008697 0.6273766067016776 0.2856652104934949
0 1.013458156540782 0.46586475424237006 0.9299388445385126 -0.049667890459236974 0.5596697869995239 0.010317868462556307 0.6431890990017934 0.5258505131641633
0 0.6302950548177414 0.35988420903541113 0.5733053716732244 0.00810881870265484 0.2808422903186597 0.05548955878825183 0.3378319734631768 0.40726494912100814
0 0.7963583046875 0.9339209902343751 0.7780931404948563 0.8793559616355596 0.627616326171875 0.9297267539062499 0.6458814903645187 0.9842917825050654
0 1.0071207144749832 0.8764403972153335 0.9910675278567619 0.8204391207614784 0.8346453430462912 0.8652787151957497 0.8506985296645124 0.9212799916496048