0 0.37773117382812493 0.1531511640625 0.36678234960937495 0.14329465625 0.2958177190831058 0.22212371824245308 0.30676654330185577 0.2319802260549531
0 0.39086824218749994 0.16497983398437496 0.37991941796875 0.155123326171875 0.3089547874424808 0.23395238816432812 0.3199036116612307 0.2438088959768281
0 0.7102832201057224 0.4561768542937942 0.6619320798846753 0.4153548614542323 0.557487958984375 0.5390625 0.6058390992054221 0.5798844928395619
0 0.8461743744807069 0.29898118709877414 0.79793009375 0.2558942304687501 0.7105207954411681 0.35376604727622607 0.7587650761718749 0.3968530039062501
0 0.9231049433593749 0.20878849609375005 0.8773207070312499 0.16613727929687516 0.8249069942659504 0.2224011327646327 0.8706912305940753 0.2650523495615076
0 0.15941280273437508 0.6753263613281251 8.279400070843782e-17 0.6753263613281251 9.072166206690772e-17 0.804794896484375 0.1594128027343751 0.804794896484375
0 0.5453938051756657 0.6629021592301841 0.3612315670971925 0.6017355218492426 0.3460827582710295 0.6473459829944939 0.5302449963495027 0.7085126203754355
0 0.3513350671614304 0.6144243578554218 0.24016622771186158 0.5866452558005987 0.23052604994162135 0.6252241620838227 0.3416948893911902 0.6530032641386458
0 0.2035966489597549 0.5706174279466254 0.04660271276775868 0.5410481280526287 0.037640008787375695 0.5886343131110605 0.19463394497937192 0.6182036130050572
0 0.03240623046874999 0.581826515625 0.030954797275055707 0.5494374124332728 -0.0008869880160764856 0.5508643190025736 0.0005644451776178026 0.5832534221943008
0 0.87190877734375 0.8983039296875 0.696713345703125 0.8983039296875 0.6967133457031252 1 0.8719087773437502 1