0 0.248133080078125 0.28013895833333335 0.24104569333413137 0.26988659323996633 0.1991054052734375 0.34504527594339623 0.20619279201743115 0.3552976410367633
0 0.23674486328125 0.2730041006289309 0.22965747700030403 0.2627517363191522 0.18771718896484377 0.3379104198113208 0.19480457524578973 0.34816278412109947
0 0.9091406276827915 0.19291731113302885 0.9069379097820194 0.155263013132938 0.7605461239351995 0.17746269325247224 0.7627488418359716 0.2151169912525631
0 0.9562086909577777 0.34139342548301843 0.9540902407071926 0.3057848445286821 0.820416600097656 0.3264004009433962 0.8225350503482411 0.3620089818977325
0 0.18343320117187506 0.9489509630503145 7.338135949026776e-17 0.9489509630503145 7.532280662157597e-17 1 0.18343320117187506 1
0 0.18019803234826365 0.9106073640066777 0.1726817768554688 0.7951924465408807 -0.007516255492794874 0.8256135746725678 6.938893903907228e-18 0.9410284921383649
0 0.17235170479755402 0.7789851352551397 0.16380699982495867 0.6635260977334592 -0.008432933962730316 0.6965697977792832 0.00011177100986503596 0.8120288353009636
0 0.8836737673038383 0.9700564018843382 0.8714003621403261 0.8374324407019419 0.6037750750387847 0.9016355268064011 0.6160484802022969 1.0342594879887976
0 0.6031375358004178 0.9868424928014342 0.5969095420781291 0.8974666759064667 0.5055989758740322 0.9139610127594298 0.511826969596321 1.0033368296543974
0 0.8820304312843115 0.8186724882413864 0.8538553306843742 0.4590049794437993 0.49429443635061 0.5320217133135862 0.5224695369505471 0.8916892221111733
0 0.5493803083959352 0.8587196204937786 0.4760552352221962 0.5417805571146705 0.4228692542012778 0.5736782734178136 0.4961943273750168 0.8906173367969218