0 0.25066699389985253 0.31977709687684974 0.21739181770833338 0.2946208020833334 0.20896796703764745 0.3057633458314837 0.24224314322916665 0.33091964062500007
0 0.23570573368145206 0.3551629034942789 0.20243219791666667 0.33000702734375 0.19400823709564305 0.34114935289751874 0.22728177286042842 0.3663052290480476
0 0.24343700049510986 0.3361974631686188 0.21016179557291667 0.3110444153645833 0.2017383851238135 0.3221878247446856 0.23501359004600672 0.3473408725487211
0 0.23199962994777357 0.4110667272862307 0.1859711614583334 0.37301437369791673 0.17871870784365976 0.38178700669417504 0.22474717633309996 0.419839360282489
0 0.20980940662998618 0.46287380603722134 0.1637797708333334 0.42482357682291666 0.1565261506616806 0.4335983332856954 0.2025557864583334 0.47164856250000015
0 0.20207864091311376 0.48183854139196497 0.1560501718750001 0.44378618880208337 0.14879771846188639 0.45255882188928526 0.19482618750000005 0.49061117447916675
0 0.19484803751672333 0.49825939278723935 0.1488184010416667 0.46020916276041673 0.1415647814936933 0.4689839184106774 0.18759441796874998 0.5070341484375
0 0.22427003106446908 0.43002933945138594 0.17824156380208336 0.3919769856770834 0.17098774912412132 0.4007512647509173 0.21701621638650703 0.43880361852521993
0 0.21711823002401978 0.4430567073635323 0.19699425911458343 0.42877432161458345 0.19016188325723035 0.43840118195938454 0.2102858541666667 0.45268356770833346
0 0.8813977877358807 0.1422003608833821 0.8524703216145832 0.1344492695312501 0.8241619881197145 0.24009740615112984 0.853089454241012 0.2478484975032618
0 0.9232636137052764 0.13185002080376867 0.8905629995705628 0.12308791738380843 0.8568626020133601 0.24885950941890078 0.8895632161480737 0.25762161283886104
0 0.6675424364360957 0.3315848937906958 0.5794270833333334 0.30797445572916676 0.5642619044238902 0.36457167306964017 0.6523772575266525 0.3881821111311692
0 0.2991758270180224 0.8833770345990196 0.24720390364583353 0.8445289921875001 0.21326621099179288 0.8899317217088641 0.2652381343639818 0.9287797641203838
0 0.38936182812500003 0.7890625 0.32266343444802653 0.758945393093582 0.2754053820571026 0.86360472151351 0.3421037757340761 0.8937218284199281