0 0.09815575519393568 0.1890939716348028 0.09245567578125 0.17839037695312504 0.05945197136856432 0.19596612992769727 0.06515205078125 0.20666972460937502
0 0.08250939454934203 0.1607882868486726 0.0768091875 0.15008480859375 0.043807249981907985 0.16766020533882742 0.049507457031250014 0.17836368359375002
0 0.09058526410232043 0.17595339960736867 0.08488569602393943 0.16524934337118125 0.05188203153099401 0.18282274063881263 0.057581599609375006 0.19352679687500005
0 0.07985474480417093 0.11627710667553713 0.07481569495836381 0.10764027868989286 0.027309907185442885 0.1353569395924807 0.03234895703125001 0.143993767578125
0 0.056638491508832954 0.07483050095136265 0.05159875585937499 0.066191783203125 0.004092279975542047 0.09390655373613735 0.00913201562500001 0.102545271484375
0 0.04856366277292094 0.05966549730053714 0.04352461328125 0.051028669921875006 -0.003981174491670944 0.07874533082446288 0.0010578750000000067 0.087382158203125
0 0.04099200250179307 0.04652493502444894 0.03595226562500001 0.037886214843750016 -0.005039736876793061 0.06180051028805109 3.469446951953614e-18 0.07043923046875002
0 0.07178060417917095 0.10111399339428717 0.0667406091692264 0.09247554541671528 0.01923482139630546 0.12019220631930315 0.024274816406250004 0.12883065429687504
0 0.06421460640252287 0.09045439958145275 0.05967336875103953 0.08135679023515574 0.04046679945789167 0.09094409963807801 0.045008037109375 0.10004170898437502
0 0.7021189175379162 0.20562929904062388 0.6863438671313374 0.19998398159950653 0.6575301015625001 0.28050002148437514 0.6733051519690789 0.28614533892549254
0 0.02442078906250006 0.45455594921875 0.0036844195060468515 0.4494011772979079 -0.019641431028647113 0.5432352914611955 0.0010949385278060941 0.5483900633820376