0 0.19159405392507758 0.2684080084202324 0.19074825520833336 0.25928491601562503 0.1638045307103391 0.2649052884547677 0.16465032942708333 0.27402838085937503
0 0.18604474655245706 0.24476661871544636 0.18519889305151682 0.23564355472455967 0.15825660873864308 0.24126400827473837 0.15910246223958333 0.25038707226562507
0 0.18879199725784682 0.25736921584635203 0.1879464166172865 0.2482460111859739 0.1610029623281897 0.25386480901149694 0.16184854296875 0.2629880136718751
0 0.19353146126819368 0.21216224398763608 0.19269921744791665 0.20463121875 0.15288808430472298 0.21453004116861396 0.153720328125 0.22206106640625004
0 0.18518034992950747 0.17748199754610466 0.18434806770833334 0.16994948828125 0.1445368961642425 0.17984682667264534 0.14536917838541666 0.1873793359375
0 0.18243423340361034 0.16487957211263604 0.18160198958333332 0.157348546875 0.14179085644013964 0.16724736929361392 0.14262310026041666 0.17477839453124996
0 0.17963098771493427 0.1538406342580137 0.17879870572916667 0.14630812890625 0.13898753572256575 0.15620546925761136 0.13981981770833332 0.163737974609375
0 0.1907853818411103 0.19956130258138607 0.18995298186472867 0.19202886427760726 0.15014184872153502 0.2019276866962212 0.15097424869791667 0.209460125
0 0.18771170617482993 0.1901962113157725 0.18709409474105185 0.18255189068154098 0.17172007997247188 0.18534666178764353 0.17233769140625 0.192990982421875
0 0.9377326508146105 0.01646969693028133 0.9148983780472006 -0.005847874260674457 0.853827189151498 0.13474365294767782 0.8766614619189079 0.1570612241386336
0 0.7709055891739549 0.18809554095352227 0.6260090571320835 0.05218653835750453 0.5770863318961789 0.16954189709727335 0.7219828639380502 0.3054508996932911
0 0.40436653583031285 0.6049026074725843 0.3236865468936867 0.60067649611013 0.3206873711031957 0.7295042197303576 0.4013673600398218 0.7337303310928119
0 0.9676101780262815 0.8965782166491625 0.95947118359375 0.7380721347656249 0.6858684157237186 0.7696823771008374 0.69400741015625 0.928188458984375
0 0.6062525658418114 0.560696577376636 0.5424762259340035 0.5139669900235861 0.5309997629654556 0.5492088014867651 0.5947761028732635 0.5959383888398149