0 0.09498402439608612 0.3136420731860434 0.04914099278846156 0.31035908203125007 0.04783056454622163 0.32243898931395665 0.09367359615384618 0.32572198046875
0 0.09909606910976962 0.2814734519132287 0.05325521153846158 0.27819009765625 0.051944582122263744 0.2902699504154604 0.09778543969357179 0.29355330467243906
0 0.09723957591525477 0.2985857072854369 0.05139772355769235 0.29530487109375 0.050088097161668364 0.30738500560518817 0.0959299495192308 0.31066584179687506
0 0.1022517536600692 0.2452921147118294 0.03510212740384619 0.238340783203125 0.03354669075008938 0.24825993799134677 0.1006963170063124 0.2552112695000512
0 0.10862232607683377 0.19806699169615324 0.0414726995192308 0.19111566015625003 0.03991697109226628 0.2010366756075875 0.10706659764986924 0.20798800714749072
0 0.11047781602419163 0.1809544524790161 0.04332818990384617 0.174003123046875 0.041772753687346884 0.18392227798973398 0.10892237980769234 0.19087360742187504
0 0.11273654204144073 0.1658980071862183 0.045586918269230794 0.15894667773437504 0.044031190525264594 0.16886769139874658 0.11118081429747453 0.17581902085058984
0 0.10410711242526476 0.2281775674786225 0.03695761778846158 0.22122824609375003 0.03540231305550457 0.2311494090838775 0.10255180769230775 0.23809873046875
0 0.06598780016790715 0.20955068587959336 0.03961758413461542 0.20823012695312504 0.038847723870554456 0.2183789234954067 0.06521793990384618 0.219699482421875
0 0.7396063966346156 0.52295555859375 0.7376721739950156 0.0959997539908507 0.6510410512898103 0.09625884015548779 0.6529752739294102 0.5232146447583871
0 0.20354870432692307 0.93115868359375 0.2017270093311322 0.5290421150321055 0.11509588663243855 0.5293012012906593 0.11691758162822945 0.9314177698523037
0 0.8707841033653845 0.9368147851562499 0.8531427439188997 0.7895407550014159 0.6530234903846155 0.805365673828125 0.6706648498311003 0.952639703982959
0 0.605542522946 0.9459229350408176 0.5361077226968122 0.7852718115683148 0.43509584916793725 0.8140930467337987 0.5045306494171251 0.9747441702063014