0 0.1347544020990618 0.12973794443975625 0.07140469843750001 0.101292309375 0.0615232870743679 0.12329865517066815 0.12487299073592965 0.1517442902354244
0 0.45207626406249996 0.23154801093750002 0.4513784788602441 0.2182334702739675 0.40477680698524415 0.22067575933646752 0.4054745921875 0.23399030000000004
0 0.7018268233291142 0.44048828408534374 0.5245032102659315 0.08445122850055267 0.41221477668605144 0.14037628021991674 0.5895383897492341 0.49641333580470787
0 0.9695463332068343 0.2627695277650509 0.8091037999525895 -0.053910074234746655 0.6982258648221091 0.0022651157111643005 0.8586683980763539 0.31894471771096183
0 0.8430486705432912 0.3728378972848815 0.6493720081367593 -0.011062747926574135 0.5377716518159993 0.045239279186923206 0.7314483142225311 0.4291399243983788
0 0.20666874576854063 0.7016416932379037 0.11230832476985975 0.678766450395851 0.0778924194239213 0.8207321265601044 0.1722528404226022 0.843607369402157
0 0.35135117877566274 0.7564260471712416 0.25626962368711864 0.7273048774427201 0.21411319020498687 0.8649469876269851 0.30919474529353097 0.8940681573555068
0 0.20489629119843764 0.6743288966447003 0.1077497697594962 0.6454681584293682 0.0024238093750001523 1.0000000000000002 0.0995703308139416 1.028860738215332
0 0.713549066747151 0.8237155753129235 0.6307383920700397 0.7420187686210005 0.43713847889848634 0.9382582555280393 0.5199491535755977 1.0199550622199625
0 0.893513075359556 0.6363134411362041 0.7764235156288034 0.5333605416971915 0.593570065625 0.7413219500000002 0.7106596253557527 0.8442748494390129
0 0.9945819203124999 0.4593750000000002 0.8973574509773302 0.3809405126460764 0.7819767699651757 0.5239621076278664 0.8792012393003455 0.6023965949817902
0 0.9392503703124999 0.8877676156250001 0.7510627781250002 0.8877676156250001 0.7510627781250002 1 0.9392503703124999 1