0 0.3230323600605144 0.30080734960937505 0.2952925311380281 0.2945667257422693 0.28795791691715056 0.34890627652351935 0.3156977458396369 0.35514690039062513
0 0.47082053745417035 0.19759297397733439 0.4672688624802974 0.16199748811222991 0.4243494755211426 0.16913513069612968 0.4279011504950155 0.20473061656123415
0 0.2321449043047747 0.2495628103348117 0.19633673978819974 0.24115288476562502 0.1932214481914432 0.26326099435268835 0.22902961270801817 0.271670919921875
0 0.318194583608576 0.24600745582047975 0.252612074130106 0.22529852734375005 0.24890423484830765 0.24486958519514537 0.31448674432677765 0.26557851367187507
0 0.5383664341906202 7.963316196582274e-17 0.4689863842662632 7.41485366671249e-17 0.4689863842662632 0.18890896679687505 0.5383664341906202 0.18890896679687508
0 0.09027918356066555 0.42794536579937725 0.0894024263429207 0.4122395148873443 -0.00006361204128154097 0.4205636492783334 0.0008131451764633132 0.43626950019036637
0 0.04047836006051437 0.45778434375 0.039287534167278315 0.44017991051311384 0.006246187594553705 0.443905087890625 0.007437013487789761 0.46150952112751115
0 0.11112306656580938 0.42298419921875 0.11035038750013722 0.4167772285698155 0.09450738901299653 0.4200643809135655 0.09528006807866869 0.4262713515625
0 0.1317262677760968 0.65986074609375 0.13023400354784453 0.6068391409209939 0.11739972617246597 0.6074411835937499 0.11889199040071823 0.660462788766506
0 0.12047948786693254 0.8846680664940658 0.11587180001723799 0.8439206036558082 0.06824275693094085 0.8528973164586175 0.07285044478063542 0.8936447792968751
0 0.11290244986685624 0.680545320200173 0.10995047591795244 0.657383928406635 0.05205266901630046 0.6696830183627119 0.055004642965204256 0.69284441015625
0 0.7872601875945534 0.470766919921875 0.7859704795161734 0.41490672343564916 0.6556441679273827 0.419921875 0.6569338760057629 0.4757820714862258
0 0.7905235461422087 0.8301429296874999 0.7859832965295159 0.5685547609182571 0.6641479655777872 0.5720792638551135 0.6686882151904799 0.8336674326243564
0 1 0.4199218750000001 0.8460924114977308 0.4199218750000001 0.8460924114977308 0.8173073574218752 1 0.8173073574218752