0 0.11779655965150233 0.3676439751557796 0.10006091718750003 0.33544046406250005 0.086267648174263 0.34303691796841046 0.1040032906382653 0.3752404290616901
0 0.15936823678688472 0.31466678268382386 0.14163094062499998 0.2824652875 0.12783776135171293 0.2900628758848761 0.14557505751359767 0.3222643710687
0 0.14003141706664773 0.013750202384236387 0.11028739572249877 -0.007437502694515724 0.06744415053085104 0.05270730273374791 0.097188171875 0.07389500781250002
0 0.13989150759938324 0.3399799669612452 0.12215496718750003 0.30777755000000007 0.10836174824232485 0.31537461904998704 0.12609828865420805 0.3475770360112322
0 0.7737290462724553 0.00007140806169729786 0.7062738127874725 -0.02600378998121422 0.6678864812795429 0.07330231712759691 0.7353417147645256 0.09937751517050844
0 0.29976578085200906 0.7411004175435439 0.29402694041029837 0.6757673543726398 0.1426877470582893 0.6890609524540958 0.14842658749999998 0.7543940156250001
0 0.21554005119036246 0.7694292221124159 0.2142451663522315 0.7561107399448763 0.13762240422436908 0.7635603615824602 0.1389172890625 0.7768788437499998
0 0.7699320553764294 0.7371227718986899 0.7355917942791275 0.6387369994609976 0.6764633671875002 0.659375 0.710803628284802 0.7577607724376924
0 0.7377769578125 0.659375 0.4611669328125 0.659375 0.4611669328125001 0.7344813109375 0.7377769578125001 0.7344813109375001
0 0.7837430710328331 0.9246390556548871 0.7617352195522588 0.8314368692992554 0.5440471704649383 0.8828395932131483 0.5660550219455127 0.97604177956878
0 0.8333882996721504 0.9657565449977655 0.7873958727409167 0.7491160543727219 0.6892303072134875 0.7699564456894944 0.7352227341447213 0.986596936314538