0 0.07883232421875003 0.24436909687500002 0.06086444337623743 0.22761357096087034 0.042384115234375005 0.27834632499999995 0.06035199607688761 0.29510185091412966
0 0.15280832421875004 0.3013502437500001 0.13484133762120715 0.28459256458373206 0.116357853515625 0.33532493750000003 0.1343248401131679 0.352082616666268
0 0.11805341796875 0.27392098125000003 0.10008602308814689 0.2571642899683003 0.081603287109375 0.30789875312500004 0.09957068198997812 0.3246554444066997
0 0.49968975000000004 0.31355523750000003 0.48088893383477394 0.14139895563686955 0.360965717759266 0.17492613830103354 0.3797665339244921 0.34708242016416396
0 0.6437437055793394 0.24709265732262256 0.5997155545762072 0.0652706462478438 0.46917210467450077 0.14619496299235765 0.5132002556776329 0.3280169740671364
0 0.4576619923607014 0.14031477093157776 0.44428110739921345 0.07229956128250097 0.35973615757633276 0.11487963725283837 0.3731170425378207 0.18289484690191515
0 0.895168 1.5814625503266927e-16 0.7190347148437499 1.4089016992147652e-16 0.7190347148437499 0.09622792187500015 0.895168 0.09622792187500016
0 0.8419025843393432 0.09652362275804016 0.5773728381587021 -0.08217342378948995 0.5435160736000174 0.04613127436359652 0.8080458197806584 0.22482832091112664
0 0.5539774628906251 0.09339746875000006 0.5351784040171522 -0.005967406439078671 0.4439690131059075 0.0382082221027555 0.46276807197938025 0.13757309729183423
0 0.063837181640625 0.7370828593750001 0.05877255695739769 0.6911261899846094 0.025944990175481117 0.7003876057155937 0.03100961485870843 0.7463442751059843
0 0.11826559375000001 0.731881609375 0.11283908777008872 0.6826412207812476 0.084116169921875 0.690744621875 0.0895426759017863 0.7399850104687525
0 1.0018448314294375 0.883914357267382 0.9984043221695833 0.6894327151756056 0.697587840831113 0.7030561215227598 0.7010283500909671 0.8975377636145361