0 0.1445099875 0.270397309375 0.12968955574042512 0.2610219596941003 0.11300789949042515 0.28739210656910025 0.12782833125 0.29676745625
0 0.20204132812499997 0.30854917812500005 0.18722154751398196 0.29917269733147595 0.17053816782648196 0.3255412285814759 0.1853579484375 0.334917709375
0 0.20231787935217768 0.5605960878792237 0.1488206671875001 0.521182128125 0.1286889103060714 0.5485072909822559 0.182186122470749 0.5879212507364797
0 0.1750415875 0.290251678125 0.16022150914534047 0.28087571570596914 0.1435382669578405 0.3072460172684691 0.1583583453125 0.31662197968750005
0 0.9322683560150213 0.4021438784461845 0.9155622872913167 0.3758740960217669 0.8705142547137953 0.40452205038808253 0.8872203234375 0.4307918328125001
0 0.8852454642919451 0.4316514313276983 0.868538610108945 0.40538236850472487 0.8234906786294995 0.4340323903020268 0.8401975328125 0.4603014531250002
0 0.5099978717513128 0.9802218762941571 0.509374999980623 0.9718126622383977 0.4741107581138714 0.9744246900245781 0.4747336298845612 0.9828339040803374
0 0.36392725000000004 0.99104135 0.3633043780656957 0.9826321345631426 0.139074534375 0.9992408749999997 0.1396974063093043 1.0076500904368573
0 0.5161017410465031 0.9577863711211532 0.5078801650964448 0.8467892236342713 0.009879394715760392 0.8836762180262324 0.018100970665818596 0.9946733655131142
0 0.5123624295472411 0.8346200777529384 0.49554552776029726 0.6075799109804814 0.05381270367516723 0.6402991325363483 0.07062960546211108 0.8673392993088053
0 1.0848005059838666 0.7020264553257137 0.8181791070321431 0.46955528686756065 0.7316897593749999 0.5687500000000002 0.9983111583267232 0.8012211684581532