0 0.26258742512610345 0.25898303515132415 0.1761225961538462 0.2511225961538462 0.17427315179697356 0.27146648407944524 0.2607379807692308 0.27932692307692314
0 0.8798075384615385 0.4350960000000001 0.6850961538461539 0.4350960000000001 0.6850961538461539 0.5480769230769232 0.8798075384615385 0.5480769230769232
0 1 0.18028861538461552 0.923077076923077 0.18028861538461552 0.923077076923077 0.5480769230769232 1 0.5480769230769232
0 0.8861324407492813 0.1794854820116296 0.6956522179261333 0.17433637053679002 0.689300985851323 0.40928644041250384 0.8797812086744711 0.4144355518873434
0 0.5496068825276089 0.6923413208108785 0.45608894230769237 0.6897427884615386 0.45487869439546824 0.7332981022660447 0.5483966346153848 0.7358966346153847
0 0.31316347253448673 0.6051519615448261 0.24326923076923085 0.6025649038461538 0.2426057582347442 0.6204898653782506 0.31250000000000006 0.6230769230769229
0 1.0076060946042078 0.9561473311877117 0.8644783653846155 0.9221153846153848 0.8460100947870052 0.999787157742766 0.9891378240065976 1.033819104315093
0 0.8478081536960684 0.9166936604679504 0.777593395561074 0.8988523896102366 0.7518922187500002 1 0.8221069768849946 1.0178412708577138
0 0.7715754304353946 0.9007281804705307 0.672960119238178 0.874918167897478 0.6402231778846157 1.0000000000000002 0.7388384890818323 1.0258100125730532
0 0.6608173076923076 0.8472137427884616 0.5793269230769232 0.8472137427884616 0.5793269230769232 1 0.6608173076923076 1
0 0.9730732636795942 0.7088593977741783 0.9245144230769231 0.6947788461538463 0.8664387555511751 0.895061275302745 0.9149975961538461 0.9091418269230769
0 0.910801685795135 0.6905088698876596 0.8625504807692308 0.676331730769231 0.8025108142048653 0.8806738224200333 0.8507620192307694 0.8948509615384619
0 0.7825384615384616 0.652358173076923 0.734221153846154 0.6402932692307695 0.6833324547345823 0.8440914067367674 0.7316497624268898 0.8561563105829211
0 0.6956682692307693 0.740298076923077 0.6458448162213314 0.7262674549907682 0.6169097200674851 0.8290174549907682 0.666733173076923 0.8430480769230768