0 0.25567124088541665 0.06589351953125003 0.23225508315472898 0.06359758597993932 0.22968293211306232 0.12262249222993933 0.25309908984375 0.12491842578125004
0 0.30134483984375 0.04928580664062505 0.2820492707084906 0.04786788820124795 0.2796835090540652 0.12030478700924543 0.29897907818932457 0.12172270544862254
0 0.8876680749017637 0.5987692347602789 0.7203282986467312 0.37587165336255607 0.6529100332301297 0.48975334783423696 0.8202498094851624 0.7126509292319598
0 0.47095777442927367 0.9718971237557709 0.4687499999692528 0.9333599760258009 0.425233002870544 0.9389693781473641 0.42744077733056485 0.9775065258773341
0 0.4347685104166666 0.9765619707031249 0.43256073599473943 0.9380248225037302 0.30534422645142667 0.9544232089986924 0.3075520008733538 0.9929603571980871
0 0.29917501953125 0.994040162109375 0.29696724498381244 0.955503013746943 0.043782256692311027 0.9881389155343302 0.045990031239748534 1.026676063896762
0 0.2836592760416667 0.9519723457031251 0.28037747785682615 0.8946878933312067 0.025760773314877083 0.9275083421518414 0.02904257149971758 0.9847927945237598
0 0.4721511444339677 0.9266263142841717 0.4687499999929586 0.8672586502677159 0.40071524218749993 0.8760284257812501 0.40411638662850907 0.9353960897977059
0 0.4168469141414102 0.935853702926825 0.41326674246794165 0.8733610871254112 0.2828573086189889 0.8901710469714061 0.28643748029245747 0.95266366277282
0 0.04279096744791668 0.9148206875000002 0.04135890497391287 0.8898237482230347 0.00435942447916667 0.894593033203125 0.005791486953170481 0.9195899724800906
0 0.3902835611979167 0.8689792402343751 0.38855315619213354 0.8387746712118467 0.26415456238892665 0.8548098242330676 0.26588496739470985 0.885014393255596
0 0.46881474376607546 0.8599056231867794 0.46696499244035006 0.8276178441694179 0.3850630768229167 0.8381751171875 0.3869128281486421 0.8704628962048616
0 0.25510194270833336 0.887453505859375 0.25325219165152907 0.8551657263680253 0.03715861318366415 0.8830204904841195 0.03900836424046847 0.9153082699754691