0 0.1882981809895833 0.25440336523437507 0.1641640072204984 0.2503821201333228 0.16052991796875002 0.299455955078125 0.18466409173783493 0.3034772001791773
0 0.4565848736979166 0.17327715039062508 0.4264131352929262 0.16467330270077454 0.41536565940260745 0.25184052373730065 0.4455373978075979 0.2604443714271512
0 0.5131876536458332 0.17702006835937512 0.483130629593676 0.16624151959970937 0.4683032213541667 0.25927375390625007 0.4983602454063239 0.27005230266591584
0 0.5657641874999999 0.1899915312500001 0.535980547672134 0.17951158844058693 0.522372460094624 0.26652745958434815 0.5521560999224899 0.2770074023937613
0 0.6226827630208334 0.19734331640625014 0.5943234237106559 0.1843890074589744 0.5772762680021358 0.26835748996952125 0.6056356073123134 0.281311798916797
0 0.6729217330729167 0.2053010078125001 0.6427134085285767 0.19410177577029958 0.6289843985987293 0.27742386148641623 0.6591927231430693 0.28862309352861676
0 0.725964609375 0.20972844726562517 0.6956794328281705 0.19499851990918704 0.6763839114583333 0.2842609160156251 0.7066690880051628 0.2989908433720633
0 0.6848232812499999 0.41844295898437506 0.6527796328125001 0.41121335742187504 0.6494919250609392 0.44400048109700274 0.6815355734984391 0.4512300826595027
0 0.63579367578125 0.41003629687500004 0.6019510958974791 0.40478649112479914 0.5998490201018246 0.43527604839561235 0.6336915999855955 0.44052585414581324
0 0.5803624739583334 0.40725163281250015 0.5484111119791667 0.4019139726562502 0.5467316780681347 0.42453351910385123 0.5786830400473014 0.4298711792601012
0 0.5249499505208334 0.398325076171875 0.49285465813171064 0.3952501042974831 0.49198901445918547 0.41557937812375567 0.5240843068483082 0.4186543499981476
0 0.4722339205729167 0.3944592558593751 0.4428157193005157 0.38903500177941674 0.44153897189674707 0.404614863263585 0.47095717316914804 0.41003911734354326
0 0.11723113084324331 0.7117377196322345 0.08311700374718455 0.6484779867935923 -0.02173242474796459 0.7756980173018049 0.012381702348094178 0.8389577501404473
0 0.5567930026041666 0.4492187500000001 0.4766860481770833 0.4492187500000001 0.4766860481770833 0.4858796347656251 0.5567930026041666 0.4858796347656251