0 0.5836398638660664 0.41357938473980504 0.5205690571966818 0.4047153629733359 0.5175580370806154 0.42613988929122315 0.5806288437500001 0.4350039110576923
0 0.7434258029811128 0.41661607396157435 0.5262563990356187 0.38609490280625863 0.5004959275779257 0.5693901703224846 0.7176653315234198 0.5999113414778003
0 0.5914113976230218 0.39282452958440045 0.5192307692307694 0.3826801995192308 0.5175579504565944 0.39458291852882665 0.5897385788488468 0.4047272485939962
0 0.5828547551572079 0.3673475786055962 0.5192307692307693 0.3584058100961539 0.5178925662324029 0.36792761874562624 0.5815165521588415 0.3768693872550685
0 0.9217069335415867 0.3863821673568018 0.7694511775010238 0.3597831923895489 0.760272404899965 0.41232359906383415 0.9125281609405279 0.43892257403108703
0 0.8217876730769231 0.3426681274038463 0.7741786298076924 0.3359771129807694 0.7725058975011468 0.34787922224621953 0.8201149407703776 0.3545702366692964
0 0.9282003822115386 0.3454856418269232 0.8758307403170004 0.33812556778879965 0.8731543340670004 0.35716918557726124 0.9255239759615386 0.36452925961538474
0 0.9563801211816867 0.17502543290197461 0.8115478759384429 0.150870119183645 0.7828412521144392 0.3229914515854982 0.927673497357683 0.3471467653038278
0 1.0545317897153745 0.02824979666289166 0.8124975963689433 -0.005765891132183552 0.7281296713906502 0.5945430836400329 0.9701638647370815 0.6285587714351082
0 0.8172771689990935 0.012043823013273985 0.5506665271156422 -0.025425849886516007 0.4948166068950274 0.37196707956286684 0.7614272487784788 0.40943675246265687
0 0.08891244471153857 0.7696529711538461 9.425530475778079e-17 0.7696529711538461 1.0835999233625804e-16 1 0.08891244471153859 1
0 0.3565389014423077 0.7921109687500001 0.3151208461538463 0.7862900408653846 0.301538680657568 0.8829321729468844 0.34295673594602943 0.8887531008314998
0 1.0390052957663924 0.7865817735182555 1 0.7417559927884614 0.93668262301444 0.7968518098889187 0.9756879187808324 0.8416775906187127
0 0.9700262640016694 0.6220236282047521 0.9522174551424079 0.6027315646061463 0.6259418954676619 0.9039216912090866 0.643750704326923 0.9232137548076924
0 0.9145048605769232 0.5985576923076923 0.8957165381318405 0.5778828787554957 0.5953954780356866 0.8508008859670343 0.6141838004807691 0.8714756995192309
0 0.8371868341346155 0.5985576923076924 0.8182220087501337 0.5776344599863857 0.5635244534616721 0.8084924167171551 0.5824892788461539 0.8294156490384618
0 0.7522412500000001 0.5985576923076926 0.7327407751066016 0.5777876456424245 0.5294717751066016 0.7686318018924243 0.54897225 0.7894018485576925
0 0.6700257139423077 0.5985576923076924 0.65086902365495 0.5777055158662295 0.5000740789434115 0.7162393548085374 0.5192307692307693 0.7370915312500002
0 0.5906469375000001 0.5985576923076924 0.5727518594208806 0.5790753472431963 0.5013356911516498 0.644673092435504 0.5192307692307693 0.6641554375