0 0.20685408789062504 0.578125 0.19239186328125 0.44433868945312494 0.15355969247492599 0.4485364251853911 0.16802191708430103 0.5823227357322661
0 0.5212105471273033 0.1724874408719162 0.5013672391624378 0.08379323697981679 0.46784715669867605 0.09129259195621746 0.48769046466354166 0.1799867958483169
0 0.7341561625215104 0.14449877003199535 0.7189112729161359 0.04933688844656774 0.5056808923961557 0.0834962972075319 0.5209257820015301 0.17865817879295953
0 0.9770410259748712 0.09947876350779516 0.9593729640115911 0.0012859671259985994 0.7100070427740875 0.04615496679094157 0.7276751047373676 0.14434776317273812
0 0.49717729762589197 0.07617076995579423 0.49211447369571887 0.040061072323565886 0.4335100198815448 0.048277813272410326 0.4385728438117179 0.08438751090463867
0 0.6859102527628378 0.0498335501823052 0.6778853115417203 -0.0024786908675046293 0.4947229407196641 0.02561926919442388 0.5027478819407817 0.07793151024423371
0 0.8425279409470864 0.020224009896191483 0.839278370293581 -0.009996878477892476 0.7463077656250001 0 0.7495573362785055 0.03022088837408396
0 0.5210028697037256 0.7033168327676216 0.5002670334397576 0.6356828829142273 0.4680933667513958 0.6455469805443004 0.4888292030153637 0.7131809303976947
0 0.731058453246468 0.683932179868136 0.7228443820302614 0.6136678028819097 0.5061275451594799 0.6390025117082129 0.5143416163756865 0.7092668886944392
0 0.9729708126288449 0.6512520380561806 0.9634224860296916 0.5785316966862823 0.717136434749189 0.6108695489315068 0.7266847613483423 0.683589890301405
0 0.49709299414062497 0.633270302734375 0.49413187744742204 0.6066192467561736 0.43351002539062494 0.6133547539062499 0.43647114208382787 0.6400058098844513
0 0.6855387019746695 0.6145316155994942 0.6812189453284462 0.5759430454874691 0.4963206149713185 0.5966412934172854 0.5006403716175418 0.6352298635293105
0 0.8423031917451791 0.5929006920240174 0.8405634799494484 0.5707291371836252 0.7463077656249999 0.5781249999999999 0.7480474774207306 0.600296554840392