0 0.17379310546875001 1.850371707708594e-17 0.05295914018773078 -0.014628125490752408 -0.013675562108475946 0.23000670664549483 0.1071584031725433 0.24463483213624726
0 0.7068829921875 0.3434314127604167 0.644854275390625 0.33507315755208333 0.6402295685631632 0.35032698600838047 0.7022582853600381 0.35868524121671386
0 0.7115756250000002 0.32309597656250016 0.6285579653919969 0.3128857510920251 0.6245491470326219 0.3273724359878584 0.7075668066406251 0.33758266145833343
0 0.7175597058423795 0.30739679709957324 0.629954908203125 0.292348296875 0.624808242197878 0.3056644303302502 0.7124130398371323 0.3207129305548234
0 0.7135235999348453 0.28491557838767045 0.59609833984375 0.26651485546875003 0.5911531110026548 0.28054074843524635 0.70857837109375 0.2989414713541667
0 0.7139351643802939 0.2654926043440027 0.5951349375 0.24461836328125006 0.5896611113748094 0.258464067683064 0.7084613382551033 0.2793383087458166
0 0.7663639972492383 0.14629067346492367 0.665148337890625 0.12843022656250005 0.6568932965377943 0.14922202814940355 0.7581089558964076 0.16708247505182716
0 0.6648115780346329 0.12995577852977108 0.5608454765625 0.11345393359375006 0.5526831269098794 0.13630949713226476 0.6566492283820123 0.15281134206828578
0 0.7631900770464694 0.12391817671878598 0.666602587890625 0.10957013281250005 0.6621056737458304 0.12302440648777609 0.7586931629016748 0.137372450394062
0 0.6618705835089436 0.11357496556473158 0.5653115410156251 0.09459813671875007 0.5604169059405159 0.10566710415483556 0.6569759484338343 0.12464393300081707
0 0.34802667940171206 0.7086014028646551 0.3244659971833593 0.6212770782730335 0.08058624497988741 0.650521689569437 0.10414692719824019 0.7378460141610587
0 0.8331678333817866 0.8104506919395568 0.34814329296875024 0.7119313385416667 0.31354267020170834 0.7876396495453436 0.7985672106147447 0.8861590029432335