0 0.5904716421875 0.12588403906250006 0.35562177673680967 0.10180581960476727 0.35078619673272304 0.14897024201271605 0.5856360621834134 0.17304846147044883
0 0.45899785540260585 0.3489780769911654 0.39809760937500005 0.34240733906250004 0.3965684211598942 0.35658047144633465 0.4574686671875 0.36315120937500006
0 0.8774484828136597 0.041464422548028804 0.8593344879795983 -0.0354083203624219 0.6615735051659388 0.01119131021454931 0.6796875 0.08806405312500001
0 0.9860678093923086 0.2679519760881094 0.9233810428722687 0.038371456722449834 0.8426837953124998 0.060405771875 0.9053705618325398 0.28998629124065955
0 0.7487650296874999 0.2793950109375001 0.6796875 0.2793950109375001 0.6796875 0.5216957046874999 0.7487650296874999 0.5216957046875
0 0.32959630312499993 0.914374759375 0.31812727233097365 0.8563574510733766 -0.0061427714190263275 0.9204600995108766 0.005326259374999998 0.9784774078125
0 0.6902706222334267 0.8465460002699846 0.6788925282645095 0.7878842552685149 0.3679316375 0.8481985578125002 0.3793097314689171 0.9068603028139698
0 0.6881221543804479 0.9317799648705746 0.67678209245233 0.8729889538415059 0.40177633906250004 0.9260341765625 0.4131164009906179 0.9848251875915688
0 0.36012387663190093 0.9996672580943085 0.35938524794900617 0.9372544558179776 0.03765202786722607 0.941062030160503 0.038390656550120784 1.0034748324368339
0 0.6812638576054159 0.9946466603409103 0.6747990312499998 0.9614837437499999 0.48590983593750003 0.9983060734374998 0.49237466229291604 1.0314689900284102
0 1 0.88076033125 0.9795535578125 0.88076033125 0.9795535578125 0.9947081390625 1 0.9947081390625
0 0.9997531568347586 0.850331622608517 0.9995107828125 0.8303499000000001 0.98074229395148 0.8305775577563448 0.9809846679737386 0.8505592803648618
0 0.9981292091935134 0.8196124703101832 0.9969315312771201 0.7208740878953812 0.9256113405911902 0.7217391883283482 0.9268090185075837 0.8204775707431502