0 0.15149784225601834 0.23672432942122007 2.7755575615628914e-17 0.22304999218749996 -0.003646676717179862 0.2634514862135265 0.14785116553883845 0.27712582344724657
0 0.0720651601994454 0.4943986499405761 0.03511766015625005 0.49270830468749993 0.03436903315992973 0.5090717641219238 0.07131653320312506 0.5107621093749999
0 0.28463190429687507 0.9450740214843751 0.2842334913029498 0.941404000940386 0.23446821679687502 0.946806458984375 0.2348666297908003 0.9504764795283641
0 0.28579210196225413 0.9395470543535139 0.283931917826475 0.9102302415281001 0.14596441091419016 0.918984432140142 0.14782459504996928 0.9483012449655559
0 0.46099265291535185 0.9861190664001908 0.4487778501948108 0.8325465266451625 0.2906216122558335 0.8451259060610994 0.3028364149763745 0.9986984458161277
0 0.29274151547255967 0.9058802429798966 0.2874194238476299 0.8466558019901855 0.1490096394807619 0.859093733727105 0.15433173110569165 0.918318174716816
0 0.28998364062500004 0.8423714609375001 0.2877922678728977 0.8221854158986529 0.20383724216354707 0.8312994724356052 0.2060286149156494 0.8514855174744524
0 0.20320820944068693 0.8499350624430237 0.20041911640530133 0.8242430507698386 0.150653802734375 0.82964551171875 0.1534428957697606 0.8553375233919351
0 0.3127502731155893 0.808335244722831 0.30557838368417883 0.7422706760970661 0.152208 0.7589203789062502 0.1593798894314105 0.8249849475320151
0 0.4882514878216101 0.8078503483343014 0.4760991326222942 0.6959077237467531 0.31895861852402163 0.7129667068692351 0.33111097372333753 0.8249093314567834
0 0.6296963066406251 1 0.6263542828798654 0.9762202569247203 0.61088134375 0.9783948359375001 0.6142233675107598 1.0021745790127798
0 0.9094936508050135 0.9934245518836147 0.6926973587102864 0.5471979699009106 0.47799628058679944 0.6515090968604347 0.6947925726815266 1.0977356788431387
0 1.0840853275384161 0.9544709969451393 0.8426621407382144 0.47357273151284557 0.7217646782212055 0.534266339236044 0.9631878650214072 1.0151646046683378