0 0.0894026171875 0.25674672500000006 0.0883350081044929 0.22441212311117234 -0.0010676090830071012 0.22736397779867232 1.3877787807814458e-18 0.25969857968750004
0 0.05055077968749999 0.44660599375 0.050152527260695176 0.4336322610947655 0.020008883282161032 0.4345575753189913 0.02040713570896585 0.4475313079742258
0 0.7840633484375 0.4593750000000001 0.7073058659404616 0.21590702391979164 0.5637856470776194 0.2611542505353632 0.6405431295746578 0.5046222266155717
0 0.3330805857868516 0.911545776884666 0.3251276526016159 0.8701117663615833 0.18922705156249997 0.8961968203124998 0.19717998474773568 0.9376308308355826
0 0.17240848125000002 0.8877623906250001 0.14925714471368234 0.7288747770689212 0.10608017941091971 0.7351660444117235 0.12923151594723736 0.8940536579678025
0 0.1270087030977969 0.9198228604881568 0.09164367031250001 0.6829365921875 0.00035363008794329074 0.6965653908877055 0.03571866287324017 0.9334516591883624
0 0.7962947814903618 0.7760768612470799 0.7379824868146233 0.6598847920149616 0.5982531428242612 0.730009532330382 0.6565654375 0.8462016015625002
0 0.5868499515625001 0.6815106468749998 0.5672458272886429 0.6221306633103969 0.5291096375000001 0.6347212125 0.5487137617738572 0.694101196064603
0 0.47311282343749994 0.537144146875 0.4651169880306381 0.5073032842720351 0.42851219531249984 0.5171115093750001 0.43650803071936173 0.546952371977965
0 0.5304023765625 0.96103135625 0.4633821530210014 0.8317343953172136 0.36090169852100307 0.8848544603185452 0.4279219220625016 1.0141514212513316
0 0.951808264934481 0.4711389932985073 0.946909303287186 0.45285582818550196 0.9222408539777052 0.4594657223869949 0.9271398156250001 0.4777488875000001
0 1 0.9531727406249999 0.9875175421875 0.9531727406249999 0.9875175421875 0.9942866328125 1 0.9942866328125