0 0.2420352878291497 0.12154497442023465 0.23698310661238392 0.10039887587268276 0.20430287151760915 0.10820676863994813 0.20935505273437494 0.12935286718750003
0 0.29565037258765836 0.12719374318313667 0.28943410520405377 0.09653071716971451 0.19112628925702044 0.11646050718970283 0.197342556640625 0.147123533203125
0 0.6051335872801661 0.3354566821806123 0.5110024831782221 0.33018384785228316 0.5094261530332298 0.3583246328149541 0.6035572571351738 0.3635974671432832
0 0.6350447050781249 0.27027285937500006 0.5364755146319264 0.261976122952024 0.532882263671875 0.30466566015625 0.6314514541180735 0.3129623965792261
0 0.6593073196085141 0.21071603878321457 0.5592664507389564 0.2051121659528026 0.5567774735364854 0.24954562286146265 0.6568183424060431 0.2551494956918746
0 0.688211005859375 0.15290485156250008 0.5870132032662819 0.14505364754183778 0.5836730302919675 0.18810668302427852 0.6848708328850606 0.19595788704494083
0 0.7124736223153639 0.09334803013789103 0.6124327545620976 0.0877441549902887 0.6099437976155863 0.13217723141884685 0.7099846653688526 0.13778110656644918
0 1.0091699318503604 0.07799716916933994 0.7030444649620653 0.050676040545340216 0.67845519921875 0.3261917617187501 0.984580666107045 0.3535128903427498
0 0.7416706795402052 0.033004550597276916 0.6407962238982388 0.024241969102594074 0.636710640625 0.07127502539062508 0.7375850962669664 0.08003760688530792
0 0.34389904575165736 0.7715962029270986 8.326672684688674e-17 0.7313900019531251 -0.01049503703621793 0.8211580758932625 0.33340400871543935 0.861364276867236
0 0.687303599067864 0.9619372179230343 0.5752582617595052 0.9109626900856176 0.5465760568551811 0.9740080474355195 0.6586213941635398 1.0249825752729362
0 0.578754741442952 0.895789781983444 0.4691283019091784 0.8411363123035533 0.40491337281941603 0.9699415662472861 0.5145398123531897 1.0245950359271767
0 0.41857826356872685 0.8019671813921756 0.40820312500000006 0.8011022910156251 0.40517367588439834 0.8374432600140748 0.41554881445312514 0.8383081503906252