0 0.1755961960947217 0.22270094103604246 0.16338750139934624 0.2096068523689177 0.14014347874212457 0.23127916445787527 0.15235217343750004 0.24437325312500002
0 0.20459801491811866 0.21622247973860426 0.18750302996881513 0.19627345707408 0.13123000723819642 0.24449569296047574 0.1483249921875 0.264444715625
0 1.003268586063557 0.5659606665210704 0.989457833693443 0.4848669479774167 0.8582212163511873 0.5072173402957765 0.8720319687213014 0.58831105883943
0 0.8529969166966342 0.5915528417755247 0.8383738219903119 0.5056892281451795 0.7416658473257803 0.5221591833751595 0.7562889420321028 0.6080227970055047
0 0.9886689026537901 0.47057263891151563 0.9752857192839685 0.36820941108871424 0.8412173054738504 0.38573779705586997 0.8546004888436723 0.48810102487867135
0 0.8370770897758975 0.49128577684952185 0.8220251762081896 0.3898036794422276 0.7245691397598015 0.4042584441223977 0.7396210533275095 0.505740541529692
0 0.9935385015625002 0.26083251562500004 0.9760721071212155 0.15827365610240343 0.8420291039199747 0.18110199074755814 0.8594954983612592 0.2836608502701547
0 0.8442087526261389 0.28135603604344606 0.8234926816439645 0.1597157615143305 0.6980336928330908 0.1810821825259486 0.7187497638152651 0.3027224570550641
0 0.9711016470241711 0.13817167091125565 0.9558656797174663 0.03177646453081016 0.8230970959803317 0.05078914254511071 0.8383330632870365 0.1571843489255562
0 0.8217118622619765 0.14098161120440772 0.8071410445849635 0.03702366274201192 0.6815283254299817 0.05462962799808017 0.6960991431069946 0.15858757646047597
0 0.7692102891631782 0.6908858807914413 0.6353594484375 0.6697296593750002 0.5963924780243218 0.916265259833559 0.73024331875 0.9374214812500001