0 0.2763625485386565 0.3286935168401989 0.27433064518524325 0.28602354694251964 0.16684212890625003 0.297540173828125 0.16887403225966327 0.3402101437258042
0 0.026915231770833336 0.398014755859375 0.023635579982637895 0.37368312278483284 -0.003279651788195439 0.3818458845035828 0 0.406177517578125
0 0.004158146088557427 0.3748759587577723 0.003032305989583331 0.3587021953125 -0.0011258400989740958 0.35935344553910276 0 0.375527208984375
0 0.230622078125 0.03027045117187499 0.2295286341434358 0.012871473523111174 0.1677929206017691 0.021601022351236183 0.16888636458333328 0.039
0 0.7685503802083331 0.33154562695312506 0.6443073874001185 0.27536361573591694 0.6384856275549967 0.30433114314406573 0.7627286203632112 0.36051315436127385
0 0.7834136875000003 0.30319691796875015 0.6564573713197535 0.24516884471477166 0.6510039505208334 0.2720141093750001 0.7779602667010801 0.3300421826289786
0 0.7980151966145833 0.2677852812500001 0.6667856733386709 0.20603931873439896 0.661309337599329 0.23222691097462006 0.7925388608752414 0.2939728734902212
0 0.8085102083333333 0.24596685156250017 0.676355023167706 0.18662088358789844 0.6736411865970396 0.20021838768426936 0.8057963717626669 0.2595643556588711
0 0.7041570291314491 0.38812049031604356 0.6365729269544801 0.35834090455636364 0.6319552565104166 0.3819202285156251 0.6995393586873856 0.41169981427530505
0 0.6864975351562501 0.4219196250000002 0.6202704340306227 0.39422734926020736 0.6154038947139455 0.42041399378134203 0.6816309958395729 0.44810626952113486
0 0.6739120716145833 0.45752381835937517 0.6075832066790267 0.4240678759937824 0.6020928489583334 0.4485592109375001 0.6684217138938902 0.4820151533030929
0 0.6564709466145833 0.48874617968750006 0.5886340754987526 0.4589702689989481 0.5837371041666667 0.4840724140625002 0.6515739752824975 0.5138483247510521
0 0.5890106302083334 0.45665732617187516 0.523839438030271 0.42684550445060065 0.5183503007267928 0.4538448826584507 0.5835214929048552 0.4836567043797252
0 0.6052970716145835 0.42552566601562525 0.5394798288195409 0.3933734502488665 0.5346875563116514 0.41544601508637946 0.600504799106694 0.4475982308531381
0 0.62044825 0.39415727734375006 0.5502340299654687 0.360629057936385 0.5453210520173986 0.3837785741268671 0.6155352720519299 0.41730679353423217
0 0.6331693541666666 0.3525164902343751 0.5643619364231901 0.32151033979445015 0.5591633411458333 0.3474674257812501 0.6279707588893099 0.37847357622117506
0 0.20648352604166667 0.9930452148437502 0.2003665899636806 0.7875857458783568 0.029170761718749993 0.7990536347656251 0.035287697796736094 1.0045131037310184
0 0.09332782942708333 0.676379619140625 0.09114096519159216 0.5657631322107017 0.012203738629092178 0.5692744193200767 0.014390602864583333 0.67989090625
0 0.15398276953125 0.6741984453125002 0.13816387376375494 0.5520038120788386 0.08201268619791667 0.568359375 0.09783158196541174 0.6905540082336615