0 0.3130716505572677 0.14417849147432032 0.19304486250000003 0.13230221718750002 0.18934285100523235 0.16971635383817973 0.30936963906250003 0.18159262812500004
0 0.4851481311620467 0.21763989217735152 0.4721666734374999 0.2142535140625 0.4666977178081259 0.23521839568300806 0.4796791755326727 0.23860477379785952
0 0.8386234281250001 0.35560610468750004 0.7375442482234116 0.0710613969642179 0.6313347848362548 0.10879032027774467 0.7324139647378434 0.3933350280010268
0 0.2286644242851866 0.4599441384639841 0.01898330782854977 0.445346741177321 0.01755882966008689 0.4658083458638152 0.22723994611672368 0.48040574315047824
0 0.1443841068840687 0.40428019144308835 0.12573069545167487 0.4033260578656142 0.11488155510005904 0.6154278887247757 0.13353496653245286 0.6163820223022499
0 0.22543515223822821 0.5686661432743807 0.023686804687500063 0.5396358453124999 0.021462663691247042 0.5550926887559631 0.22321101124197523 0.5841229867178439
0 0.2697018182983057 0.520888685121684 0.13184137586651173 0.5004998060402717 0.07731746170891322 0.8691660234848761 0.2151779041407072 0.8895549025662884
0 0.17045673455856972 0.8207430660296687 0.001539456599687039 0.7928230539498228 -0.0010848124234493993 0.8086999947889714 0.16783246553543327 0.8366200068688172
0 0.26208048505145853 0.8517239904877021 1.0547118733938987e-16 0.8460671125000001 -0.00041329752654010175 0.8652149916767661 0.26166718752491824 0.8708718696644681
0 0.14332176959745108 0.7923820694106036 0.1254100187500001 0.78977713125 0.0948983378325613 0.9995777456352007 0.11281008868001227 1.0021826837958043
0 0.13859298437500014 0.835695540625 0.11971467547863149 0.8343449932744509 0.10786377656250008 0.9999999999999998 0.12674208545886873 1.0013505473505488
0 0.9433064822229517 0.8744493658869805 0.9386816436236408 0.7934792876116893 0.6692138255487883 0.8088707160609434 0.6738386641480991 0.8898407943362348