0 0.3488602730182453 0.40486458269512016 0.3430153134902925 0.37715330672045877 0.2989658279720472 0.38644437871283877 0.3048107875 0.4141556546875001
0 0.30062758480429363 0.4147271665939957 0.2947816841216785 0.387016178633859 0.2507315836923848 0.39630897297736334 0.256577484375 0.4240199609375
0 0.6757865057594442 0.2598593791777132 0.5126950653902861 0.21714756636174753 0.4393496575708122 0.4972107951758121 0.6024410979399704 0.5399226079917778
0 0.8620780328125001 0.43614957968750023 0.6862548031250001 0.3958269937500002 0.6692484417784267 0.4699817957714246 0.8450716714659269 0.5103043817089247
0 1 0.40036231250000015 0.8080829765624999 0.40036231250000015 0.8080829765624999 0.5000000000000002 1 0.5000000000000002
0 0.21159411318115312 0.8588131314540421 0.09376191991321145 0.8285867902402494 0.0595080470069095 0.9621196232061227 0.17734024027485118 0.9923459644199154
0 0.4535625633968115 0.8974533377168074 0.378990110482582 0.8508019581978701 0.2859510891256375 0.999525278084055 0.36052354203986703 1.0461766576029923
0 0.35878612605848664 0.8491142269228751 0.27001632851433366 0.7906461542932568 0.14315430528636677 0.9832558233228369 0.23192410283051973 1.0417238959524553
0 0.27184204078908647 0.7766190693890399 0.15315525921368542 0.7051321684060995 0.08616394139523664 0.8163551168909404 0.2048507229706377 0.8878420178738808
0 0.9981079593750002 0.7772523140625001 0.9256101703116288 0.7588411371616772 0.8830583508363601 0.9263976627004 0.9555561398997314 0.944808839601223
0 1.057173229009822 0.7156662119008461 0.7933009424228793 0.4253238407887448 0.6271629254909208 0.5763153004538921 0.8910352120778635 0.8666576715659934