0 0.35454065364583326 0.21641958984374998 0.3529201059105204 0.20392140087994282 0.2690324262230204 0.21479849593202613 0.27065297395833326 0.22729668489583332
0 0.36150834375 0.27916835677083335 0.35988735044874853 0.2666686171508839 0.2759994520112485 0.2775473814738006 0.27762044531249996 0.29004712109375
0 0.35309451432291666 0.2016830651041667 0.35147345812077085 0.18918334043823196 0.26758710786035417 0.2000623391361486 0.2692081640625 0.21256206380208334
0 0.3518817330729167 0.18516849739583333 0.350260794681833 0.172669182887063 0.2663728975464164 0.18354794851206302 0.26799383593750004 0.19604726302083333
0 0.34757317968749996 0.15366915364583336 0.3459521861743134 0.14116941258563595 0.2620642890388967 0.15204817690855257 0.2636852825520833 0.16454791796875
0 0.36006198697916664 0.26443349869791666 0.3584409308013094 0.2519337755213105 0.2745545792388094 0.2628127755213105 0.2761756354166667 0.2753124986979167
0 0.35575343489583333 0.23293415494791667 0.3541329420830939 0.22043639255696634 0.27024526239559393 0.23131349021321634 0.2718657552083333 0.24381125260416667
0 0.35719824348958334 0.24766877864583334 0.35557718749938205 0.23516905542015076 0.2716908359368821 0.2460480541180674 0.27331189192708333 0.25854777734374995
0 0.3487859609375 0.17018371875000005 0.3471650227340161 0.15768440568784173 0.26327712559859945 0.1685631713128417 0.2648980638020833 0.18106248437500003
0 0.4331140270426866 0.8217366609973111 0.36702069378477215 0.6623958014738468 0.28862528653375213 0.6949135988098689 0.3547186197916667 0.8542544583333332
0 0.5732719888190041 0.7609247774880239 0.5295149424776026 0.759175415757077 0.5265855378845267 0.832449050514451 0.5703425842259281 0.8341984122453979
0 0.9520121972469978 0.7440887416907743 0.9043936225848038 0.7406758125824702 0.8982811658770932 0.825959293976014 0.9458997405392872 0.8293722230843182
0 0.8091042833745656 0.7207262164118363 0.8072961131826407 0.649895041590638 0.7482344680408106 0.6514027605646786 0.7500426382327355 0.7222339353858769
0 0.7224983575858562 0.7243454050800459 0.7183701173270252 0.6529640068895336 0.6538719252252431 0.6566941668472548 0.658000165484074 0.7280755650377669
0 0.905688376294178 0.879241800155477 0.9004305252785972 0.7915257082780348 0.5759157886787081 0.8109776708641768 0.5811736396942887 0.8986937627416193