0 0.2153852979475868 0.18369300238614425 0.16197985009765625 0.18144025483870968 0.1618412538102257 0.19040300245256547 0.21524670166015625 0.19265575000000004
0 0.22035994620546648 0.12303583436445324 0.16813466064453128 0.11928909193548393 0.16786672949601736 0.12947657089854558 0.22009201505695256 0.13322331332751491
0 0.21711142070336298 0.15342679450038135 0.1651466416015625 0.15100922903225808 0.16499391621069953 0.15996408533832837 0.2169586953125 0.16238165080645167
0 0.197194369981869 0.21445752656355954 0.14972107128906254 0.21024381370967749 0.14947328701785761 0.21785889847538464 0.1969465857106641 0.22207261132926667
0 0.21495355066685487 0.04094282112262407 0.21407113200089586 0.01880081746514404 0.18489965115825968 0.021972084245745777 0.1857820698242187 0.04411408790322581
0 0.6912397319335937 0.2779666838709679 0.623720162169964 0.26020693124070643 0.6221566982702029 0.27642119173888635 0.6896762680338326 0.29418094436914777
0 0.6882969917616332 0.3066831614939515 0.62223882421875 0.2892920911290324 0.617030404722742 0.34325839818346815 0.6830885722656251 0.36064946854838725
0 0.6836063772499638 0.3713160430360937 0.6190273095703125 0.35584831774193554 0.6166716702424133 0.38267646312088255 0.6812507379220646 0.3981441884150407
0 0.7425255474090414 0.3281206418209622 0.7076751523437501 0.3193240758064518 0.7053070277862712 0.34491674688871554 0.7401574228515625 0.35371331290322594
0 0.7412514798166755 0.35847664121536676 0.7063953461914062 0.34712681693548403 0.7033375698592301 0.37274287642664616 0.7381937034844994 0.38409270070652896
0 0.8446350766601562 0.3563227532258067 0.7761638696621975 0.3436345908687803 0.7730470463867187 0.3895161290322583 0.8415182533846775 0.4022042913892847
0 0.8474180581054688 0.31519636451612926 0.7805559541518657 0.30162494966872977 0.7785892451171875 0.32805582580645176 0.8454513490707906 0.34162724065385125
0 1.0005913152445454 0.3354938473842759 0.9480632556915187 0.32886079329167744 0.94733286328125 0.3446387443548389 0.9998609228342766 0.35127179844743733
0 1 0.3610651854838711 0.9450122016601562 0.3610651854838711 0.9450122016601562 0.38951612903225824 1 0.38951612903225824
0 0.9201346777343751 0.3629245217741937 0.8828394013680343 0.356156670381821 0.8806201860351562 0.38951612903225824 0.917915462401497 0.396283980424631
0 0.16039882278512987 0.86047886982446 0.14863728930768297 0.8522618492049664 0.14107539934203409 0.8817872947652844 0.152836932819481 0.890004315384778
0 0.018284954881863456 0.8418038474979386 0.01637907310401735 0.8202645496553381 0.009598186035156234 0.821901243548387 0.011504067813002339 0.8434405413909876
0 0.17171586566135175 0.8282616254323834 0.12889968812310812 0.787904996088744 0.11893308536421626 0.8167490759705189 0.1617492629024599 0.8571057053141583
0 0.7757425561523438 0.6936911838709678 0.7520680859575455 0.5869337597425325 0.643485015625 0.6526179475806452 0.6671594858197983 0.7593753717090805