0 0.3313819595352818 0.18872124306073904 0.24034463701923078 0.17163058413461543 0.23663771318660543 0.19137636584800036 0.32767503570265644 0.20846702477412396
0 0.31911683212449715 0.24773250565867247 0.22860087259615386 0.2333834086538462 0.22583364143319531 0.25083946068748153 0.3163496009615386 0.26518855769230776
0 0.33957967307692305 3.86035229146771e-17 0.2865499519230769 3.535638900114038e-17 0.2865499519230769 0.027210848557692343 0.33957967307692305 0.027210848557692346
0 0.9316542980769231 0.19495288942307704 0.8168528234741974 0.1673476079913115 0.80624945400152 0.21144360658599184 0.9210509286042458 0.23904888801775737
0 0.9536685961538459 0.1268491778846155 0.8730992891641242 0.11016902581812037 0.8599317697651667 0.17377143834520478 0.9405010767548885 0.1904515904116999
0 0.8658669278846154 0.10950388701923086 0.7882096942947114 0.09113723336073046 0.773094730769231 0.15504578605769243 0.8507519643591349 0.17341243971619283
0 0.780688891826923 0.08737409855769236 0.699944845590928 0.06899576286600494 0.6852429134615386 0.13358776442307704 0.7659869596975337 0.15196610011476447
0 0.7983986442307694 0.16466332932692318 0.677324813183067 0.13507802318896428 0.6651296466346154 0.18498507932692318 0.7862034776823178 0.2145703854648821
0 0.7829641225961539 0.2091822692307693 0.6596961112942061 0.18424585280352834 0.6503620721153845 0.23038674278846158 0.7736300834173323 0.25532315921570253
0 0.32294599999999996 0.613427170673077 0.3128675036294807 0.5800510587401448 0.17766281132178838 0.6208784625862986 0.18774130769230768 0.6542545745192307
0 0.45854404169674423 0.5802134509842239 0.45010397269284674 0.5522250764589818 0.3324974790730255 0.5876900485516807 0.34093754807692306 0.6156784230769229