0 0.20743930535285862 0.3076870446386607 0.12366317317708336 0.26725723242187505 0.10005081014776819 0.37734537678224545 0.18382694232354346 0.4177751889990311
0 0.885901765625 0.024201843750000118 0.7920741758810959 0.00009027936496050493 0.7893190126157107 0.024213485554785752 0.883146602359615 0.048325049939825365
0 0.2940744001252993 0.7925764905158923 0.26459569566383906 0.7654200994849967 0.23077980908475323 0.848012413840181 0.2602585135462135 0.8751688048710766
0 0.38778431901041666 0.8445661289062503 0.3554527718257357 0.827157478000464 0.3350841483020166 0.912272373533914 0.36741569548669756 0.9296810244397
0 0.3363376263020834 0.8116586640625 0.30336757029641953 0.7934996262714493 0.28168535090456787 0.8820750227643562 0.3146554069102318 0.9002340605554069
0 0.49571851953124996 0.8802933710937499 0.3601316770833334 0.8802933710937499 0.36013167708333343 1 0.49571851953125007 1
0 0.6273198372622297 0.8558741866197224 0.5703675259700441 0.8464924814454705 0.5682309906203372 0.8756749599120457 0.6251833019125227 0.8850566650862975
0 0.6369831071424352 0.8015062376938717 0.5390990459868695 0.7853818751937681 0.5348260027733943 0.8437464370334917 0.63271006392896 0.8598707995335954
0 0.7760726646681052 0.7358154330521147 0.6486266851609822 0.714821379791664 0.6407552850089656 0.8223352149023518 0.7682012645160886 0.8433292681628025
0 0.6559671809895832 0.7160305703125003 0.565761852444684 0.6694774303446992 0.5399414362520892 0.7820490643250826 0.6301467647969885 0.8286022042928837
0 0.8267499082679839 0.7072164196410777 0.8166548625608056 0.640561951468271 0.6704453491580219 0.6903857886759621 0.6805403948652002 0.757040256848769
0 0.8311810963541667 0.6093750000000001 0.56116191015625 0.609375 0.56116191015625 0.7052963691406251 0.8311810963541667 0.7052963691406252