0 0.6406396458477517 0.029493210372585385 0.6391801677621783 0.009078659482487011 0.27039216935378124 0.0684008317307786 0.27185164743935464 0.08881538262087699
0 0.3226098580729167 0.21466437109375003 0.3210258556474463 0.19085573189971275 0.26409896630158874 0.19937733377047573 0.26568296872705915 0.22318597296451304
0 0.41163776953125003 0.76581111328125 0.4029427319282983 0.6560031347744052 0.2619828151041667 0.681117125 0.27067785270711836 0.7909251035068448
0 0.82603539453125 0.9863077421875002 0.8062227682291666 0.9863077421875002 0.8062227682291666 1 0.82603539453125 1
0 0.7623831536458333 0.9825080507812503 0.7375049700520834 0.9825080507812503 0.7375049700520834 1 0.7623831536458333 1
0 0.8833683299245173 0.9764001833717766 0.8692930452319351 0.9390496084891744 0.82409243421824 0.9773750106594563 0.8381677189108222 1.0147255855420585
0 0.8205513504417868 0.9788936989265227 0.804187115996041 0.935464211620517 0.7626225611455739 0.9707026490370256 0.7789867955913198 1.0141321363430313
0 0.7795145612711022 0.9511489913782105 0.7736694133723163 0.9367069502368905 0.708737191555159 0.9958371993103656 0.714582339453945 1.0102792404516856
0 0.9347449588742779 0.9268456211605414 0.9214058736585903 0.8957113616019181 0.8797339627051916 0.9358824353057227 0.8930730479208792 0.9670166948643459
0 0.8697583598090769 0.9336670271854788 0.8528675489437023 0.8901311069659772 0.8066725268786562 0.9304566725575416 0.8235633377440309 0.9739925927770432
0 0.924625098791292 0.9101412478403978 0.9029546885310392 0.8444149308410933 0.8603302308305102 0.8760354663775257 0.8820006410907629 0.9417617833768303
0 0.9017605134905237 0.833586335978409 0.8957250751443543 0.8194992428329948 0.8028600035802477 0.9090197115586875 0.8088954419264169 0.9231068047041018
0 0.71688598828125 0.9366532832031251 0.694415555249567 0.7835589567102077 0.6700707788658526 0.7915986717006286 0.6925412118975357 0.944692998193546
0 0.7524938449538544 0.9127536544390722 0.7171813958834333 0.75888378803037 0.688050479757918 0.7739259729373251 0.723362928828339 0.9277958393460273
0 0.7921822369643076 0.869909244568992 0.750687301789981 0.7282959261316946 0.7136135656633006 0.7527381019242041 0.7551085008376272 0.8943514203615015
0 0.7989531226517131 0.7981512172792414 0.7683398220483723 0.7098676211195144 0.7487201503820761 0.7251751255520267 0.7793334509854168 0.8134587217117537
0 0.8267091912900918 0.79124019599184 0.7904325967176787 0.6845846512488467 0.7703695074013636 0.6999387170612877 0.8066461019737767 0.8065942618042811
0 0.8521744780185286 0.7708391933898348 0.8161803220129875 0.6683984555011434 0.7967017477991378 0.6837976845608404 0.832695903804679 0.7862384224495318
0 0.8894985218509112 0.7764166700386694 0.8415258665194264 0.6353730767683095 0.8180987366264999 0.653301495945856 0.8660713919579849 0.7943450892162159
0 0.9278494712002066 0.7431767710776408 0.8851285108836561 0.5956117691717195 0.8444714566694103 0.6220953109925604 0.8871924169859607 0.7696603128984817
0 0.6998764183928885 0.7574413220149196 0.6851264211335494 0.6293368115343803 0.6625456726627321 0.6351867105568287 0.6772956699220711 0.7632912210373681
0 0.94518781748683 0.7184960876013626 0.900658272530849 0.5816298458730729 0.8869870683715012 0.5916377054313517 0.931516613327482 0.7285039471596415
0 0.7278086396544224 0.7311325429010458 0.7093652157349424 0.6069543610499754 0.6863897013820143 0.6146322886495803 0.7048331253014943 0.7388104705006507
0 0.9576487027961771 0.6568832484328176 0.9276807608882413 0.5573611496057789 0.9033769538045804 0.5738273811932365 0.9333448957125162 0.6733494800202753
0 0.7534749303005231 0.7041032194335475 0.7321203424685513 0.5879761830042662 0.7096781073689223 0.5972617082743736 0.7310326952008944 0.7133887447036549
0 0.9711972980603972 0.6258637551097266 0.94349732225209 0.5379721329446558 0.92949474480001 0.5479015193414982 0.957194720608317 0.6357931415065691
0 0.7843153666835837 0.6688263992062938 0.7500663765347134 0.5681272177975824 0.7261589328454855 0.5864224316401445 0.7604079229943558 0.687121613048856
0 1.003314576374686 0.5869118361718368 0.9727285525146699 0.5099012556893048 0.9435547815550603 0.5359716568004124 0.9741408054150765 0.6129822372829444
0 0.8176355330264711 0.636410372705034 0.7809776492536565 0.5391229992504465 0.7518828649932647 0.5637895583255398 0.7885407487660793 0.6610769317801273
0 0.9880894299975549 0.5339178909713753 0.9860607486979168 0.5012039531250001 0.9706061462435253 0.5033603135749264 0.9726348275431632 0.5360742514213016
0 0.8496524473989208 0.6013986263761418 0.8070915447234471 0.510618248731626 0.7820265342120182 0.5370587238253366 0.8245874368874918 0.6278391014698526
0 0.7386895644380381 0.5449186104207634 0.7247706553663695 0.5141871873955113 0.6681322775262487 0.5719057957583669 0.6820511865979172 0.6026372187836191
0 0.8784186260252879 0.5747530488218305 0.835503910839455 0.48321998977844594 0.8129797147051397 0.506980736026756 0.8558944298909724 0.5985137950701407
0 0.9132980452543786 0.5398726652217073 0.8643027701983105 0.4558405166266958 0.8409979999457317 0.4864133772211535 0.8899932750017997 0.570445525816165
0 0.7263014090119423 0.5075542009774987 0.709682260056019 0.468764059391348 0.6703819238626222 0.5066489641028201 0.6870010728185454 0.5454391056889708
0 0.9442983202038068 0.5101437749517992 0.8879543544119604 0.4296615139411872 0.8686857228625692 0.4600130470901593 0.9250296886544156 0.5404953081007713
0 0.773963468030836 0.5188607725421102 0.7538489531186784 0.45575769118445364 0.7273253087839712 0.47478050295588914 0.7474398236961287 0.5378835843135457
0 0.983227936520651 0.45552280922231225 0.9821398037840021 0.4379758623579524 0.9715522682291664 0.43945312500000006 0.9726404009658153 0.4570000718643599
0 0.9775276828021147 0.47753928126396983 0.9252892981859434 0.4058333543577264 0.9047787369791666 0.4394531250000001 0.9570171215953378 0.5111590519062436
0 0.810290016782424 0.48716600712413777 0.7920491217422265 0.42852878175629666 0.7588645777239211 0.4517556739965812 0.7771054727641186 0.5103928993644222
0 0.7526829659003565 0.4635167146460598 0.7518235156249998 0.4526613515625 0.7222357404953522 0.4579320871330105 0.7230951907707089 0.4687874502165703
0 0.7775277515780653 0.5294139533742698 0.7143669518969425 0.4573806761716782 0.6438654515395403 0.5964704893385795 0.7070262512206632 0.668503766541171
0 0.7080574947409478 0.47586970713012255 0.7068542576677941 0.46067214075040797 0.6680675962601795 0.46758156838591036 0.6692708333333334 0.48277913476562495