0 0.16248372553953716 0.29123802905051394 0.14264786048391348 0.22406531830291884 0.09778315159070568 0.22995349191430278 0.11761901664632934 0.2971262026618979
0 0.18573909723356885 0.27955085061532525 0.16101189453469616 0.2626679358293586 0.15056164054907023 0.2694704881093335 0.17528884324794292 0.28635340289530015
0 0.3180292472014139 0.39662318112868994 0.270330912109375 0.37116056640625 0.258223045767336 0.38124114178797663 0.3059213808593749 0.4067037565104166
0 0.3713645228731767 0.4091220313776181 0.36292364648437503 0.4022910625 0.30991849861119836 0.43140096601821515 0.318359375 0.43823193489583323
0 0.9436879271958305 0.26869083153839635 0.9394441995495779 0.2559066238577995 0.8419213270412476 0.27029453190273656 0.8461650546875001 0.2830787395833334
0 0.6841176933156612 0.28497801606834416 0.6758766464843751 0.2619448177083333 0.5832049922312139 0.27668125606707245 0.5914460390625 0.29971445442708333
0 0.15970431523050427 0.7669012174503963 0.09021700195312504 0.7467202734375001 0.07764519062887082 0.7659591354141871 0.14713250390625005 0.7861400794270833
0 0.2217088412102567 0.7796617390372201 0.17764055664062495 0.7642814401041665 0.1678314732428683 0.7767727297127799 0.21189975781250003 0.7921530286458335
0 0.2172417151729348 0.5131507743226081 0.1934918359375001 0.5103406549479167 0.18990205045206543 0.5238247751565586 0.21365192968750013 0.52663489453125
0 0.9770741488565223 0.7979639231668708 0.7720174794594008 0.774835808326794 0.7575044640424959 0.8320243210934241 0.9625611334396175 0.8551524359335009
0 0.7245752929687501 0.8618305716145834 0.632717222006945 0.8503962357524251 0.5910408946709198 0.9991997879077928 0.6828989656327249 1.0106341237699512