0 0.37165720117187495 0.27908873046875 0.2824863194896632 0.23700434796340156 0.2592154834968575 0.28631197324926405 0.3483863651790693 0.3283963557546125
0 0.2793676480450524 0.26111027538028575 0.24361529687499997 0.24097472460937502 0.23576919014019146 0.25490614205566814 0.27152154131024386 0.27504169282657887
0 0.07921984372524961 0.0928435683343436 0.005812982421875012 0.057785720703124994 -0.002951787481420925 0.0761380809339996 0.07045507382195368 0.11119592856521819
0 0.8946258208495115 0.06772996509688867 0.6866643789877949 -0.0022541224919759295 0.6525050444664083 0.09925215850488543 0.860466486328125 0.16923624609375004
0 0.6752408125 8.326672684688674e-17 0.5603047590259319 -0.01663699374620091 0.5476437869568201 0.07083086162288607 0.6625798404308882 0.08746785536908708
0 0.07262563447603851 0.8342414084392669 0.00602888492124265 0.8198422472914448 -0.017259450726670733 0.927551817367803 0.049337298828125126 0.941950978515625
0 0.13997864422842288 0.4218256599135331 0.0395920816579665 0.4034973290940088 -0.033874340391554514 0.8058821205145962 0.06651222217890188 0.8242104513341204
0 0.8139078608548617 0.8765496241978961 0.5390625 0.78271438671875 0.49477675904292856 0.9124282424200935 0.7696221198977902 1.0062634798992394
0 0.8424992112349873 0.7295664920921381 0.5403996547757409 0.6128922148857479 0.501359118097289 0.7139781534223812 0.8034586745565353 0.8306524306287715
0 0.8992997867863874 0.5183494175223857 0.5749029835060449 0.3921780896137801 0.5027523165352044 0.5776833554126739 0.827149119815547 0.7038546833212795
0 0.9024586836437941 0.38099634880752276 0.6070532819701454 0.265187516681779 0.5681519913166183 0.36441700704267854 0.863557392990267 0.4802258391684223
0 1.0466019129153492 0.38766941635734786 0.9329540711974363 0.3699270358466141 0.8348919034421856 0.9980588534920524 0.9485397451600984 1.015801234002786