0 0.2357019397184661 0.2749208282707 0.19985732421875002 0.21046267578125 0.1673633610627839 0.21849361313554996 0.2032079765625 0.28295176562499996
0 0.09193665669953183 0.2716405370452546 0.07020454492187503 0.23119825260416674 0.060791577675468195 0.23344632493391218 0.082523689453125 0.27388860937500004
0 0.796006971266587 0.05816083218539222 0.693024744948388 0.03898807005797369 0.6391780727545975 0.16753270124975697 0.7421602990727966 0.1867054633771755
0 0.9785915126975069 0.34225328019451595 0.6283872152649451 0.27531030350610725 0.597121916535505 0.34800396022184454 0.9473262139680667 0.4149469369102532
0 0.4547773237223944 0.588668646899152 0.3661172025971417 0.5794995071414508 0.2689292711200886 0.9971659163924108 0.35758939224534125 1.0063350561501119
0 0.4728819769950077 0.675925248748016 0.40820312500000006 0.6697168111979167 0.3914854780831175 0.7471224530749009 0.4561643300781252 0.753330890625
0 0.5589723437517125 0.6901744159051733 0.48588808311271714 0.682701982960086 0.46803467490787987 0.7603089029924127 0.5411189355468752 0.7677813359375
0 0.654203403104078 0.7094323982563089 0.5808932810859546 0.6996741549573714 0.5587941982943767 0.7734618647739794 0.6321043203125001 0.7832201080729169
0 0.7379059157351736 0.7180511568935355 0.6642470139907628 0.7098698452004072 0.6446039849743392 0.7884708758068717 0.71826288671875 0.7966521875
0 0.8232786067428107 0.7333395141454578 0.7499886335325692 0.7252724698584445 0.7316189603835086 0.7994460143067367 0.8049089335937503 0.8075130585937501
0 0.9153970434822749 0.7512449715617368 0.8446031132812502 0.7427612356770834 0.8249560151114755 0.8156272107299302 0.8957499453125003 0.8241109466145836
0 0.9482834712476695 0.7886905048349572 0.9222912246093751 0.7848043229166669 0.9083071342210808 0.8263735928212931 0.9342993808593753 0.8302597747395835
0 0.4393322109375001 0.7843682630208333 0.40849212207030683 0.7791833720180049 0.38294199121093186 0.8467273446742546 0.4137820800781251 0.8519122356770832
0 0.5321291777343751 0.7962254401041667 0.45792633814795325 0.7841297445213872 0.4320206526010783 0.8547618656151371 0.5062234921875002 0.8668575611979167
0 0.6141441015625 0.8121943554687502 0.5469508714459916 0.7991004792894466 0.5171975530866166 0.8669599050706965 0.584390783203125 0.88005378125
0 0.7060362675781251 0.8271831093750001 0.6357766845134194 0.8129758158323491 0.6044794980468752 0.8817644986979167 0.6747390811115809 0.8959717922405677
0 0.7882833549775463 0.8420183856552755 0.7166088880770729 0.829947867177899 0.6920812303651517 0.8946788356892902 0.7637556972656251 0.9067493541666667
0 0.8811008730468752 0.8554520091145834 0.8125769080902867 0.8435219054383144 0.7853548006982406 0.9130143343240964 0.8538787656548291 0.9249444380003654
0 0.4961194859796758 0.8783141662288575 0.4321481328125001 0.8715174869791666 0.4218858897860235 0.9144462662855534 0.4858572429531992 0.9212429455352442
0 0.4603213730468752 0.9268459713541667 0.4350826738281253 0.9229616432291667 0.42188739562036515 0.9610670929664734 0.44712609483911503 0.9649514210914734
0 0.8596009766700321 0.9414382901877912 0.516996638671875 0.8847276783854167 0.5026628659204903 0.923214010374196 0.8452672039186474 0.9799246221765706
0 0.593697293154315 0.9449486852221455 0.5241439277343753 0.9359281848958335 0.5123874685644354 0.9762167262361884 0.5819408339843752 0.9852372265625003
0 0.7643283057096688 0.9713135473602884 0.6948070798085267 0.9642394927369651 0.6869361751730518 0.9986183269005883 0.756457401074194 1.0056923815239116