0 0.89920398046875 0.2333508652343751 0.830190759974831 0.22067192625029425 0.8264618667704077 0.24096880828736794 0.8954750872643267 0.2536477472714488
0 0.8289565091657058 0.19663491042256628 0.7242239357362908 0.17466044227645355 0.7143210078125 0.22185881445312508 0.819053581241915 0.2438332825992378
0 0.16526733620689202 0.9728288385808497 0.08156582944916416 0.9679212092853914 0.08039267260002729 0.9879298509378442 0.16409417935775517 0.9928374802333025
0 0.3105453802675148 0.9791155772512388 0.18706272189094117 0.9718754841230819 0.18575918943664627 0.9941077468698809 0.3092418478132199 1.0013478399980376
0 0.27531619816823605 0.8731475841428846 0.1524304717445149 0.8712337287945251 0.15136784028142994 0.9394636707145506 0.27425356670515105 0.9413775260629101
0 0.46249805482005923 0.825673316844035 0.33880258606497465 0.8233684183988579 0.33829154286479457 0.8507942376720025 0.46198701161987915 0.8530991361171796
0 0.2773591005564511 0.7951549558294665 0.15224337622947376 0.7936558561365524 0.15140336222987613 0.8637639086571712 0.2765190865568535 0.8652630083500853
0 0.22192073336271634 0.7441431574145942 0.18581358007812512 0.7420261015625 0.184249391362742 0.7687039058615679 0.2203565446473332 0.7708209617136621
0 0.2984313614357169 0.7216708638410023 0.28251425146412124 0.7209252441177181 0.28115505302509014 0.7499407199047415 0.2970721629966858 0.7506863396280258
0 0.048309054368779324 0.6977075105953082 0.0005577246093750876 0.6954706484375 -0.003426545414173386 0.7805247010892705 0.04432478434523085 0.7827615632470788
0 0.2960281857768975 0.6878332298685039 0.24429732403997256 0.6854099519876325 0.24326285567361067 0.7074932386193119 0.2949937174105356 0.7099165165001833
0 0.18895867417132234 0.6748862705165024 0.15513443359375007 0.67330180859375 0.15398038962022925 0.6979377183855462 0.18780463019780153 0.6995221803082986
0 0.7949089773311321 0.43174332334323634 0.6705107993570307 0.4221594941882929 0.6505174217939216 0.6816736925519172 0.7749155997680229 0.6912575217068606
0 0.6584254375000002 0.4296875000000001 0.522551031531831 0.4235664747106206 0.5113127317248409 0.6730340456119271 0.6471871376930101 0.6791550709013067