0 0.26002459210889833 0.17852813441840548 0.16356265395973368 0.15301643901936662 0.09270790585953918 0.42092440130528747 0.1891698440087038 0.4464360967043263
0 0.7884567865183298 0.15998703101123707 0.7444947405419475 0.019034415693769208 0.6781108690502508 0.03973903904563236 0.7220729150266331 0.18069165436310022
0 0.9339029626114939 0.013142671163323086 0.7984327287130921 -0.0023634686030339497 0.7829122930772026 0.13323166193750716 0.9183825269756043 0.1487378017038642
0 0.79729313671875 9.050582440706195e-17 0.68077914453125 8.337140002764687e-17 0.68077914453125 0.07723566406250008 0.79729313671875 0.0772356640625001
0 0.17857867961325483 0.6533887440543431 0.1544655289550865 0.6150270540800772 0.09586954465433165 0.651858950650734 0.11998269531249997 0.690220640625
0 0.08386886149425204 0.954248091348719 0.0323592578125001 0.8819510527343752 -0.01695352555675189 0.9170850219325313 0.034556078125000056 0.989382060546875
0 0.2612588565218637 0.9716244574334715 0.2186206432475686 0.7967477070136003 0.12251114612276445 0.820180994893514 0.16514935939705958 0.9950577453133852
0 0.5950391972656252 0.885370025390625 0.5918622519531251 0.8207599082031252 0.5457051518440565 0.8230294998586325 0.5488820971565566 0.8876396170461324
0 0.7094487989138616 0.9699631336812182 0.5997695539312238 0.9525431755365329 0.5948600246319149 0.9834544706324181 0.7045392696145527 1.0008744287771034
0 0.8295445651635841 0.9853333053700276 0.7198479587460677 0.9710396871884612 0.7162395690805314 0.9987323326693542 0.8259361754980479 1.0130259508509207
0 0.7158036125016539 0.9267966324066195 0.6025657932162204 0.9106057985173618 0.5981205340719766 0.9416957013040718 0.7113583533574102 0.9578865351933294
0 0.8369800517057133 0.9458663295478946 0.726687565746282 0.9278755931663025 0.7216398689289781 0.9588205761031646 0.8319323548884094 0.9768113124847567
0 0.7220309807452986 0.8840999646708847 0.6126200718131849 0.8677276786194412 0.6079745605549686 0.8987721893016257 0.7173854694870823 0.9151444753530691
0 0.8434674407747887 0.9033372136913422 0.732892166081418 0.8856437822397387 0.7280498468445075 0.9159059041598965 0.8386251215378782 0.9335993356115
0 0.7281747558764948 0.8425026251078477 0.6174745484776493 0.8257327102414229 0.6127127180811819 0.8571661204099181 0.7234129254800274 0.8739360352763428
0 0.8494844106906374 0.8612044041351614 0.7371102216519059 0.843223127606824 0.7323090270836016 0.8732282468307065 0.8446832161223331 0.8912095233590439
0 0.8566413963321448 0.6632780700868095 0.8029586589049593 0.6528432034575229 0.7835796210338452 0.7525397150264126 0.8372623584610306 0.7629745816556993