0 0.5232335558746312 0.5918752545260136 0.4177550985278864 0.13560526003823256 0.3104080301633485 0.146634600179015 0.4158864875100933 0.602904594666796
0 0.9910694966352649 0.6979804028733486 0.9705551729627467 0.5476132953297322 0.8175628853118568 0.5568899497480501 0.838077208984375 0.7072570572916664
0 0.5566747911165022 0.9871003990160622 0.5511249546522994 0.9601092346191131 0.4801283378906249 0.96659727734375 0.48567817435482774 0.993588441740699
0 0.551392259765625 0.9411886276041667 0.5447895673698079 0.8974898844140613 0.4707709003906251 0.9024605078125001 0.4773735927864422 0.9461592510026055
0 0.5438955781249999 0.8916073971354166 0.5419158888073851 0.8697806839938766 0.46495972268657737 0.8728828826418465 0.4669394120041922 0.8947095957833865
0 0.536351126981909 0.8550574228349116 0.529156311345259 0.8031176883474275 0.457662603515625 0.807519234375 0.46485741915227496 0.8594589688624841
0 0.528331689453125 0.7949175078125 0.5274566995315952 0.779310170291049 0.45430154007438617 0.7811329604340395 0.4551765299959159 0.7967402979554906
0 0.52761829296875 0.7646817942708334 0.5183289824609878 0.7044794434868287 0.44314537890625005 0.7096354166666666 0.4524346894140121 0.7698377674506713
0 0.43326695507812496 0.7702468502604165 0.4256183480511555 0.7069480274366639 0.353341044921875 0.7108295859374999 0.3609896519488446 0.7741284087612526
0 0.43699776597360324 0.7986388022807537 0.43611360546875 0.7835942539062501 0.35918345838829674 0.7856036520686764 0.36006761889315 0.80064820044318
0 0.44555229929729445 0.8556966449581515 0.4387095467799738 0.8067133077208054 0.3658713671875 0.8112356041666665 0.37271411970482066 0.8602189414040127
0 0.4507617265625 0.8966734179687501 0.4489560130619141 0.8749670379859212 0.3741047265625 0.8777344778645833 0.3759104400630859 0.8994408578474121
0 0.456898267578125 0.9478045364583335 0.4519943593014867 0.8996904694481151 0.37988016015625004 0.9029571640624999 0.38478406843288837 0.9510712310727184
0 0.463031765625 0.9914547825520833 0.45894012079575375 0.9643638806551958 0.38331980829575385 0.9694399835197792 0.387411453125 0.9965308854166667
0 0.328201029296875 1.0000000000000002 0.2868702941995491 0.7065100939896923 0.23693617187499996 0.7096354166666666 0.2782669069723259 1.0031253226769745
0 0.259497013671875 1 0.21759422387467198 0.7064849258858751 0.16746465390974835 0.7096656352608789 0.20936744370695137 1.0031807093750038
0 0.12316946265998681 0.7888882929316363 0.11236268611164282 0.7236723090217017 -0.010806776548343958 0.7327434653088155 2.7755575615628914e-17 0.7979594492187502
0 0.1289279393331248 0.8155764109074365 0.125838174708583 0.8014914583712511 -0.003089764624541802 0.8140614367867314 0 0.8281463893229167
0 0.1427141785835796 0.8761867669818814 0.13210058398437496 0.8261716940104168 -0.010613594599204551 0.8396317291118689 5.551115123125783e-17 0.8896468020833335
0 0.14349528520532792 0.9085708255470352 0.13806762388203556 0.8870614403326522 -0.005427661323292365 0.9031545457752004 0 0.9246639309895833
0 0.15228739277269668 0.9691124925238727 0.14336982491621236 0.9248656716319905 -0.008917567856484288 0.9385066582747846 2.7755575615628914e-17 0.9827534791666667
0 0.15410775000000015 0.98395721484375 1.8181280174743999e-16 0.98395721484375 1.8328630765926578e-16 1 0.15410775000000015 1