0 0.2669038807266685 0.36515247725698985 0.2657222075516454 0.26360544684079973 0.004043317708333333 0.27045687890625 0.005224990883356419 0.3720039093224401
0 0.4970860651781841 0.15338157198533042 0.4736755920691311 0.05886601547439585 0.32977320696984397 0.1390628829782954 0.35318368007889694 0.23357843948922996
0 0.7350422213541666 1.3226470986373672e-16 0.7049888684895832 1.2950435418454237e-16 0.7049888684895832 0.005902132812500131 0.7350422213541666 0.005902132812500133
0 0.6968842432306493 0.038722619187235574 0.6760545255233223 -0.0453723660452231 0.489735970949648 0.05846458083725256 0.510565688656975 0.14255956606971124
0 0.582389453125 0.0035189707031250145 0.5823749285079381 0.0013368496667505812 0.5009772538929914 0.0025558964455724255 0.5009917785100533 0.004738017481946859
0 0.4517138757935406 0.11241030231993335 0.4509876138059823 0.0033044960305922445 0.348232071345775 0.004843476913783897 0.3489583333333333 0.113949283203125
0 0.3393916757812501 0.92108352734375 7.569039600882919e-17 0.92108352734375 7.891188953011174e-17 1 0.3393916757812501 1
0 0.9176559835945189 0.8419504314661953 0.9175471413508983 0.8212572084447947 0.8715655419198645 0.8218013801281933 0.871674384163485 0.8424946031495939
0 0.5743247613109331 0.8546360127839483 0.5741705690945736 0.8253209049727418 0.4950981393229166 0.8262566953125 0.49525233153927606 0.8555718031237065
0 0.8439421536458335 0.84109796484375 0.8438333135948768 0.8204051821855624 0.8128972708331713 0.8207712968441827 0.8130061108841279 0.8414640795023703
0 0.6503805560414372 0.8312003820885842 0.6497945188812204 0.8084372228185362 0.6396349422334618 0.8090257286185574 0.6402209793936785 0.8317888878886053
0 0.6859372682291666 0.82917183203125 0.685819358710217 0.8067547618489106 0.6650183307265684 0.8070009330997624 0.665136240245518 0.8294180032821018
0 0.6198699869791667 0.831678544921875 0.6197248675444444 0.8040881683660511 0.5912960848116235 0.8044246092247427 0.5914412042463458 0.8320149857805665
0 0.57865346484375 0.811471810546875 0.5785899765687851 0.7994013520389108 0.49446770402189705 0.8003969024916839 0.494531192296862 0.8124673609996481
0 0.9751890638020835 0.801605810546875 0.9750802234477343 0.7809130271161732 0.9441428776041668 0.781279158203125 0.944251717958516 0.8019719416338268
0 0.9294193450520835 0.8021474746093749 0.929310505353496 0.7814546919632506 0.9009163893140993 0.7817907229330591 0.9010252290126868 0.8024835055791834
0 0.8734349166666667 0.8010856289062501 0.8733351466934082 0.7821171350586422 0.8551473216134049 0.7823323786821998 0.8552470915866635 0.8013008725298078
0 0.8429657161458336 0.8031706132812501 0.8428478049860213 0.7807531017629926 0.8119117603279647 0.7811192144794283 0.8120296714877769 0.8035367259976858
0 0.575542968867486 0.790814994814867 0.5754794784054591 0.7787440940978395 0.4939350985692441 0.7797091342024641 0.49399858903127103 0.7917800349194916
0 0.68237387109375 0.7895507011718749 0.6822468908700863 0.7654089010048346 0.6614105377604167 0.76565548828125 0.6615375179840803 0.7897972884482902
0 0.8697295989154382 0.7614657357184087 0.8696388979758858 0.7442215290947907 0.8541708723958333 0.7444045859375 0.8542615733353859 0.7616487925611181
0 0.8420074093177217 0.7686918374528856 0.8418804286418055 0.7445500376701834 0.8109443841064143 0.7449161507906394 0.8110713647823306 0.7690579505733417
0 0.9283188233070945 0.7607723588471575 0.9282190529561659 0.7418038652106302 0.8998955611979169 0.7421390605468751 0.8999953315488455 0.7611075541834024
0 0.9715806223958334 0.7602603750000001 0.9714717823192509 0.7395675927586116 0.9405703980197216 0.7399332973428223 0.9406792380963042 0.7606260795842108
0 0.4860337533878282 0.8693598926728577 0.4825800540291656 0.7352092071577085 0.44956370572916665 0.73712171484375 0.4530174050878293 0.8712724003588992
0 0.6839843854166666 0.7533166875000001 0.6838755456966136 0.7326239060677936 0.5894057277663188 0.7337419120876245 0.5895145674863719 0.7544346935198311
0 0.5687268454163538 0.7236398263550996 0.5686724246025058 0.7132932111153881 0.49475577732204656 0.7141679763424337 0.4948101981358946 0.7245145915821452
0 0.990973336491051 0.7272651540061468 0.990837287926461 0.7013990650333934 0.9396645827600641 0.7020046625574596 0.9398006313246542 0.727870751530213
0 0.7315865455729167 0.7251612460937501 0.731477706072309 0.7044684632020463 0.6979977773437499 0.704864681640625 0.6981066168443576 0.7255574645323288
0 0.9201732498028271 0.7027498690151706 0.853064570309353 0.7010181673216104 0.8527649861629754 0.727140199311608 0.9198736656564495 0.7288719010051682
0 0.6297850050520862 0.7228001758239398 0.6291545881774966 0.698313146338799 0.6189956614583334 0.6989016132812501 0.6196260783329229 0.7233886427663909
0 0.5992750885416668 0.723278298828125 0.5986386460473238 0.6985572338516256 0.5859401497395834 0.6992928085937501 0.5865765922339263 0.7240138735702495
0 0.68322986328125 0.72400912890625 0.682507672091006 0.6959573417187184 0.6723487447916668 0.69654580859375 0.6730709359819107 0.7245975957812817
0 0.6552595143229166 0.72434014453125 0.6545373238348677 0.6962883579381702 0.6443783970852085 0.6968768242216582 0.6451005875732573 0.7249286108147379
0 0.5682386201830159 0.7046759253257325 0.5681932708109926 0.6960540427627766 0.49434725871271873 0.6969279769719133 0.494392608084742 0.7055498595348693
0 0.7773112356770833 0.72289571875 0.7764558902604471 0.689671880705525 0.7586776064937998 0.6907017072538297 0.7595329519104359 0.7239255452983048
0 0.9060330439260484 0.6868822237981008 0.9059332705319822 0.6679137267620175 0.8522179869791665 0.66854944140625 0.8523177603732327 0.6875179384423332
0 0.8373353747274767 0.6928688727959119 0.8371811852123221 0.6635542095088587 0.806315122395671 0.6639194960629327 0.8064693119108256 0.6932341593499859
0 0.9951886575520835 0.6892763574218751 0.9950344667508212 0.6599612521895297 0.9410360077996284 0.6606002963809079 0.9411901986008906 0.6899154016132533
0 0.6795333098958333 0.6792159453125 0.6789886402156236 0.6580596385150239 0.6688297135976918 0.6586481076449042 0.6693743832779018 0.6798044144423803
0 0.6287228059895832 0.681541658203125 0.6286048941558139 0.6591241464901082 0.5849193216145833 0.659641146484375 0.5850372334483527 0.6820586581973918
0 0.654143898766148 0.6810067065663995 0.6535134804454404 0.656519676169031 0.6408149843788777 0.6572552521037499 0.6414454026995853 0.6817422825011185
0 0.5270807130732612 0.6853739045216696 0.5263705706533384 0.6577902172010677 0.4781155109960169 0.6605854533850714 0.4788256534159398 0.6881691407056733
0 0.7303166865055402 0.6758365709942544 0.7296923037588288 0.651584017263984 0.7042946645097904 0.6530552090338899 0.7049190472565018 0.6773077627641605
0 0.8365617447916667 0.6532142851562502 0.8365073235813464 0.6428676720912929 0.8057825065104166 0.6432312871093752 0.8058369277207369 0.6535779001743325
0 0.9890023125978641 0.6479614312753618 0.9889206811435747 0.6324415140140405 0.9403611900090083 0.6330161922859524 0.9404428214632977 0.6485361095472737
0 0.9257168996329689 0.6263168803114879 0.8587387799080907 0.6250465194149964 0.8585123495681937 0.6519075685293952 0.9254904692930719 0.6531779294258867
0 0.8361179127604165 0.635974701171875 0.8360634918079771 0.6256280881003403 0.8078819075415677 0.6259616034695208 0.8079363284940072 0.6363082165410554
0 0.6810197503888813 0.6395346088471463 0.680729510648418 0.5843537704752011 0.6262373124999999 0.58499866015625 0.6265275522404631 0.6401794985281952
0 0.9930138450520835 0.6048009785156251 0.9926766794119258 0.5776996426523954 0.8474485594385142 0.5817648794232093 0.8477857250786718 0.608866215286439
0 0.7724606979166667 0.6332788203125002 0.7721885979216679 0.5815468636679123 0.7156475698828473 0.5822160019047018 0.715919669877846 0.6339479585492896