0 0.39499096826171876 0.4734095814516129 0.392331716430752 0.404259927635749 0.2418341357421875 0.4200475056451613 0.24449338757315428 0.4891971594610252
0 0.8700937529296876 0.5321336346774195 0.8021039026982374 0.520234118647958 0.8010563182931874 0.5365616431840182 0.8690461685246376 0.5484611592134796
0 0.8677441303128598 0.559680835302121 0.8015459116210938 0.5494083725806455 0.7992769172433234 0.5892944826556064 0.8654751359350894 0.5995669453770819
0 0.9189085789773493 0.577061624712633 0.8878173139648439 0.5720132612903227 0.8867759442151131 0.5895080730263598 0.9178672092276186 0.5945564364486701
0 1.0010479107419668 0.5527825329246069 0.960037309878226 0.5480385163643641 0.9589107646484375 0.5746038395161293 0.9999213655121781 0.579347856076372
0 0.33608025390625 0.9455428790322579 0.3224968344268501 0.7979217945861684 0.24566986767578125 0.8172055201612902 0.25925328715518114 0.9648266046073797
0 0.6412151458235118 0.7142115714341696 0.622731857070826 0.6434477944982735 0.5341825537450644 0.7065391599047812 0.5526658424977502 0.7773029368406773
0 0.7973969594726562 0.5895161290322583 0.7814654052734376 0.5895161290322583 0.7814654052734376 0.592407598387097 0.7973969594726562 0.592407598387097
0 0.7737505337141759 0.6250907603584251 0.7593473191079196 0.5626314543097051 0.63264448660692 0.6423327047424059 0.6470477012131761 0.7047920107911259
0 0.6920932563476563 0.5979337322580645 0.6920368041698542 0.596326857634753 0.6359432982833698 0.601702468553799 0.6359997504611719 0.6033093431771106
0 0.6072545140948653 0.6786171259419038 0.6046577107344426 0.6047006693524272 0.5472078841395772 0.6102062506685879 0.5498046874999999 0.6841227072580645