0 0.4713095378574404 0.3173780445755111 0.13753321801154872 0.2648759895486808 0.11371154163968318 0.41631980385076545 0.4474878614855748 0.46882185887759575
0 0.8787938661845267 0.2041758876461679 0.8716047464198231 0.1716207571493515 0.7443824220993884 0.1997151469529183 0.7515715418640918 0.23227027744973477
0 0.9189006601057313 0.1899774894968479 0.9134120315369778 0.16561303417937448 0.7890180670201941 0.19363550619982148 0.7945066955889475 0.2179999615172949
0 0.962183101762693 0.18716810965939473 0.9552099109424568 0.15504516999986206 0.8315646277836091 0.18188586897159867 0.8385378186038454 0.2140088086311313
0 0.4607393849068756 0.8359192410514 0.4014049394388035 0.7054519850216351 0.2120175328267459 0.7915823834980088 0.271351978294818 0.9220496395277736
0 0.615313440519686 0.6201783399401182 0.5444692234994776 0.6093798282709308 0.509649531547787 0.8378162914403031 0.5804937485679955 0.8486148031094907
0 0.5800439123961971 0.8777822321970161 0.5301868453394423 0.8709342555049211 0.5124593843750003 1.0000000000000002 0.5623164514317551 1.0068479766920952
0 0.6438716843750001 0.7250613078124999 0.616318291713472 0.7215667036498017 0.6014286569629128 0.8389648219397206 0.628982049624441 0.8424594261024188
0 0.600950003125 0.8796711703125 0.5836966143265561 0.8773143096515256 0.5669946651367491 0.9995808601672721 0.5842480539351931 1.0019377208282463
0 0.8877276796875002 0.7092238000000001 0.6514714102217816 0.6827675460295222 0.6467993453125002 0.724489425 0.8830556147782188 0.750945678970478
0 0.9564498171875 0.9161520640625002 0.935398176164737 0.913068943094293 0.9226955633595105 0.999802758466538 0.9437472043822736 1.0028858794347453
0 0.9225065444985538 0.8822297545640823 0.8478244343750001 0.8683186187500003 0.8256357121886895 0.9874390569346051 0.9003178223122432 1.0013501927486872