0 0.3697502404336456 0.6182131357936181 0.2386381651866552 0.6163035252665072 0.2380301852047023 0.6580468629842107 0.36914226045169274 0.6599564735113216
0 0.40911586677686135 0.658146668693383 0.21642282410081623 0.6569022998740573 0.2161282941546234 0.7025108611058182 0.40882133683066857 0.7037552299251438
0 0.12498635015136628 0.45084465300616094 0.08940738280350186 0.44991291834599145 0.08251649030578906 0.713046672680258 0.11809545765365348 0.7139784073404275
0 0.15734398600675895 0.4876970549396021 0.12373743279277663 0.4864425699199578 0.12129040774857894 0.5519962242689732 0.15489696096256125 0.5532507092886174
0 0.1880568654246859 0.5239140338228038 0.15620936796701507 0.5239140338228038 0.15620936796701507 0.6550641679652018 0.1880568654246859 0.6550641679652018
0 0.1562182774866559 0.5856714719685552 0.12001350400317312 0.5852073570501842 0.11874172143296388 0.6844168374010455 0.15494649491644666 0.6848809523194165
0 0.4977892927149038 0.523289511171496 0.4424365842585526 0.5217982112678594 0.43970473862384424 0.6231963637099138 0.49505744708019545 0.6246876636135504
0 0.552154914155067 0.45778125088676613 0.49935860604582194 0.45610534304844375 0.49304408231881414 0.6550324753351301 0.5458403904280592 0.6567083831734524
0 0.6033357987379211 0.42172693681218565 0.5515536083007793 0.4210797494299855 0.550292058086356 0.522017801137988 0.6020742485234978 0.5226649885201882
0 0.5958296198050952 0.7231373675713819 0.5952051820885277 0.5545157275963885 0.5427627682036084 0.5547099317399519 0.5433872059201759 0.7233315717149453
0 0.521599816963876 0.7469914523764754 0.1362266063786728 0.7412485873539343 0.1355211161517899 0.7885902944466854 0.5208943267369931 0.7943331594692264
0 0.4513435265828 0.7031793449013173 0.16146464407951874 0.7005977220321915 0.16107533953866424 0.744310987283274 0.4509542220419455 0.7468926101523998