0 0.30072964112185935 0.16525170763372432 0.29556605078125003 0.043572569010416666 0.2710316866933065 0.044613712191169184 0.27619527703391583 0.16629285081447684
0 0.27492562135614484 0.19299057779381343 0.26915409831507847 0.07268155935345098 0.24695804727143356 0.07374635916380422 0.25272957031249993 0.19405537760416666
0 0.2511087773501604 0.19710863654434554 0.244903285678874 0.07870080697733854 0.22240808905788026 0.0798797303288263 0.22861358072916668 0.19828755989583327
0 0.2261896318370029 0.20327533112197582 0.220537859375 0.08383656770833335 0.19864292285049703 0.08487262330510749 0.20429469531249997 0.20431138671874996
0 1.0149068126806682 0.38121322535691915 0.7768223658854166 0.36103366666666675 0.761617932528624 0.5404201022251333 0.9997023793238755 0.5605996609153856
0 0.16070264062500011 0.9298954947916668 0.009138763020833447 0.9298954947916668 0.009138763020833452 1 0.16070264062500011 1
0 0.7612280186920168 0.767179451020906 0.7042860833333334 0.7608903893229169 0.7031739655252133 0.7709596402513134 0.7601159008838967 0.7772487019493025
0 0.7718435305059219 0.6991946941710881 0.7160779622395834 0.6912679596354167 0.7144580807460619 0.7026640284205938 0.7702236490124004 0.7105907629562654
0 0.765646302310313 0.73319071336853 0.7102230364583334 0.72681190625 0.7090657966480204 0.7368667657981369 0.7644890625 0.7432455729166668
0 0.7394210250981291 0.8006234034908766 0.6887955260416666 0.7925000611979166 0.6874328371322359 0.8009924776948093 0.7380583361886984 0.8091158199877694
0 0.773962994093191 0.6061611749732878 0.7727405423699004 0.5812481551362484 0.7399929987975429 0.5828550374546272 0.7412154505208335 0.6077680572916667