0 0.23641019810729424 0.45967415181605953 0.23115450951913605 0.4182506833358752 0.10111804296874999 0.43474933007812494 0.10637373155690819 0.4761727985583093
0 0.2811289533054882 0.4977899128346549 0.275760107421875 0.45245934765625007 0.08446062333565625 0.47511641014006195 0.08982946921926946 0.5204469753184668
0 0.05642343489199493 0.48017231227786383 0.038170865234375 0.350298521484375 0.006633305593681985 0.35473083612350353 0.02488587525130192 0.48460462691699235
0 0.027753691935310194 0.5140615271249507 0.015286605161373375 0.41627430693220374 -0.012467086773936806 0.41981268019787804 1.3877787807814457e-17 0.517599900390625
0 0.35520366664541636 0.4080483851591936 0.344802080078125 0.306573654296875 0.2897522972986019 0.3122164884904311 0.30015388386589326 0.4136912193527497
0 0.4109538663463358 0.43200668467017495 0.38952163248874494 0.23413668439716065 0.337005892578125 0.23982491210937504 0.3584381264357159 0.4376949123823893
0 0.4479852265625 0.291441548828125 0.4351866373326161 0.1913102456362547 0.38381831640624997 0.197876044921875 0.39661690563613383 0.29800734811374524
0 0.46067930996118933 0.49155687831404404 0.44720282750438267 0.3238108070683177 0.40084331688300956 0.32753526467829586 0.4143197993398162 0.4952813359240222
0 0.3282315253906251 0.493454552734375 0.036427054687500064 0.493454552734375 0.03642705468750007 0.529296875 0.3282315253906251 0.529296875
0 0.6284727134023171 0.26083656673579414 0.621458427459434 0.24350716924260943 0.5713416671821169 0.2637925419599403 0.578355953125 0.281121939453125
0 0.3740295742187501 0.962663775390625 0.29675720898437513 0.962663775390625 0.29675720898437513 1 0.3740295742187501 1
0 0.4492187500000001 0.914471228515625 0.39050454687500014 0.914471228515625 0.39050454687500014 1 0.4492187500000001 1
0 0.14204116512482712 0.9997065810761316 0.10981734967225304 0.917885094467349 0.008330634978964746 0.9578536809683614 0.040554450431538824 1.039675167577144
0 0.1947956821404916 0.8753531210712964 0.11633469345144846 0.6459991178772854 -0.06129952419065057 0.7067669969947653 0.017161464498392565 0.9361210001887763
0 0.5480919576342231 0.8505073271481685 0.44825209514489306 0.5261564929843909 0.1548793377534382 0.6164608568735511 0.2547192002427682 0.9408116910373286
0 0.35912999386503186 0.5583086060149993 0.35233443423218574 0.5099556964310012 0.15134271438735775 0.5382032461578916 0.15813827402020383 0.5865561557418898
0 0.567835404296875 0.836264564453125 0.5076378443630344 0.6181834722522386 0.4474854887643688 0.6347875024080342 0.5076830486982093 0.8528685946089206
0 0.7381015209220154 0.8225765194307391 0.679776458513953 0.6254122565316875 0.5652094533655602 0.6593034274108954 0.6235345157736225 0.856467690309947