0 0.3681325341774931 0.2893234494442792 0.3604444830642124 0.16845090944281757 0.313262434070007 0.1752031503542591 0.32095048518328767 0.29607569035572073
0 0.30295766796875 0.1929816484375 0.30095801147734536 0.06439846043356373 0.24145570869273095 0.0664804929114765 0.2434553651841356 0.19506368091541273
0 0.6492381912495354 0.3983921534377351 0.6452234160823477 0.3091799221817045 0.475151891499479 0.3264006281189693 0.4791666666666667 0.4156128593749999
0 0.3740431119791667 0.984851734375 0.3736311129121557 0.9759494648433508 0.25964874088541673 0.9878185078124999 0.2600607399524276 0.9967207773441491
0 0.47968168538670786 0.9738515329394094 0.4791666666666667 0.9627232675781251 0.3862798879961465 0.9723956166540795 0.3867949067161877 0.9835238820153638
0 0.47988764531690653 0.9335765256831008 0.47916666666666674 0.91799798046875 0.3792877798870269 0.928398420559323 0.3800087585372667 0.9439769657736738
0 0.4797846785769802 0.9022794332073999 0.47906367349297724 0.8867003174090217 0.37700389313894694 0.8973278554724515 0.3777248982229499 0.9129069712708298
0 0.47988764557070257 0.8731964709424891 0.4790636469355188 0.8553919278703522 0.3747200052083333 0.8662572890625001 0.375544003843517 0.884061832134637
0 0.7750200910601537 0.7572481836798567 0.7721069222330463 0.6888283440201849 0.7050785830499035 0.6952496679479793 0.7079917518770108 0.7636695076076511
0 0.6942485156250001 0.73636155859375 0.6900029445022741 0.6832243901700908 0.6659505651041666 0.6875483164062501 0.6701961362268926 0.7406854848299093
0 0.6911783216145834 0.7633713339843753 0.6881842818427036 0.693052130360016 0.6250477473958335 0.6991006191406253 0.6280417871677132 0.7694198227649846
0 0.7252090976310336 0.7333955302048456 0.7230242187074127 0.6820806532966577 0.6975039922832097 0.6845254971401904 0.6996888712068307 0.7358403740483783