0 0.26936277099609374 0.3869561298482294 0.25674514973934626 0.30997404470718126 0.22011691503906247 0.32787574704890393 0.23273453629580992 0.4048578321899521
0 0.803138041015625 0.184698944350759 0.7208156925279521 0.16025376887657192 0.7166835810546873 0.2017479451939293 0.7990059295423603 0.2261931206681164
0 0.29300345068359374 0.9901207655986509 0.2926213152067348 0.9833625307684924 0.260643857421875 0.988754141652614 0.26102599289873396 0.9955123764827725
0 0.25494410498046877 0.9965378220910625 0.2545619694737777 0.9897795870170378 0.22400783952525535 0.9949312156302218 0.22438997503194646 1.0016894507042464
0 0.3500926918945312 0.9804951424957838 0.3495194763615733 0.9703575730334093 0.29982339306640626 0.9787366618887015 0.3003966085993641 0.988874231351076
0 0.38642261181640625 0.9743696779089375 0.3855628130445477 0.9591637573734115 0.3542676967773438 0.9644403212478923 0.35512749554920237 0.9796462417834183
0 0.4331317490234375 0.9664942082630691 0.43217639815918535 0.9495984063466427 0.3902920722535642 0.9566603808996846 0.39124742311781635 0.973556182816111
0 0.20090915820312505 0.9937086989881958 0.19999168767732806 0.9820727211815592 0.17159736575729195 0.9887486433586663 0.17251483628308895 1.000384621165303
0 0.29341317236328124 0.9729948035413156 0.29283998137854345 0.9628576670861683 0.2760128022460938 0.9656948406408096 0.2765859932308316 0.9758319770959569
0 0.2743832783203125 0.9762033693086003 0.2738100876264964 0.9660662329914156 0.2569833509797674 0.9689033305386907 0.2575565416735835 0.9790404668558755
0 0.112275046875 0.9967132217537945 0.11179738371466545 0.9882655357523944 0.07829916025267533 0.9939135565437537 0.0787768234130099 1.0023612425451538
0 0.22166892236328128 0.9902084654300173 0.2157944070490537 0.9583511597232964 0.20121853369140624 0.9663658752107929 0.20709304900563383 0.9982231809175137
0 0.19439903564453126 0.9777499030354131 0.19363476489235662 0.9642334337373724 0.17119893258840632 0.9680162625601322 0.17196320334058096 0.9815327318581728
0 0.44789101416015625 0.9401261534569983 0.44664908009681603 0.9181619989537417 0.42489559130859367 0.9218297807757164 0.4261375253719339 0.943793935278973
0 0.4147162548828125 0.9440140801011805 0.4097830735607645 0.9172616009766923 0.4000659624023437 0.9226046694772345 0.4049991437243917 0.9493571486017228
0 0.161934666015625 0.9951629468802701 0.15992846070772263 0.9596823219865329 0.11919887841796875 0.966549599494098 0.12120508372587112 1.0020302243878352
0 0.34470231542968743 0.960936 0.3387140192085124 0.9181018844074752 0.3270016430664062 0.9229844603709951 0.33298993928758125 0.9658185759635199
0 0.1146595733041868 0.9826658452232306 0.11332211168436318 0.9590122399732856 0.0899401988922802 0.962954584239578 0.09127766051210381 0.9866081894895231
0 0.32394255126953125 0.9644362327150086 0.32145865850552136 0.9205074911356894 0.25719230468750004 0.931343223440135 0.2596761974515099 0.9752719650194541
0 0.08731694811512197 0.9736306623574438 0.08645715001170845 0.9584247416092827 0.0700493147984841 0.9611912091081071 0.07090911290189762 0.976397129856268
0 0.07266389554892808 0.9947168780338534 0.06559546499577038 0.9563850024954141 0.051019508789062515 0.9643997622259696 0.058087939342220216 1.0027316377644089
0 0.048665410156250005 1 0.0415966358103422 0.9616662711407007 0.030259743292023633 0.9678999956760789 0.037328517637931435 1.006233724535378
0 0.32028639990234375 0.9155884721753793 0.3199042401258343 0.9088298057162095 0.3077942655164593 0.9108716269641015 0.30817642529296874 0.9176302934232713
0 0.30450713768941345 0.9182489588744207 0.30412497763549934 0.9114902918572564 0.2879267275390625 0.9142214249578416 0.28830888759297657 0.9209800919750059
0 0.44413060595703124 0.9100584089376055 0.4427931197722941 0.8864043707809499 0.4000703173828125 0.8936077166947725 0.4014078035675497 0.9172617548514279
0 0.39731478308989165 0.9469480823010181 0.3943532268580106 0.8945716555369658 0.34146025790776463 0.9034897606802271 0.3444218141396457 0.9558661874442794
0 0.2583718550281489 0.976433150211158 0.24573392019614732 0.9078980221072326 0.21496230761718754 0.9248181509274875 0.22760024244918914 0.9933532790314129
0 0.20803803320312497 0.9549818473861719 0.2021897847739218 0.9232669837657254 0.19247267333984375 0.9286100514333894 0.19832092176904692 0.9603249150538359
0 0.188703115234375 0.9565362841483982 0.18282860191738085 0.9246789797112338 0.16825272802734376 0.9326936930860036 0.1741272413443379 0.964550997523168
0 0.39019991357421874 0.888449268128162 0.3898177780644624 0.8816910327085022 0.3630303715820313 0.8862075666104551 0.36341250709178763 0.8929658020301149
0 0.3590604897460937 0.8936995809443509 0.3586783542676945 0.8869413461138886 0.3370805561523438 0.8905828777403034 0.337462691630743 0.8973411125707655
0 0.1585830922851562 0.9479693887015176 0.15667241483828928 0.9141782149539828 0.1202414923558422 0.9203207097161694 0.12215216980270914 0.9541118834637042
0 0.2079420419921875 0.9157680345699832 0.2012365647085119 0.8794044389962037 0.18342179052734373 0.8892000994940976 0.19012726781101932 0.9255636950678772
0 0.1119180701816802 0.9387809741483175 0.10972078478304612 0.8999210161949422 0.07239802587890623 0.9062138811129846 0.07459531127754032 0.9450738390663599
0 0.07340871972656249 0.950390576728499 0.07092485178223144 0.9064622688392302 0.020498394986910213 0.9149645019525934 0.022982262931241264 0.9588928098418622
0 0.230432119140625 0.9119760590219226 0.22281154452889917 0.8706499240631663 0.204996357421875 0.8804458128161889 0.21261693203360083 0.9217719477749451
0 0.3261766905211104 0.873659342094327 0.3253168682163176 0.8584529869169377 0.30330002520970994 0.8621651679640083 0.30415984751450276 0.8773715231413977
0 0.30543098681640624 0.90274186846543 0.30313817381878605 0.8621924600830488 0.26697055026646166 0.8682905610826447 0.26926336326408185 0.9088399694650257
0 0.4511171313814575 0.8781782233662556 0.4486332633499251 0.8342499142753995 0.38614802846774476 0.8447853369680385 0.38863189649927715 0.8887136460588946
0 0.32222957666015617 0.8487397453625632 0.31668632695193877 0.8186788592803975 0.306968796875 0.8240221534569983 0.3125120465832174 0.8540830395391639
0 0.07830245605468751 0.8898674688026984 0.07658283415035769 0.8594551965939603 0.05724150244140625 0.8627162731871837 0.05896112434573607 0.8931285453959218
0 0.057542604003906254 0.8933677175379428 0.05582298259054852 0.8629554462471409 0.012262235290234402 0.870300074800714 0.013981856703592137 0.9007123460915157
0 0.21497057275390624 0.866824321247892 0.20900410518122675 0.8324623863075074 0.18587039453125 0.8444401433389546 0.1918368621039295 0.8788020782793392
0 0.10068167096553826 0.885476762035511 0.09400242992759225 0.8492554548717728 0.07780710661966823 0.8581606439713287 0.08448634765761424 0.894381951135067
0 0.45142665658205533 0.8218391553129606 0.4497070311036082 0.7914268818966692 0.44038221728515625 0.7929991104553119 0.44210184276360337 0.8234113838716033
0 0.4427182993164063 0.8250130008431706 0.44090315589671225 0.792911278678515 0.4005925559815666 0.7997078894894976 0.4024076994012607 0.8318096116541531
0 0.3593742202148438 0.8373598043844857 0.35311041972513246 0.8033914298993274 0.3417734469028846 0.8096252000308231 0.3480372473925959 0.8435935745159812
0 0.34380406445312506 0.8399850354131535 0.3420844430240476 0.8095727649498614 0.3192833705870242 0.8134171758963971 0.32100299201610166 0.8438294463596892
0 0.2599502827148438 0.8592404451939291 0.2577529977546045 0.8203804888980963 0.21487494677734376 0.8276100118043843 0.21707223173758303 0.8664699681002171
0 0.30838973388671875 0.8510732335581789 0.30590584081023064 0.8071444919686497 0.2589390688476563 0.8150634013490724 0.2614229619241444 0.8589921429386017
0 0.3636530346679688 0.8025250438448566 0.36298429150956557 0.7906980246111147 0.3426973213657823 0.7941185417079677 0.3433660645241855 0.8059455609417097
0 0.09754898101922171 0.8493569756988029 0.09709027466114424 0.8347722901754332 0.06880959698557321 0.8374245619845005 0.0692683033436507 0.8520092475078702
0 0.4500891667092974 0.7879513400934524 0.44922936806867747 0.7727454206629588 0.42166659284642066 0.7773926867458263 0.4225263914870406 0.7925986061763198
0 0.41901240771484377 0.7931910876897135 0.4113918319177343 0.7518649527076862 0.3935766446308123 0.7616608430778662 0.4011972204279218 0.8029869780598935
0 0.021905598847815955 0.8548824085080858 0.01597309022998547 0.8227106049281608 0.0046361982421875 0.8289443279932546 0.010568706860017985 0.8611161315731795
0 0.40071684154710113 0.8262132535138235 0.3851432108572818 0.756004380566579 0.36668598777753403 0.7682126683453536 0.38225961846735335 0.8384215412925979
0 0.3787086938476563 0.8358054435075887 0.3742363977794766 0.8009129583071042 0.35907302880859376 0.8067083777403037 0.3635453248767735 0.8416008629407882
0 0.06436654443359374 0.8529867217537943 0.0621692593176944 0.8141267640945415 0.022750859863281254 0.8207729671163576 0.0249481449791806 0.8596329247756104
0 0.2981225151367187 0.7760490455311974 0.29754932415755114 0.7659119093997133 0.2772628491210937 0.7693323431703204 0.2778360401002613 0.7794694793018045
0 0.2817680226803658 0.8042495584011582 0.2785334856220224 0.7671111786621012 0.2259196551869152 0.7807752344360178 0.22915419224525865 0.8179136141750747
0 0.054400516601562504 0.8086139620573356 0.0540183811523537 0.8018557263263492 0.003010695213452791 0.8104559577761304 0.0033928306626615917 0.8172141935071169
0 0.086659765625 0.7997637242833052 0.08513122363262624 0.7727307857290097 0.054099404296875 0.7779629561551433 0.055627946289248754 0.8049958947094389
0 0.3773735246257712 0.7558645736291179 0.37527176732678597 0.7186940668688405 0.3074914809570312 0.7301222715008432 0.3095932382560164 0.7672927782611205
0 0.22780790820312502 0.7623198870151771 0.22176497862151634 0.7295492778328252 0.21366731731172087 0.7340018724141762 0.21971024689332955 0.7667724815965282
0 0.21162807080078122 0.7616363617200674 0.21009952897708242 0.734603423988106 0.17775644108790364 0.7400566825478591 0.17928498291160244 0.7670896202798205
0 0.29292327127474005 0.7598692257353273 0.2904394025363938 0.7159409187136988 0.22722057796181544 0.7266000330017856 0.2297044467001617 0.770528340023414
0 0.4419917092726144 0.7586148501108981 0.4380748008514239 0.6893426208484278 0.3724433753273171 0.7004085176964473 0.3763602837485075 0.7696807469589176
0 0.35786547949218744 0.7131006602023608 0.3572922639235492 0.7029630912362931 0.3473853959776491 0.704633454985773 0.3479586115462874 0.7147710239518408
0 0.34575594775390617 0.7151424072512648 0.3451827323610769 0.7050048386424027 0.32489576171413886 0.708425355736325 0.32546897710696815 0.7185629243451872
0 0.32326631494140623 0.7189343077571669 0.3226930995793645 0.7087967389124469 0.30240612742296175 0.7122172559975776 0.3029793427850035 0.7223548248422975
0 0.8237356250000001 0.8026352209106239 0.8202728849584343 0.7170430559786202 0.6505824557863552 0.7375138058712909 0.654045195827921 0.8231059708032946
0 1.0006369014858607 0.7815419876572433 0.9971776722600042 0.6981099644645592 0.8766383673997872 0.713012692483602 0.8800975966256438 0.796444715676286
0 1.0048756442541045 0.9448416620163681 1 0.8263101399662731 0.7448125195620318 0.857610406781858 0.7496881638161362 0.9761419288319529
0 0.7117970834960937 0.9342777521079257 0.709347329599306 0.8694875364183685 0.5464351608857262 0.8878553339325856 0.5488849147825139 0.9526455496221429