0 0.2953883028380016 0.20512064588010076 0.0604776437273228 0.09566589635952345 -0.0015392117166650788 0.22876583448125878 0.23337144739401375 0.3382205840018361
0 0.9312821651278049 0.1409012531555453 0.926546403453959 0.0643884479400851 0.70440595 0.07813783593750001 0.7091417116738458 0.15465064115296023
0 1.0027415215272941 0.27902797925335066 1 0.2018403234375 0.8393157492599521 0.20754744496936656 0.8420572707872461 0.2847351007852172
0 0.8730605296874998 0.509375 0.8682749593749998 0.45400807343750005 0.7925076270566188 0.4605569270349787 0.7972931973691189 0.5159238535974786
0 0.7645946234375 0.509375 0.7409126415920319 0.3212942355346705 0.6648255890513155 0.33087465276695255 0.6885075708967837 0.518955417232282
0 0.6521196580852215 0.408645573910417 0.6241140934665435 0.19088810752840496 0.5429375456816918 0.20132814015866005 0.57094311030037 0.419085606540672
0 0.15547057500000006 0.7634021453125001 0.1484285475071812 0.7493437152704316 0.10283773599192676 0.7721806712569558 0.10987976348474562 0.7862391012990242
0 0.18539865468750005 0.8229025906250002 0.17835648752740146 0.808844800775893 0.13276590937500005 0.8316831328125 0.13980807653509864 0.845740922661607
0 0.17126425937500003 0.7932249515625001 0.16422186341478195 0.7791667044927312 0.11863320624999996 0.8020040734375 0.12567560221021803 0.8160623205072689
0 0.13967702812500002 0.7335777812500001 0.1326350881835428 0.7195198787884014 0.08704391558118507 0.7423575887670711 0.0940858555226423 0.7564154912286698
0 0.6570243557516884 0.9139356442216291 0.6064488515625 0.8821321531250002 0.539067967048271 0.9892846099627282 0.5896434712374594 1.021088101059357
0 0.7827260609375002 0.7050405875000002 0.7332260795407438 0.6750673044227519 0.6283192967282438 0.8483177216102519 0.6778192781250002 0.8782910046875001