0 1 0.1310306679687501 0.9851391953125 0.1310306679687501 0.9851391953125 0.2171827513020835 1 0.2171827513020835
0 0.6717874965622874 0.08762034961196785 0.6343537638878733 0.0788920165264048 0.60941566973111 0.18584553685180652 0.6468494024055242 0.19457386993736958
0 0.9505877595835815 0.17070362787252572 0.7563452015316434 0.1502879123842216 0.749948277301764 0.21115058098812423 0.9441908353537022 0.23156629647642837
0 0.3076375662717894 0.5954902824725099 0.23657425886934977 0.5829666906032676 0.23132179131614686 0.6127710566550956 0.30238509871858654 0.6252946485243379
0 0.2872118003186615 0.5660471703739615 0.23859329119517333 0.5599382114671453 0.2373862409117539 0.5695445922125547 0.28600475003524206 0.5756535511193708
0 0.28899848264958966 0.5467555787423455 0.2404696193069069 0.5406578827984615 0.239262568948984 0.5502642623894494 0.28779143229166676 0.5563619583333334
0 0.32757149348032183 0.5247675317993004 0.24455236197916666 0.5143361015625 0.2430434909531901 0.5263445375372638 0.3260626224543453 0.5367759677740642
0 0.33369299681921955 0.5085079175272179 0.2473105760017417 0.49288547300613184 0.2454569243521211 0.5031350160037348 0.33183934516959895 0.5187574605248209
0 0.34153216234433037 0.4386994179942883 0.2525476253657504 0.4275184308469915 0.25073702682350335 0.44192818472770323 0.33972156380208335 0.45310917187500005
0 0.34442633315739224 0.4172164460765923 0.2570411835592522 0.3999847679384778 0.2539167407889874 0.41582941735114914 0.3413018903871275 0.4330610954892636
0 0.3458972960892781 0.3880181947698998 0.26074000783438245 0.37731810320331344 0.25923119872427114 0.3893260464542471 0.34438848697916674 0.4000261380208335
0 0.7951431701546894 0.6040134564046684 0.7221269049479168 0.5988543541666668 0.7095386088038667 0.7770152680917577 0.7825548740106393 0.7821743703297593
0 0.6567193430583508 0.7405884187708055 0.5593926041666667 0.7326750690104168 0.5447071764728993 0.9132919796666946 0.6420339153645834 0.9212053294270834
0 0.8323539967822756 0.8375266713588334 0.6997221677570313 0.8282924824541404 0.688054003971454 0.9958838020838187 0.8206858329966983 1.0051179909885117