0 0.2887574713601926 0.21689559309660594 0.22820793188357505 0.1561767076678586 0.19601443613521946 0.21946678412270712 0.25656397561183697 0.28018566955145446
0 0.33993712262076575 0.19277742304927023 0.3378681677374996 0.13884382490671213 0.2725397250492371 0.1437843642314051 0.2746086799325033 0.19771796237396316
0 0.5750502648125754 0.1406013022071307 0.5736559584899901 0.12250303060960262 0.5509810326481257 0.12594690577249576 0.552375338970711 0.14404517737002384
0 0.5872479673518742 0.17908359762309 0.5750407366825945 0.14062216201296301 0.5569190477629987 0.1519610577249576 0.5691262784322785 0.19042249333508462
0 0.566134568319226 0.2406599702886249 0.5628155583153154 0.23038711411636364 0.5042698858246382 0.2676771311880708 0.5075888958285488 0.27794998736033205
0 0.9286600991535671 0.29807530050933806 0.7970628548143722 0.26604828637114686 0.7923262122128176 0.30441736672326 0.9239234565520125 0.3364443808614512
0 0.7772166516083652 0.2759161974973154 0.7105568555017012 0.25697231115669505 0.7078242865779927 0.275928300509338 0.7744840826846566 0.29487218684995825
0 0.7103030441354293 0.2473070008488966 0.5789102801813215 0.21495103420459777 0.5741041079586985 0.25342764657344286 0.7054968719128063 0.2857836132177417
0 0.24506207135133246 0.7377107600793824 0.20956140326481254 0.6435532139219015 0.1208522494265548 0.709490377405784 0.15635291751307473 0.8036479235632649
0 0.1681256587747673 0.5556830072755706 0.1560910761789601 0.5160222691001699 0.13294029634447527 0.5298712014285967 0.14497487894028244 0.5695319396039973
0 0.12135086321292089 0.46449362656337495 0.10750403869407496 0.42908353480475375 0.08189563981005371 0.4488253004315316 0.09574246432889964 0.4842353921901528
0 0.6563687883917776 0.5932407079796267 0.5483889945988203 0.48557433002452716 0.5074031753325273 0.5666100398981326 0.6153829691254845 0.6742764178532321
0 0.6742954642318945 0.4534712955717657 0.6287553106919911 0.4094666795657437 0.5825123101844014 0.5038125053861683 0.6280524637243047 0.5478171213921903