0 0.9731652526444261 0.18688851426244135 0.9390678222656248 0.16027391992187512 0.9300078547774484 0.17188114589380882 0.9641052851562497 0.19849574023437505
0 1.0067904777374754 0.14574637591020412 0.9932103204987466 0.13587981341740119 0.9767581503906251 0.15852428125000007 0.9903383076293539 0.168390843742803
0 0.40239631445312507 0.5841952011718751 0.37453519085867437 0.5102806716474136 0.19334983984374995 0.578576140625 0.22121096343820065 0.6524906701494614
0 0.37896101171875 0.637555349609375 0.36709997116541915 0.6042480807578328 0.24957697311854415 0.6460991569297078 0.261438013671875 0.67940642578125
0 0.8620947814192261 0.6390216593228337 0.85820882421875 0.6343749355468751 0.7982262595963989 0.6845370906771665 0.802112216796875 0.6891838144531252
0 0.8659239703642153 0.6868675622818292 0.8620585781250001 0.6821775078125001 0.8098324847139098 0.7252205763900459 0.8136978769531249 0.729910630859375
0 0.8689680333522829 0.6679563356645503 0.8600418244477714 0.657138444282573 0.8001993965642386 0.7065164601805229 0.80912560546875 0.7173343515625001
0 0.8673831737036404 0.9127337234766095 0.85741476953125 0.87496482421875 0.8320432559838594 0.8816611671483905 0.84201166015625 0.91943006640625
0 0.9071571644210586 0.8489775639387604 0.8968854889550039 0.8371034082161777 0.8695004534401952 0.8607926880274175 0.87977212890625 0.8726668437500003
0 0.7884122440514509 0.3854403339355623 0.785099701171875 0.374805806640625 0.7433501407141743 0.3878103535644376 0.74666268359375 0.3984448808593749
0 0.7962156008866323 0.4086765178680152 0.7929030580391797 0.39804198845399286 0.7511534962150472 0.41104653308597777 0.7544660390624999 0.4216810625000001