0 0.11457808396547331 0.3544533483784439 0.0666133540270895 0.2863122469020406 -0.04479977035529521 0.401575276005137 0.0031649595830886014 0.4697163774815403
0 1.0009224944331052 0.5131627366089206 0.9992752020838387 0.46153183517927854 0.7504900692326544 0.4731979492552896 0.7521373615819209 0.5248288506849316
0 0.6522951378531073 0.4778025383561646 0.4223716384180791 0.4778025383561645 0.4223716384180791 0.5287671232876713 0.6522951378531073 0.5287671232876714
0 0.7929362407824447 0.45466090350630994 0.7885873706214688 0.31835470821917805 0.41282729476204 0.33597496780056485 0.417176164923016 0.47228116308769674
0 1.0042829672299336 0.4426816315382593 0.9999341123154173 0.30637596789818244 0.8543340332210769 0.31320349526403274 0.8586828881355932 0.4495091589041095
0 0.9995854067796611 0.28984567123287674 0.999453614388424 0.28571492418554306 0.9948427680607403 0.2859311378841732 0.9949745604519774 0.29006188493150686
0 0.9968066689265537 0.2424042246575342 0.9966858610169492 0.2403416890410959 0.9943859975159206 0.24053967609576296 0.994506805425525 0.24260221171220128
0 0.9269776900356487 0.2953186150668365 0.9225629310101541 0.15694731344404708 0.40616348260100105 0.18116248597509807 0.4105782416264956 0.3195337875978874
0 0.9893379552319331 0.13933762297611613 0.9849232091921755 0.0009667456226024701 0.4046248019828411 0.028178292509500043 0.4090395480225989 0.16654916986301369
0 0.3219093454377735 0.9608942381489641 0.29132925758450734 0.5912739004052986 0.14061752092109586 0.609600030475387 0.17119760877436202 0.9792203682190523
0 0.7342167491525424 0.6151592369863014 0.7274968984658463 0.5265773134900738 0.6925543237641687 0.5304732353728115 0.6992741744508648 0.6190551588690391