0 0.16688359935274222 0.1792345927955956 0.012519680639145048 0.15189203839446205 -0.011195247676645514 0.24486700571737915 0.14316867103695166 0.27220956011851266
0 0.09667299220711498 0.003773835189007639 0.004021369386998321 -0.014308792125389285 -0.03180413302590247 0.11316511476593098 0.060847489794214185 0.13124774208032788
0 0.6648716890625002 1.4802973661668753e-16 0.5481115682608544 -0.04680315150038824 0.422052854812038 0.1715853742621599 0.5388129756136838 0.21838852576254827
0 0.09831908680979305 0.7944511260281463 0.06266291502361386 0.7916799093119647 0.051240292891181115 0.893742724111879 0.08689646467736031 0.8965139408280606
0 0.39145006236665203 0.8478136178619197 0.10229250151207132 0.7958246825843242 0.07622345545158668 0.8965146677119004 0.3653810163061674 0.9485036029894959
0 0.7096157962438763 0.5610511722149526 0.6685023625502047 0.5531891769732055 0.6238890616404158 0.7152032865891091 0.6650024953340874 0.7230652818308562
0 0.9146045035155055 0.7405691279375329 0.7327301838694594 0.7083536457437866 0.7252583576752827 0.7376471288819446 0.9071326773213286 0.7698626110756911
0 0.8223901897928447 0.7591680360130914 0.6940083171875001 0.7364276953125 0.687511077146459 0.7619002884595374 0.8158929497518036 0.7846406291601288
0 0.7266318029785677 0.7698385501648892 0.6899512679552734 0.7633413103454866 0.6854032000000001 0.7811721263020835 0.7220837350232944 0.7876693661214862
0 0.7717345901382805 0.7777445739535761 0.7324203640625001 0.7721950533854168 0.728509445844787 0.7914352943874489 0.7678236719205674 0.7969848149556084
0 0.7176974935688609 0.6670868913351612 0.6825453143527425 0.660860369097679 0.6760480739088817 0.6863329621375179 0.7112002531250001 0.6925594843750003