0 0.3738802286464881 0.393945147108839 0.37149250086141994 0.19509622920312236 0.1703229650597592 0.19751182238412543 0.17271069284482735 0.39636074028984203
0 0.7392634539677455 0.09719769010630072 0.7386359440024945 0.05597805868162355 0.6826866604269339 0.05682980654493164 0.6833141703921848 0.09804943796960881
0 0.9951479671874999 0.10267241249999999 0.9938720972748575 0.03892233314326432 0.9616533924983429 0.03956714608253352 0.9629292624109853 0.10331722543926918
0 0.4741427546875 0.046887639062500056 0.45 0.046887639062500056 0.45 0.07722335781250005 0.4741427546875 0.07722335781250006
0 0.9808643384629256 0.03542362665617438 0.9805505815668525 0.014813714689376884 0.9375345421859105 0.015468573333085553 0.9378482990819836 0.03607848529988304
0 0.7486883156250002 0.027713839062500006 0.7484316045830822 0.010851140929256636 0.7290180015625001 0.011146685937499998 0.7292747126044179 0.02800938407074337
0 0.7223434155790397 0.048622137064680125 0.7036376039494143 -0.0005507977617297044 0.6662429977911486 0.013674435310689237 0.684948809420774 0.06284737013709907
0 0.9933481906250001 0.012744800000000006 0.9931496739996828 -0.00029526611151302063 0.9673454328478265 0.00009756708645808076 0.9675439494731439 0.013137633197971108
0 0.7782746953125 9.451814667454982e-17 0.76532378125 9.372513190191617e-17 0.76532378125 0.0029659703125000944 0.7782746953125 0.002965970312500095
0 0.7482758671875002 0.007105382812500001 0.7481617736405669 -0.0003891400896920166 0.7223485609375001 0.000003829687499999623 0.7224626544844334 0.007498352589692017
0 0.6585836613675763 0.03845585207195603 0.6580131914126083 0.000983240711106019 0.5827215296875 0.0021294546875 0.583291999642468 0.03960206604835001
0 0.5750126426379644 0.04909840585587697 0.5742995585897445 0.0022576673423563925 0.5055510573396486 0.0033042661180420763 0.5062641413878685 0.05014500463156266
0 0.49944804259255227 0.035256251920854895 0.4989631454227081 0.0034045580958632776 0.455982996875 0.004058870312500002 0.45646789404484417 0.03591056413749162
0 0.8362644588903739 0.875160044050804 0.7645837960177764 0.8621142986618914 0.7623242937500001 0.8745292750000001 0.8340049566225977 0.8875750203889128
0 0.7885803921875002 0.70757035 0.7113041546875 0.6932346484375 0.7013641258737158 0.7468161229137917 0.778640363373716 0.7611518244762918
0 0.7812394703125001 0.8065660015624999 0.7725851479247425 0.8045386555453596 0.7619783774161275 0.8498167731919907 0.7706326998038849 0.851844119209131