0 0.30359450921570963 0.39449608232544053 0.3034262465463976 0.3527408702620832 0.17234837304687503 0.353269080078125 0.17251663571618706 0.3950242921414824
0 0.343530373046875 0.392130603515625 0.15087232812500007 0.392130603515625 0.15087232812500007 0.419921875 0.343530373046875 0.419921875
0 0.055826212890625025 0.189818904296875 0.02021831445312502 0.189818904296875 0.020218314453125035 0.419921875 0.05582621289062504 0.419921875
0 0.08882208398437501 0.22610097656249997 0.05519875390625003 0.22543319726562497 0.05389616952027391 0.29101957433548076 0.08751949959839889 0.29168735363235576
0 0.12245124284289831 0.3929065849235219 0.120162357421875 0.26177642578125004 0.08831971191879816 0.2623322412209288 0.09060859733982146 0.3934624003632006
0 0.08985064843750004 0.3242436171875 0.05367576757812505 0.3242436171875 0.053675767578125054 0.419921875 0.08985064843750006 0.419921875
0 0.43014275733339086 0.356487653802197 0.42983671289062503 0.255746421875 0.37383296532285915 0.25591655713530304 0.374139009765625 0.3566577890625
0 0.48305077772703947 0.1892993277600277 0.43023326171875 0.18854509765625008 0.42739145638449333 0.38755213540609534 0.4802089723927828 0.38830636550987296
0 0.534094884765625 0.253301970703125 0.5335946321766376 0.15235727576872127 0.481809033203125 0.15261391015625 0.48230928579211246 0.2535586050906537
0 0.53063196875 0.2852677402343751 0.47960273828125 0.2852677402343751 0.47960273828125 0.4199218750000001 0.53063196875 0.4199218750000001
0 0.20894325636763508 0.9151327710563897 0.0834246011349643 0.9076829761976155 0.07957756156420431 0.9725002285787259 0.2050962167968751 0.9799500234375
0 0.018008020258579886 0.8712884324087671 0.0033264296875000973 0.87059148046875 -0.00009970775857968267 0.942764530481858 0.014581882812500106 0.9434614824218751
0 0.8631703280135842 0.6540168156335066 0.7928168925781252 0.6488572597656251 0.791602925892666 0.6654103757727439 0.861956361328125 0.6705699316406253