0 0.4199048131595142 0.33491592013614685 0.39227382938752475 0.25196139773302334 0.022388306376273467 0.30671858054566775 0.05001929014826294 0.3896731029487912
0 0.8353851120662973 0.4604459024657354 0.824181041015625 0.4118838606770833 0.593399306494053 0.43554838781748617 0.6046033775447254 0.48411042960613826
0 0.7027329480323927 0.41822037028629605 0.692993130364937 0.3900016489840019 0.5795574822785335 0.40740290253109945 0.5892972999459891 0.4356216238333936
0 0.8152823536022794 0.40359075595882743 0.8086429212003218 0.3748133158725953 0.7014907573941805 0.3858007737359241 0.7081301897961382 0.41457821382215615
0 0.6968436803030371 0.37872160371643765 0.6869084511981038 0.3504464012266459 0.5730113730280508 0.36823338167215197 0.5829466021329841 0.3965085841619438
0 0.8112125628394138 0.36333592610111426 0.8026458957471212 0.33480852113116194 0.6933208410637322 0.3493995799441132 0.7018875081560246 0.37792698491406557
0 0.689778873162187 0.3392984182983283 0.6804739158691312 0.3108991274088706 0.5712396145706256 0.3268059488147012 0.5805445718636814 0.35520523970415896
0 0.8053115112321416 0.32264319837189337 0.7963645481638156 0.29463454888354074 0.6871965454566585 0.3101332863776299 0.6961435085249845 0.3381419358659825
0 0.6842212070685578 0.29927206848231885 0.6740248542875337 0.27052818393028405 0.5641921864333748 0.28784421705486013 0.5743885392143989 0.3165881016068949
0 0.7985006731741654 0.28319827581317186 0.7900774653633682 0.25557845831577747 0.6791938636925192 0.2706078539424073 0.6876170715033164 0.2982276714398017
0 0.7436902472207361 0.07613882811419424 0.6923072788269599 0.07610924798747287 0.6921786490315616 0.1754158725361855 0.7435616174253378 0.17544545266290687
0 0.3801079180262662 0.9864428560075905 0.3791242479974002 0.9823750570870721 0.338198322158634 0.9867735708711481 0.33918199218750006 0.9908413697916667
0 0.32123660376287444 0.9927700504923888 0.316810403693184 0.9744662549253054 0.2742070011021846 0.9790450546933332 0.27863320117187507 0.9973488502604168
0 0.2544164139076213 0.9999794067157562 0.244575738506359 0.9042397475156627 0.1450538954004758 0.9087861609015885 0.15489457080173813 1.004525820101682
0 0.1462383847271657 0.99972164159534 0.1251841778167262 0.7948858911853272 0.00535146422931726 0.8003601585574557 0.02640567113975674 1.0051959089674687
0 0.5195312500000002 0.7315924557291668 0.4531951210937501 0.7315924557291668 0.4531951210937501 0.7998658645833334 0.5195312500000002 0.7998658645833334
0 0.5173803677113309 0.7193799426161657 0.5095139472656252 0.6428477552083335 0.4567061078473675 0.6452601529299158 0.4645725282930732 0.721792340337748
0 0.5074436906978905 0.6227062788468972 0.5061198339843751 0.6098265208333333 0.4979955904188993 0.610197657357105 0.4993194471324148 0.6230774153706687
0 0.504910866139833 0.598064509955402 0.49142844020052906 0.46689431921912466 0.45080722656249994 0.46875 0.46428965250180393 0.5999201907362773
0 0.5185140844941694 0.6421450097258071 0.39490196066712574 0.4135150733866287 -0.12015106047108418 0.5372799444380983 0.003461063355959415 0.7659098807772767
0 1.0190626467840487 0.9692430082551319 0.9846440125355219 0.8376123335595622 0.7297299868452232 0.8672366091585969 0.76414862109375 0.9988672838541666
0 0.6524582830287615 0.9652092120801199 0.6341637525024291 0.6904247890820789 0.5159112892970514 0.6939238929724366 0.5342058198233839 0.9687083159704776