0 0.16361442979340649 0.4987110285318271 0.13250971282442345 0.2143515544710608 0.062253270655648875 0.23164283763045732 0.09335798762463189 0.5160023116912236
0 0.8811282714473115 0.34991015429971695 0.8554218072416679 0.19249670379415723 0.43225567547960103 0.3479836473466432 0.4579621396852447 0.5053970978522029
0 0.4412377921874435 0.9573024001397488 0.43567050872816426 0.8949568073826893 0.15029161022162507 0.9522947295966293 0.1558588936809043 1.0146403223536888
0 0.07549807682291675 0.967322140625 0.03160951302083342 0.967322140625 0.03160951302083342 1 0.07549807682291675 1
0 0.17130083548418604 0.9322075469312968 0.15981829166666664 0.8036195117187501 0.010944077570489772 0.8335311052711606 0.022426621388009143 0.9621191404837073
0 0.25393316174715475 0.7688440433453357 0.24245066122114597 0.6402565071094664 -0.007272505716359123 0.6904305331404774 0.004209994809649657 0.8190180693763468
0 0.43794803776041663 0.7338556738281252 0.4261175160142796 0.6013707912374281 0.26237870872261293 0.634268959206178 0.27420923046875 0.7667538417968751
0 0.4156246263020833 0.5895966015625 0.40371881640625 0.5126584960937499 0.37233962973216334 0.5235840045286227 0.3842454396279967 0.6005221099973729
0 0.3241678702522006 0.6119901868959668 0.3132393234783315 0.4815045158034881 -0.009274686998710535 0.5422803174163265 0.0016538597751586115 0.6727659885088053
0 0.8735836419270834 0.6167066171875 0.8468163347357408 0.5477416835927016 0.7760980026041665 0.6094993515625 0.8028653097955091 0.6784642851572986
0 0.9192275442708334 0.6758154492187505 0.8937338234380207 0.6091380970903209 0.8252442630208332 0.6680579667968751 0.8507379838536459 0.7347353189253047
0 0.7906301119791669 0.6902265371093752 0.7646502170632502 0.6179897028644807 0.5086254457558957 0.8251674900546787 0.5346053406718122 0.8974043242995732
0 0.8382942278645832 0.7412961171874999 0.8134847945928817 0.6740770731986403 0.5597381809895833 0.8847978144531249 0.5845476142612848 0.9520168584419845