0 0.31102679320908166 0.5262032169481159 0.0789234448390872 0.5180938683845611 0.0743236043419172 0.5766073166045714 0.30642695271191167 0.5847166651681263
0 0.3396867944878001 0.5845748455130767 0.15283752204573559 0.5780466071095116 0.14648510351562516 0.6588541666666666 0.33333437595768967 0.6653824050702317
0 0.7798015387117542 0.1604511335519483 0.651021321230424 0.1290285819617288 0.6162261927302749 0.19240732661444573 0.7450064102116051 0.22382987820466524
0 0.9700383901308807 0.2684316401810197 0.8712483257793291 0.2348246117189445 0.7555264923676906 0.3860121313509859 0.8543165567192422 0.41961915981306114
0 0.32129630492545075 0.8186571282433691 0.24643808007812518 0.8090394947916666 0.2428694099182996 0.8213846113399644 0.31772763476562516 0.8310022447916667
0 0.9936477167968752 0.8821999192708335 0.7969579674735201 0.8746721400237117 0.7867922653553514 0.9927231517455753 0.9834820146787066 1.000250930992697
0 0.9965126250000003 0.8489306380208334 0.963730906250174 0.8476760055758441 0.961650228515625 0.8718382630208334 0.9944319472654513 0.8730928954658227
0 1.0016785669802903 0.7850427815471499 0.6319957391997728 0.7732517116956167 0.6256897630736273 0.8611227725194505 0.9953725908541449 0.8729138423709837
0 1.0064015343926174 0.6851111758779842 0.7430190104815495 0.6767105650303603 0.7366174759564781 0.7659131956855689 0.999999999867546 0.7743138065331928
0 1.0004777250704335 0.6675746654700139 0.878617342301176 0.6636879174716152 0.8781396171875002 0.6703448125000001 0.9999999999567576 0.6742315604983987
0 0.7116826953125002 0.6588541666666666 0.4512969003906251 0.6588541666666666 0.4512969003906251 0.7538048828125 0.7116826953125002 0.7538048828125