0 0.3342304171875001 0.4720459265625 0.19788298125000003 0.4720459265625 0.19788298125000003 0.5390625 0.3342304171875001 0.5390625
0 0.13368397293270184 0.5385141971125519 0.09813708480938821 0.29738182183854994 0.03462141790123561 0.3067450784443716 0.07016830602454924 0.5478774537183735
0 0.8715327279154202 0.03850627028267726 0.8543380108272232 -0.03577020135584461 0.6387698941464999 0.014132987336254144 0.6559646112346968 0.088409458974776
0 0.9568883005290928 0.22069980332859154 0.9016502625000001 0.006987028125000005 0.8233146182209072 0.027234331046408534 0.8785526562499999 0.24094710625000007
0 0.7734164570588635 0.4576035159663111 0.7139994124999999 0.24956983906250008 0.6408737198086368 0.2704554601105261 0.7002907643675005 0.4784891370143372
0 0.6322332652262624 0.3524687678216865 0.5636541054317845 0.14359620507488421 0.4907930161344938 0.16751869743102843 0.5593721759289717 0.37639126017783076
0 0.49315992120641894 0.24628515219742733 0.4241188143196009 0.03787221672093579 0.34642576057395424 0.06360965195139699 0.4154668674607723 0.2720225874278885
0 0.48972900468750014 0.9160597265625003 0.4683964961089762 0.8978422381807324 0.43931744495340713 0.9318935352218951 0.4606499535319311 0.950111023603663
0 0.8851519439467577 0.7544731539796052 0.8181824629285888 0.7363940711483794 0.808227701725143 0.773269016502528 0.8751971827433118 0.7913480993337538
0 0.8002693376578067 0.733128299443049 0.762677262938053 0.7135279732132394 0.707047646194793 0.8202217437517815 0.7446397209145467 0.8398220699815913
0 0.7516383768426996 0.7209463516256857 0.715926261483158 0.7023247817176508 0.6608330446353434 0.8079815724884682 0.6965451599948851 0.8266031423965032
0 0.6930694245579674 0.7048993568973121 0.6564176503352306 0.6857876180704036 0.6007838134018597 0.7924800990055004 0.6374355876245964 0.8115918378324087
0 0.6433599918205734 0.6924916029232735 0.6076481173115831 0.6738701586033011 0.5526931081794267 0.7792618970767267 0.5884049826884171 0.797883341396699