0 0.5676557113072532 0.03917505557725257 0.5371548880054314 -0.026561940734620038 0.33419314794098415 0.06760877770476115 0.36469397124280595 0.13334577401663375
0 0.5940320130879966 0.15272736738014284 0.5493717273091635 0.05728199360431896 0.44623816213783357 0.1055396965366761 0.49089844791666665 0.20098507031249999
0 0.6357941458398781 0.06068640885696939 0.6346161661220464 0.053750391883077765 0.6097198438729207 0.05797866334903105 0.6108978235907524 0.06491468032292268
0 0.6310166406250001 0.05279756249999997 0.6297489781507762 0.04962601750041166 0.6281977526041667 0.050246040364583355 0.6294654150783904 0.05341758536417166
0 0.6258523606770833 0.05338131119791667 0.624777748744917 0.049941652680263626 0.6165137825520833 0.05252346614583333 0.6175883944842496 0.05596312466348637
0 0.6168341202612488 0.05535741552600066 0.6165137825520833 0.05252346614583336 0.6064443104441931 0.053661676888100675 0.6067646481533587 0.056495626268267984
0 0.6292355775321232 0.0485053573432204 0.6270731975588136 0.03577324260902063 0.5941287488178207 0.041368418090584246 0.5962911287911303 0.05410053282478402
0 0.6179095334349572 0.03418680996472393 0.6163077410167017 0.020016151191329917 0.585397106942198 0.023510160897990157 0.5869988993604535 0.037680819671384175
0 0.8673958034899979 0.7643981261220266 0.79552391015625 0.4660520364583334 0.6563435773688158 0.49958072806454795 0.7282154707025638 0.7979268177282411
0 1 0.6641390052083335 0.7638627460937499 0.6641390052083335 0.7638627460937499 1 1 1
0 0.7570565481770833 1 0.6710299257812501 0.6712297838541667 0.5168564549988683 0.7115710991653074 0.6028830773947017 1.0403413153111407