0 0.4944085110538948 0.09152756817182828 0.4082223876417706 0.08196033609275041 0.40223282226562496 0.13591715625000003 0.48841894567774913 0.14548438832907792
0 0.3413173377179484 0.12541336635384845 0.2244845036050567 0.08251062590216485 0.1652733688294039 0.24375451414913218 0.28210620294229566 0.2866572546008158
0 1.0261082817580867 0.4405616462890304 0.8275843398437501 0.2922566425781251 0.7666139331805781 0.3738728063488894 0.9651378750949147 0.5221778100597947
0 0.6128932480706022 0.975502169663773 0.5905183752974033 0.970647409039221 0.5841496328125002 1.0000000000000002 0.6065245055856991 1.0048547606245521
0 0.5852825872701932 0.9699058271412032 0.4408483762793651 0.9532069286575372 0.4380300097656252 0.9775838984375 0.5824642207564533 0.9942827969211661
0 0.41635612494703733 0.9484751270603787 0.2750174487119016 0.9321341269512331 0.2678631150412349 0.9940143083111584 0.40920179127637063 1.010355308420304
0 0.273734327683828 0.9300851911037921 0.12032792076777057 0.9123489576858989 0.11295674218750013 0.97610466015625 0.2663631491035575 0.9938408935741432
0 0.1075326031915098 0.9089695130827744 1.1102230246251565e-16 0.896537029296875 -0.007587960198098168 0.9621677694664699 0.09994464299341152 0.9746002532523693
0 0.6615945054248302 0.7510453250781078 0.6392196315412613 0.7461905636335088 0.5933627070312502 0.9575383125000001 0.6157375809148192 0.9623930739445992
0 0.633733134765625 0.74748036328125 0.49451070355282434 0.7172727467320559 0.446476384765625 0.93865580859375 0.5856988159784257 0.9688634251429442
0 0.4741497207031251 0.7271298710937499 0.33244133396669473 0.6963828662499773 0.28395149609375003 0.9198653398437501 0.4256598828301804 0.9506123446875228
0 0.32472421289062514 0.707953310546875 0.1805298735931664 0.676666918130358 0.13238888465140533 0.8985415913483155 0.27658322394886403 0.9298279837648326
0 0.16806348731286022 0.6879915087001487 0.027149763761759288 0.6530042683228887 -0.027826721631655393 0.8744261690216911 0.11308700191944554 0.9094134093989511
0 0.6687123229776221 0.5558011146080788 0.5204166280543041 0.5386557709692095 0.49982076338158987 0.7167961529013966 0.6481164583049078 0.733941496540266
0 0.5203955252697926 0.5386704750573934 0.38142828941491264 0.5057242254418961 0.3361273879698636 0.6968033658303548 0.47509462382474354 0.7297496154458522
0 0.3704265839843751 0.5213145312500002 0.22871820517318392 0.4905675236654099 0.18827255202305618 0.6769755154706626 0.3299809308342474 0.7077225230552529
0 0.20941822265625007 0.51953125 0.0627366591566329 0.48770558479393855 0.02614971875000008 0.6563314277343749 0.17283128224961725 0.6881570929404364
0 0.05322858593750006 0.5195312499999999 0.048256354520723896 0.5184524055644678 0.01853131855431578 0.655450616640259 0.02350354997109194 0.6565294610757912
0 1.0461349133508293 0.919913183410507 0.9993830511953508 0.8782705222674683 0.9107773089142538 0.9777474369411161 0.9575291710697323 1.0193900980841548