0 0.6078425745226758 0.30365394904806114 0.6075406738281249 0.28036778125 0.599719702050388 0.2803931305993674 0.6000216027449389 0.3036792983974285
0 0.6657103413934772 0.30289612744195804 0.6653485077464334 0.2749870668615081 0.6293721635762517 0.2751036728269873 0.6297339972232955 0.30301273340743723
0 0.6087793375433955 0.255252046703087 0.6085324983185451 0.23621297002857625 0.5993625357751494 0.23624269188017674 0.5996093749999999 0.2552817685546874
0 0.6635705571540795 0.25849747700452247 0.663181845703125 0.228515380859375 0.6350263941369011 0.22860663820824084 0.6354151055878556 0.2585887343533883
0 0.6645854497877696 0.21613112715215868 0.6640904277343751 0.177949220703125 0.6484486447475575 0.17799991898048328 0.648943666800952 0.21618182542951697
0 0.6092241281649906 0.16890335877451043 0.6088398626544349 0.13926455109960753 0.5992251094894444 0.1392957147860346 0.5996093750000001 0.16893452246093751
0 0.6639580583611079 0.16773918848790412 0.6634626191406251 0.1295250654296875 0.6478208342170172 0.1295757636605334 0.6483162734375 0.16778988671875
0 0.612548140625 0.03385301367187504 0.599609375 0.03385301367187504 0.599609375 0.06573846972656253 0.612548140625 0.06573846972656253
0 0.11212827734375018 0.69058404296875 1.691605341228723e-16 0.69058404296875 2.0174761454259085e-16 0.956677748046875 0.11212827734375021 0.956677748046875
0 0.16145398046875012 0.5408887509765625 1.3274424148615415e-16 0.5408887509765625 1.522647770785815e-16 0.7002860205078125 0.16145398046875015 0.7002860205078125
0 0.7669977238664631 0.7370720137288229 0.7377914921875002 0.7292866875 0.7301695237481458 0.7364350384343957 0.7593757554271088 0.7442203646632186
0 0.7620092318430602 0.7602228453440767 0.732803986328125 0.752437294921875 0.7251817540527566 0.7595854460769687 0.7543869995676918 0.7673709964991702
0 0.7644912535416839 0.74787744209347 0.7352860996093753 0.7400943583984376 0.7276651898176917 0.7472435120080929 0.7568703437500003 0.7550265957031252
0 0.7670773192365667 0.79250662295341 0.7278851074218751 0.7801966005859375 0.7209987784196833 0.7856777129840901 0.760190990234375 0.7979877353515625
0 0.7595840424116282 0.8264634560033546 0.7203909589843753 0.8141549042968752 0.7135037583696223 0.8196374873560206 0.7526968417968752 0.8319460390625001
0 0.7571010563293894 0.8388078642159709 0.7179088457031251 0.8264978398437499 0.7110225155771905 0.831978952077505 0.7502147262034549 0.8442889764497261
0 0.7545952865522532 0.8496140897924171 0.7154022031250002 0.8373055380859377 0.7085150025102471 0.8427881211450832 0.7477080859375 0.8550966728515627
0 0.7645952047487463 0.804849557240928 0.7254029921875003 0.7925395361328126 0.7185153728592358 0.798021676219809 0.7577075854204819 0.8103316973279244
0 0.75517893359375 0.8196016630859375 0.7550188695807671 0.8090448515082542 0.7430060097656251 0.80909038671875 0.743166073778608 0.8196471982964333