0 0.4052935095029236 0.025939627425705436 0.37881827514426814 -0.01479304769394374 0.33266084755944186 0.05270962910055832 0.35913608191809737 0.0934423042202075
0 0.34253671376793626 0.11885127932943149 0.31586485490698507 0.07534511067134106 0.26783653853376777 0.1415945681409552 0.29450839739471896 0.18510073679904562
0 0.34882218619791666 0 0.3206862841323757 -0.04504556200462953 0.2353248332128952 0.07491904631219717 0.26346073527843616 0.1199646083168267
0 0.45635487284484005 0.26867441458496166 0.3634064440104166 0.12316120703125 0.2755930451239099 0.2493680619775384 0.36854147395833325 0.3948812695312501
0 0.6297456184895833 0.30928032226562513 0.5048555416666667 0.30928032226562513 0.5048555416666667 0.3984375000000001 0.6297456184895833 0.3984375000000001
0 0.8660132773437502 0.393773328125 0.8647810045079501 0.2941375297330159 0.7542942786458333 0.29721209765625 0.7555265514816334 0.3968478960482341
0 0.7519693382162395 0.39694688560943636 0.7507178121132765 0.29575437468308086 0.6400399820901218 0.29883426105072614 0.6412915081930849 0.40002677197708164
0 0.9889853203124997 0.390351326171875 0.9877145366486547 0.28760170739525714 0.8791307147041946 0.29062332182689754 0.8804014983680397 0.3933729406035154
0 1.0013092844517162 0.3900083824631985 1 0.284145341796875 0.9921574726151641 0.28436357870921586 0.9934667570668804 0.3902266193755394
0 0.2505384759688545 0.7536423763526698 0.18167776287317894 0.7072750634830125 0.12080368304625962 0.9106861012294479 0.18966439614193517 0.9570534140991054
0 0.3584903046002122 0.7436266608726034 0.2908526659231187 0.7005892990645322 0.22865924853653122 0.9205118352577756 0.29629688721362474 0.9635491970658469
0 1 0.5029651933593753 0.9493140598958334 0.5029651933593753 0.9493140598958334 0.5941279648437502 1 0.5941279648437502