0 0.5275696796875 5.4136275725425255e-17 0.356431041015625 4.365705642242789e-17 0.356431041015625 0.052360212890625056 0.5275696796875 0.05236021289062507
0 0.33822983433436554 0.049783458769965046 0.06528220032275288 0.005132496364396155 0.049213902992408354 0.10335666674343494 0.322161537004021 0.14800762914900384
0 0.6800761752537132 0.22812113689379038 0.6529359916889713 0.22478874017316344 0.651507865234375 0.2364198925781251 0.6786480487991169 0.23975228929875203
0 0.7807149132729108 0.3443836140459826 0.7321659880804379 0.20775653739934277 0.598967163000639 0.25508727119853863 0.6475160881931119 0.39171434784517845
0 0.637766107421875 0.11197876953125008 0.609375 0.11197876953125008 0.609375 0.16914918554687505 0.637766107421875 0.16914918554687505
0 0.7307868355324572 0.20193122359290053 0.6995163286802183 0.09008455498681908 0.6326687359741087 0.10877405313480787 0.6639392428263475 0.22062072174088931
0 0.6228685078125 0.07579138867187508 0.609375 0.07579138867187508 0.609375 0.10687702148437508 0.6228685078125 0.10687702148437508
0 0.6118825097656251 0.06232459765625001 0.610420025390625 0.058209189453124976 0.6087739245095356 0.05879416102810481 0.6102364088845356 0.06290956923122984
0 0.6987065043246619 0.08357132073224388 0.6700051327429992 -0.015232596173586133 0.6030177149364662 0.00422645798105678 0.6317190865181289 0.1030303748868868
0 0.6412885736640233 0.5410324886688207 0.5915339275778021 0.5239907948691367 0.5520058446186401 0.639396329155662 0.6017604907048613 0.656438022955346
0 0.3595343242187501 0.558306099609375 0.32029388308777185 0.5431617127161139 0.28323351953125 0.639188380859375 0.3224739606622282 0.6543327677526363
0 0.8869331673494723 0.4804475641602335 0.877763622888223 0.4797394644250378 0.8770472284758201 0.489016420890081 0.8862167729370694 0.4897245206252767
0 0.9003541434920338 0.4894878866125565 0.8988617772863928 0.4777552017698342 0.8906261845876134 0.47880274718606564 0.8921185507932544 0.4905354320287879
0 0.8716642529260218 0.4690642307761129 0.8684962020599831 0.4441583098516536 0.8607446274574642 0.4451443156575484 0.8639126783235027 0.47005023658200773
0 0.9050689792903509 0.4607636475438935 0.901602424654767 0.433510949275793 0.896273324479035 0.4341888130504526 0.8997398791146188 0.4614415113185531