0 0.4687500000000001 0.60515312109375 0.058549234375000155 0.60515312109375 0.058549234375000155 0.6396484375 0.4687500000000001 0.6396484375
0 0.512913568359375 0.4344405009765625 0.4687500000000001 0.4344405009765625 0.4687500000000001 0.573198517578125 0.5129135683593751 0.573198517578125
0 0.9006169747469446 0.2469856286440928 0.6522953316419794 0.21082969320675754 0.44543454295148127 0.5660134985783789 0.6937561860564465 0.6021694340157141
0 0.961183257195413 0.17539701554808795 0.8667748936611103 0.1705433608664597 0.8426492888094473 0.2878600543027468 0.93705765234375 0.29271370898437504
0 0.3752255544216581 0.8203327312202672 0.0032936035156250765 0.7527590683593749 -0.045334139278616625 0.8196720137285329 0.3265978116274164 0.8872456765894252
0 0.9404012282848284 0.9350043190588376 0.8180375839843752 0.9262806347656252 0.8030054455147568 0.9789930892443679 0.92536908981521 0.9877167735375804
0 0.8104234839008971 0.9215539587069862 0.7150116490383707 0.9178579318296037 0.7055182548059108 0.9791252191655812 0.8009300896684373 0.9828212460429636
0 0.6926405816410104 0.9141021999674533 0.6345636533106181 0.9118524388048352 0.624089177138358 0.9794513257514444 0.6821661054687502 0.9817010869140625
0 0.6272416332894326 0.9087471690092731 0.5666847968750002 0.90552997265625 0.5492696850699428 0.9874805253266644 0.6098265214843753 0.9906977216796875
0 0.5557495694109651 0.9020128416277938 0.4967739988489355 0.899177448288347 0.48068109154734584 0.9828596994339908 0.5396566621093754 0.9856950927734376
0 0.925947837524678 0.8872665474388133 0.8279741484269497 0.880281697948322 0.8161066803158225 0.9218967546750141 0.9140803694135508 0.9288816041655052
0 0.8240451956841638 0.8785859394044466 0.7268850973134587 0.8716590940718583 0.7146219703525107 0.9146615924910387 0.8117820687232158 0.9215884378236271
0 0.4821218166626438 0.8452817471492329 0.46875000000000017 0.8447637548828125 0.46369417747798153 0.8773923944523297 0.47706599414062517 0.8779103867187501
0 0.7062009181091252 0.8400537130968744 0.6481239889838354 0.8378039524088621 0.6375670908131972 0.9059347796237267 0.695644019938487 0.908184540311739
0 0.638105101510822 0.835131426932966 0.5779541282956834 0.8328013224649957 0.5674692494411115 0.9004673515867172 0.6276202226562502 0.9027974560546875
0 0.5701887836875921 0.8312748641676979 0.5106979452219863 0.8279579117617044 0.4958953021593946 0.8943307097033816 0.5553861406250004 0.897647662109375
0 0.9946841786990965 0.8501078828415153 0.9594233193576815 0.8487419615564504 0.9380101933929601 0.9869353609414976 0.9732710527343751 0.9883012822265624
0 0.9343568071661784 0.8411583326846656 0.835132493745789 0.8340843307050858 0.8228693780741911 0.8770868360910613 0.9220936914945805 0.884160838070641
0 0.83098654152072 0.8337887516318848 0.7336477848690918 0.8268491675282084 0.7221758742298721 0.8670771372940285 0.8195146308815003 0.8740167213977049
0 0.7215153818300956 0.7681536605286746 0.6613638803998574 0.7658235350845372 0.6511377197320097 0.8318198658384792 0.7112892211622479 0.8341499912826167
0 0.6521081737543968 0.7616610658942514 0.5932695584588996 0.7588181288095632 0.5800612909545031 0.8271590863528119 0.6388999062500003 0.8300020234375001
0 0.584040712672468 0.7553572405147929 0.5244158962549716 0.7525170827351412 0.5113852988168788 0.8209065033531607 0.5710101152343752 0.8237466611328125
0 0.5007081329676968 0.738798249491596 0.4799663730468751 0.7379947626953124 0.4751010837144595 0.7693937426614595 0.49584284363528114 0.7701972294577432
0 1.0216356580497616 0.6761717249045209 0.7602892147307524 0.6660477894249973 0.7357855039466159 0.824186827215789 0.9971319472656252 0.8343107626953126
0 0.7424931228181947 0.6618240099738398 0.6826097278052647 0.6590658535335457 0.6640750235030758 0.7596693765028134 0.7239584185160057 0.7624275329431075
0 0.672929748808754 0.6507844924826226 0.6127782443705956 0.648454367418827 0.59666385579648 0.7524514372429657 0.6568153602346384 0.7547815623067613
0 0.6048691296063 0.6436050590004134 0.545012505728211 0.6407273067890562 0.5251481632312862 0.7440208141948929 0.5850047871093752 0.7468985664062501
0 0.5181580898437502 0.6396484375 0.4953421256086584 0.6387646017130794 0.4861431119367834 0.6981320685099544 0.5089590761718752 0.6990159042968751