0 0.20779575130208336 0.14700507161458332 0.19954418110340766 0.07980142536646005 0.06901402336655878 0.09582851347464283 0.07726559356523448 0.1630321597227661
0 0.6581908455027166 0.018462559370772087 0.6574495989583333 0.012778813802083325 0.6073550458237736 0.019311902582125146 0.6080962923681569 0.02499564815081391
0 0.5971820400880185 0.02449221505586463 0.596687877593607 0.020703067627363514 0.5466208834348526 0.027232565670926634 0.5471150459292641 0.03102171309942775
0 0.38568113035194296 0.8413653185337983 0.12052771484375006 0.7792091354166667 0.11463768510539307 0.8043355415801067 0.3797911006135859 0.8664917246972382
0 0.39121168720428673 0.8057891609945907 0.12670107682291679 0.7460324140625002 0.12072115636233544 0.772502268803053 0.38523176674370535 0.8322590157351435
0 0.39593300520833347 0.7786716145833333 0.1311450351562501 0.7171584218749999 0.12635308989457364 0.7377856955145959 0.391141059946657 0.7992988882229294
0 0.4055514973958334 0.7362758515624998 0.1424409207989306 0.6729507298932148 0.13716690364583337 0.6948638294270832 0.4002774802427362 0.7581889510963683
0 0.4110738242187501 0.7101371822916667 0.14831397142312056 0.6496469666369605 0.143720703371334 0.6695993907451463 0.40648055616696355 0.7300896063998524
0 0.41971731250000005 0.6835837981770833 0.15285960807291674 0.6214326705729166 0.14800275399367302 0.6422864986575644 0.4148604584207563 0.704437626261731
0 0.4534706210937501 0.4895833333333334 0.2006232147097594 0.4415597340473469 0.179944631376426 0.5504338343077635 0.4327920377604167 0.59845743359375
0 0.7578569523279719 0.8681762037806421 0.7445274921955752 0.7596164687578915 0.7148028025419216 0.7632662019264848 0.7281322626743183 0.8718259369492354
0 0.7953359083913915 0.8635743669533698 0.7794675033517469 0.7343365861606602 0.7458656807342887 0.738462371423248 0.7617340857739333 0.8677001522159576