0 0.4079466555978074 0.18225381772250274 0.18630143437499996 0.088725025 0.14562345961945247 0.18512398890344267 0.3672686808422599 0.27865278162594537
0 1 1.1017120069858399e-16 0.7992322484375001 9.787772148243266e-17 0.7992322484375001 0.1156052531250001 1 0.11560525312500011
0 0.3398674828125 0.30552900312500003 0.3375814589796329 0.26636291674870477 0.23015743866713287 0.27263298081120474 0.23244346249999998 0.3117990671875
0 0.3441479287697587 0.37334560021882407 0.3405727875000001 0.333860884375 0.2306994337302414 0.343809360718676 0.23427457500000007 0.3832940765625001
0 0.35041737503104936 0.4415391450228636 0.3469947547341671 0.4024672086028909 0.24291245312499993 0.41158460156250004 0.24633507342188218 0.45065653798247274
0 0.35397514218750004 0.5094197406250001 0.3488942488821016 0.47134161571286315 0.24927709419460156 0.4846338704003631 0.2543579875 0.5227119953124999
0 0.3601572822692085 0.5771403492232893 0.35634398709026344 0.537356956806284 0.2577020796875 0.546811925 0.26151537486644505 0.5865953174170053
0 0.3674931675397183 0.6386028069127309 0.36149988906249997 0.5976442687500001 0.2587300183977817 0.6126821212122692 0.264723296875 0.6536406593749999
0 0.5706259233473422 0.6141337014352063 0.5648975481041036 0.572977596458624 0.5232223093750001 0.5787782281249999 0.5289506846182387 0.6199343331015822
0 0.5600790012839354 0.5541567771944457 0.55668780934196 0.5139648696178798 0.5180336499999999 0.5172263140625001 0.5214248419419752 0.557418221639066
0 0.5501507711571408 0.482965131661119 0.5438270830984112 0.44252222876891906 0.5156014463162704 0.4469356142953 0.521925134375 0.4873785171874999
0 0.5390244183286061 0.4139037268027571 0.5345084053849405 0.3758912470901919 0.5089630589313343 0.37892612184993496 0.513479071875 0.4169386015625001
0 0.5306846593151913 0.3473889130211339 0.5252610989609177 0.31151517812664686 0.5058697880832264 0.3144468479180129 0.5112933484375 0.3503205828124999
0 0.9308624711836018 0.9592027345410432 0.878462978269169 0.6382702993622112 0.8490373291531961 0.6430747034153442 0.9014368220676291 0.9640071385941761
0 0.8633520515166764 0.9727907906978853 0.8113158154845422 0.6448136769341747 0.7419135772392363 0.6558249063734733 0.7939498132713705 0.9838020201371839