0 0.3326148033854167 0.21721639843750004 0.2728488306772741 0.21474915445314016 0.2666679370881151 0.3644737540076734 0.3264339097962577 0.3669409979920333
0 0.4290730945736942 0.3717352959269005 0.42836806086084106 0.21579641161794813 0.3397914555505708 0.21619688577287474 0.3404964892634239 0.37213577008182713
0 0.92781153956728 0.26721593698889384 0.7282041613439176 0.22964442374517582 0.6983570224398649 0.3882142717430508 0.8979644006632274 0.4257857849867688
0 0.2743905399901874 0.6837878658086031 0.23144675331148876 0.6731271693844291 0.2046487954483559 0.7810756316715262 0.24759258212705457 0.7917363280957002
0 0.27668163134939344 0.5024440939204312 0.11788925403430144 0.44627846166808843 0.030265700017410208 0.6940091804931967 0.1890580773325022 0.7501748127455395
0 0.15813662458607905 0.4684340335260191 0.0852780717985742 0.4567461168745964 0.06708889372052772 0.5701313531561515 0.13994744650803256 0.5818192698075743
0 0.3658186405578312 0.39322215015905754 0.29215420361610167 0.37929947243605944 0.2728097936349601 0.4816501191709827 0.34647423057668963 0.49557279689398087
0 0.2567351055837695 0.3905161073097767 0.2237697369023364 0.3842851874753434 0.2084334819184094 0.46542333612295805 0.24139885059984248 0.47165425595739136
0 0.20430762954953777 0.38949159166087943 0.1631061194549707 0.3810386789529654 0.14915578178801728 0.44903594783159334 0.19035729188258435 0.4574888605395074
0 0.14976634765625005 0.3893229166666667 0.10276921754628182 0.38874567211631633 0.10252647289573086 0.40850904955923667 0.14952360300569909 0.40908629410958697
0 0.7615721011207408 0.7201295218639435 0.7549254231770833 0.68523173828125 0.676336086730324 0.7001999670780606 0.6829827646739814 0.7350977506607541