0 0.18062523190851684 0.21594773817297175 0.153711979003993 0.16982895534432801 0.08321092023934201 0.27188649891473254 0.11012417314386588 0.3180052817433763
0 0.27554984604810323 0.3366199272420214 0.1854473042797365 0.16753265773917328 0.14813583953854556 0.21685339344654456 0.23823838130691227 0.3859406629493926
0 0.7191312063492065 0.1912718796875002 0.5219981975496057 0.1163144628389495 0.5045066055796044 0.23042748123320456 0.7016396143792052 0.3053848980817553
0 0.8674950402281778 0.2674304392533866 0.7279125432038465 0.158650710887951 0.6572558821195571 0.3835547319635471 0.7968383791438883 0.4923344603289827
0 0.6266499940476189 0.3109695398437501 0.4837929826561997 0.23442927402119956 0.4751484205939938 0.27445283323846587 0.6180054319854131 0.3509930990610164
0 0.21188307837301595 0.73048502890625 0.16451804381673216 0.7158832605928425 0.16197587864874724 0.7363390990522678 0.20934091320503104 0.7509408673656753
0 0.20007806861916103 0.7090052578005093 0.16800989153548956 0.7008126429600425 0.1673361456962148 0.7073546189786484 0.19940432277988626 0.7155472338191151
0 0.2023501683428093 0.6961575177802911 0.1701664234168896 0.6879353781795629 0.169492677429157 0.6944773555796068 0.20167642235507674 0.702699495180335
0 0.22975645337301595 0.68469524765625 0.17451109995907463 0.6705814466339532 0.17366888520023266 0.6787592324102134 0.22891423861417398 0.6928730334325102
0 0.23441707738095244 0.6741361335937499 0.17720734647449185 0.6562220863682209 0.17631861483335315 0.6632626584459134 0.23352834573981374 0.6811767056714425
0 0.24387392024487414 0.6278750733937036 0.18473553706900453 0.6127667010486504 0.1837249052018049 0.6225797930820833 0.2428632883776745 0.6376881654271365
0 0.24654560714285714 0.6134509140625 0.18943675721975284 0.5945875773773407 0.1879829483942889 0.6055058344363351 0.24509179831739317 0.6243691711214944
0 0.24995375744047627 0.59417930546875 0.19337231602684984 0.5797241662299171 0.19253013584656056 0.587901615534179 0.24911157726018698 0.6023567547730119
0 0.6366885403399999 0.5804719941927543 0.5154096875822824 0.5335405796877396 0.44512000776012084 0.9841228691759074 0.5663988605178382 1.0310542836809222