0 0.21887818531816822 0.17960645669449665 0.2174876440351317 0.15860026974320554 0.17470496670631103 0.16256156344240968 0.17609550798934753 0.18356775039370082
0 0.16173426367876553 0.18798264796060257 0.15946598468708392 0.14418944251968502 0.12248563712016923 0.14686856857483047 0.12475391611185087 0.19066177401574805
0 0.1156753926454451 0.21646868370688277 0.11290270838881492 0.17175793937007872 0.07643501226002568 0.17492115841871192 0.07920769651665586 0.21963190275551595
0 0.7802287337033478 0.3931460273881174 0.7654802183199476 0.2931018075272307 0.7063153829072796 0.3053015984440986 0.7210638982906797 0.40534581830498523
0 0.7164287011980524 0.28495828815610597 0.5748293527596876 0.2776062349419454 0.5703550257579186 0.398141119837267 0.7119543741962834 0.40549317305142757
0 0.5814957290279628 0.38414214724409446 0.5640335455180974 0.26569012129036806 0.48796406127886616 0.2813756423406888 0.5054262447887315 0.3998276682944152
0 0.8085173781624501 0.2896582637795276 0.7830438892668776 0.11686280356460892 0.7041579254327562 0.13312908425196854 0.7296314143283287 0.30592454446688716
0 0.5866477723035952 0.2615525181102362 0.5708918095389832 0.11568597816576813 0.5097689771407682 0.1249207285068184 0.5255249399053802 0.27078726845128653
0 0.7204927419011101 0.2835593960629893 0.6957830686208497 0.08095428098665691 0.5718492117177097 0.10209593622047243 0.59655888499797 0.3047010512968048
0 0.7321754753091777 0.5157450281883683 0.7298578633409535 0.5087770609579233 0.7129177452796671 0.5166581000461576 0.7152353572478913 0.5236260672766027
0 0.7570565742978791 0.5156050661388072 0.7565375614127766 0.5046473992370547 0.7388073225318719 0.5058220453769813 0.7393263354169742 0.5167797122787338
0 0.6985044050429388 0.5035939228640337 0.685207383076891 0.4803625928015106 0.6742707305507076 0.4891184193283575 0.6875677525167554 0.5123497493908805
0 0.7581757521785987 0.4859484775390089 0.7446685186060297 0.46235037258534606 0.7371497941861476 0.4683699481715295 0.7506570277587168 0.49196805312519215