0 0.38867187500000006 0.23720820182291666 0.29083460546875006 0.23720820182291666 0.2908346054687501 0.37857576692708333 0.3886718750000001 0.37857576692708333
0 0.6905178484645103 0.20231217265122706 0.616380015625 0.19431252213541672 0.6140146375057052 0.20405539262506725 0.6881524703452154 0.2120550431408776
0 0.7077083264798916 0.13633881956775776 0.63508175390625 0.12675556119791673 0.6318194529873705 0.13774369280541496 0.7044460255610121 0.147326951175256
0 0.6979228192027872 0.16929221595756694 0.6257486718750002 0.16125030208333338 0.6233107706409631 0.1709745457611832 0.6954849179687501 0.17901645963541676
0 0.6605365128172377 0.2342629984042565 0.594713630859375 0.22466104817708335 0.5920320292941993 0.23283118209578402 0.657854911252062 0.24243313232295713
0 0.7157182730123716 0.023281817543042732 0.6778473346272553 0.01935887293102644 0.6716229027146898 0.04606501116324138 0.7094938410998061 0.04998795577525767
0 0.3886718750000002 0.9708666770833334 0.36444480468750023 0.9708666770833334 0.36444480468750023 0.9934524427083332 0.3886718750000002 0.9934524427083332
0 0.34349319788327687 0.965029151451033 0.34298037693759476 0.9561303656159253 0.30927864996556886 0.9569935521133576 0.309791470911251 0.9658923379484653
0 0.30237840113232056 0.9638542240035638 0.3019937871093751 0.9571801354166669 0.2758824445708045 0.9578489101110197 0.27626705859375006 0.9645229986979166
0 0.3433342433904588 0.9516647732518293 0.34269318560560386 0.9405407209533018 0.30737180549639503 0.9414453891077227 0.30801286328125 0.9525694414062502
0 0.3009314404778838 0.9527508127191616 0.3002903827375741 0.9416267604185857 0.2754935184315653 0.9422618695744243 0.27613457617187503 0.9533859218750002
0 0.3886718750000002 0.9282220520833334 0.36391485546875024 0.9282220520833334 0.36391485546875024 0.9644563671875 0.3886718750000002 0.9644563671875
0 0.34580512037835354 0.8869860753290028 0.3450358220733632 0.8736367557783434 0.30657686033331905 0.8746217885598447 0.3073461586383094 0.887971108110504
0 0.7782486626611473 0.7030497233419758 0.7172102202075524 0.6939181907522366 0.6832191812165023 0.7948996613751017 0.7442576236700973 0.8040311939648409
0 0.7754680896221801 0.5327333105130644 0.5498649194943362 0.4833252458191318 0.43280897142158253 0.7208770448006137 0.6584121415494264 0.7702851094945462
0 0.6046585403458864 0.506242086491417 0.5004898068208992 0.49869625703595816 0.4830515336961628 0.6056882693927527 0.5872202672211501 0.6132340988482115
0 0.8976568573766665 0.4297832894028473 0.7929188059059681 0.41823095541922867 0.7695918584570244 0.5122271230056513 0.8743299099277227 0.5237794569892701
0 0.7430699268399075 0.4298557224680755 0.6961988899980687 0.42468557605299817 0.6774071007258753 0.500401518791096 0.7242781375677142 0.5055716652061734
0 0.6687680102733169 0.4302327828301112 0.6099831511781639 0.42311744672254137 0.5923667276833335 0.4878027004242007 0.6511515867784865 0.4949180365317705
0 0.5918426947397128 0.45136613267990405 0.5911084079971973 0.43132501130663536 0.5239352880900714 0.4324188585349866 0.5246695748325869 0.4524599799082553