0 0.31276491015625 0.5025529531249999 0.29288594716217814 0.3496053712126106 0.018476228515625 0.38527105859375005 0.03835519150969687 0.5382186405061394
0 0.7928708066406249 0.020766019531250013 0.7789390301046887 -0.007895531337656525 0.6699735898437499 0.045070275390625025 0.6839053663796861 0.07373182625953156
0 0.3851579628906251 0.568359375 0.11600924218750008 0.568359375 0.11600924218750008 0.61427901953125 0.3851579628906251 0.61427901953125
0 0.09650267578125009 0.568359375 0.02648300976562507 0.568359375 0.02648300976562507 0.57737993359375 0.09650267578125009 0.57737993359375
0 0.986876740408763 0.7271382113100144 0.9692393593298316 0.6799076430326287 0.9393488489209407 0.6910697006142605 0.9569862299998722 0.7383002688916462
0 0.7647532176306734 0.7471416067566001 0.7602222327302396 0.7235749137747465 0.7139667869175614 0.7324680888460837 0.7184977718179952 0.7560347818279374
0 0.7164752259065496 0.7302403491171856 0.7103259565129985 0.6982565815876488 0.66548650382433 0.7068775132457901 0.671635773217881 0.7388612807753269
0 0.9531825567496977 0.7512692633095063 0.8905588078255142 0.6460758081582012 0.8267912921624936 0.6840378741884128 0.8894150410866768 0.7892313293397177
0 0.6652039902343749 0.7191509687500001 0.661643875833361 0.7006340035315227 0.631276486328125 0.7064725078125 0.634836600729139 0.7249894730309774
0 0.8346624352006811 0.6900614313234594 0.8301314463365058 0.6664947387063389 0.7972160835912429 0.6728231253188383 0.8017470724554181 0.6963898179359589
0 0.968019509765625 0.67664104296875 0.9596047867673861 0.6328741418135921 0.9031247583354334 0.6437331192975744 0.9115394813336724 0.6875000204527324
0 0.5592952454791515 0.7482409858282771 0.5447023173039188 0.7091630554139996 0.5254872994427235 0.7163385473748478 0.5400802276179563 0.7554164777891255
0 0.5264210820312499 0.731869080078125 0.523508300366745 0.716719033798054 0.5005195292805105 0.7211389061648843 0.5034323109450154 0.7362889524449553
0 0.6815356531986796 0.6985550300318097 0.6770046647560426 0.6749883363000158 0.6437980097656251 0.6813727265624999 0.6483289982082618 0.7049394202942939
0 0.6414088125 0.7010330703125002 0.6339102836341188 0.6809530128231338 0.6211004549492549 0.6857366081993579 0.6285989838151361 0.7058166656887243
0 0.8845146651382315 0.6525475330731387 0.8803073071830176 0.6306640804545095 0.8507935537124004 0.6363384558657786 0.8550009116676143 0.6582219084844079
0 0.8025853652830521 0.7222238745368867 0.7684647444934521 0.6308533680508286 0.727899283203125 0.6460017871093751 0.7620199039927251 0.7373722935954333
0 0.5822197701056351 0.6858524811065783 0.574448175367937 0.6650411734950892 0.5402879011154893 0.6777976908929718 0.5480594958531874 0.6986089985044609
0 0.7343399132129135 0.6864201433662498 0.7093695008897916 0.630822485877627 0.6699732169777666 0.6485164229555218 0.6949436293008885 0.7041140804441446
0 0.541212669921875 0.706332404296875 0.5344161510543203 0.6709821488851436 0.462617189139401 0.6847863772744991 0.4694137080069557 0.7201366326862305
0 0.46675513281250003 0.7154113867187499 0.4606058585344628 0.6834276160208799 0.42115263671875003 0.691012984375 0.42730191099678727 0.7229967550728701
0 0.8401788281909164 0.653514400304243 0.8217362289118764 0.6041275605486853 0.7769004609374999 0.620870646484375 0.7953430602165397 0.6702574862399326
0 0.8851229765624999 0.617519068359375 0.8815628623100051 0.599002104106337 0.8398461152343748 0.607022662109375 0.8434062294868696 0.6255396263624129
0 0.6254766269531249 0.6779129355468752 0.614193989883534 0.6476995249847407 0.5800337174800294 0.660456044310306 0.5913163545496203 0.6906694548724405
0 0.9497738261718751 0.62778151953125 0.9413591037421076 0.5840146193167258 0.885461590082705 0.594761600703402 0.8938763125124725 0.6385285009179262
0 0.6634550917968749 0.66886519921875 0.6495395442684637 0.6316012090594536 0.6217844589843748 0.6419658320312501 0.635700006512786 0.6792298221905465
0 0.590753026390371 0.6451661959751382 0.5808646477775995 0.6242937909385856 0.5278984695244099 0.6493867125890552 0.5377868481371814 0.6702591176256079
0 0.5100345789461648 0.6651965779438673 0.5038853081447517 0.6332128094487787 0.454221474609375 0.6427612890624999 0.46037074541078804 0.6747450575575885
0 0.4566979257812499 0.6754512031249998 0.45054865470254335 0.64346743463615 0.4023008302014286 0.6527436696088564 0.40845010128013515 0.6847274380977063
0 0.5660489316406249 0.6230066445312499 0.5650780013147259 0.617956613071364 0.5437964687499999 0.622048248046875 0.544767399075899 0.6270982795067609
0 0.544524513571099 0.6411094933188426 0.5409644431418908 0.6225927406033345 0.505210282052842 0.6294669119858611 0.5087703524820502 0.6479836647013693
0 0.643710599609375 0.62902205078125 0.6382086597264056 0.6004051987185957 0.5882603162080133 0.6100083787850272 0.5937622560909829 0.6386252308476815
0 0.7094153730468751 0.635590943359375 0.692371719120727 0.581367000671277 0.650313361328125 0.594586771484375 0.667357015254273 0.648810714172473
0 0.836805220703125 0.5988795468750001 0.8211733769270071 0.5528031522261481 0.7711038641540644 0.569789698321557 0.7867357079301823 0.6158660929704091
0 0.7834120977882605 0.6122496270715657 0.7669253589990881 0.5681003427635573 0.7541155271508021 0.5728839390307702 0.7706022659399745 0.6170332233387786
0 0.767404444731008 0.63452818964689 0.7427453360586693 0.5684943349658307 0.7021798665975267 0.583642751253479 0.7268389752698654 0.6496766059345382
0 0.9212327109375 0.5683593750000001 0.835139017578125 0.568359375 0.835139017578125 0.59713397265625 0.9212327109375 0.5971339726562501
0 0.4914287578125 0.62513428125 0.4901341787934863 0.6184008800664812 0.443600328125 0.627347583984375 0.4448949071440137 0.6340809851678938
0 0.7403334277343749 0.568359375 0.6721454101562501 0.568359375 0.6721454101562501 0.580770328125 0.7403334277343749 0.580770328125
0 0.667700333984375 0.5825160156250001 0.664787535228903 0.5673658812691482 0.6191011950635765 0.5761496393302925 0.6220139938190485 0.5912997736861443
0 0.6167121230468751 0.595810318359375 0.6131520268323718 0.5772934401832565 0.56689601171875 0.5861867246093748 0.5704561079332532 0.6047036027854934
0 0.5642223947157565 0.6059021109212583 0.5606622982141801 0.5873852327832508 0.537388962890625 0.5918598164062501 0.5409490593922013 0.6103766945442576
0 0.540755525390625 0.6139050097656249 0.5365481485793566 0.5920214739769356 0.49880219690349875 0.5992785938196231 0.5030095737147672 0.6211621296083125
0 0.48717145898437497 0.613733796875 0.48490594143800286 0.6019503202539872 0.43978809736374697 0.6106247777754996 0.4420536149101191 0.6224082543965124
0 0.43760122722540284 0.6389744347360733 0.43242291134381977 0.6120408262173749 0.3932591841184169 0.6195705321063018 0.3984375 0.6465041406250002