0 0.12672766236515237 0.25169295116325757 4.336808689942018e-17 0.24855808593750003 -0.0053738577938049915 0.3451089580800668 0.12135380457134733 0.3482438233058243
0 0.5234468029457753 0.3554307493637338 0.48248665689973846 0.011660026634853415 0.37546781081961117 0.017327250326948995 0.41642795686564793 0.3610979730558293
0 0.28741150033736856 0.5935543335925161 0.22878838265005158 0.5630943280990307 0.20467596773877467 0.5837194784913161 0.26329908542609165 0.6141794839848016
0 0.25300835911042563 0.5641383342582645 0.05380570832565368 0.44874361026430537 0.010146994207124505 0.48223996773775185 0.20934964499189646 0.5976346917317111
0 0.02844798828125008 0.45744746093750005 0.0007806130692347077 0.4559346011035319 -0.003397970278906766 0.48989836540444 0.024269404933108606 0.49141122523840813
0 0.39398685546875006 0.7477066549479167 0.39364856701624495 0.7455296046755736 0.37437963867187507 0.7468603463541666 0.3747179271243802 0.7490373966265097
0 0.35021165192965376 0.7265236131493683 0.348858498046875 0.7178154140625 0.31527505900784625 0.7201347384131318 0.316628212890625 0.7288429375000001
0 0.48104017989137077 0.7637004288168153 0.47021426003420325 0.694030383593927 0.37882191271410587 0.7003420789540936 0.3896478325712734 0.770012124176982
0 0.3319182508689679 0.7123835346056725 0.33056500976562503 0.7036747786458334 0.2969815440529071 0.7059941060193277 0.29833478515625 0.7147028619791668
0 0.33022395406026944 0.6970965319956058 0.32887071289062497 0.6883877760416665 0.2925207529709805 0.6908981620148107 0.293873994140625 0.6996069179687501
0 0.47696711546094134 0.6915283247357444 0.474044455078125 0.6651582513020834 0.4407736028348033 0.6667971360780182 0.4436962632176197 0.6931672095116793
0 0.3288680284834086 0.6839871390603661 0.3271764140625 0.6731007760416666 0.2934966648759664 0.6754267502625505 0.295188279296875 0.68631311328125
0 0.3271737328543487 0.6687001363493174 0.3254821171874999 0.6578137721354166 0.2918023687081512 0.6601397477652658 0.29349398437499996 0.6710261119791666
0 0.32538314870547613 0.6534197833570686 0.3240299081823878 0.6447110272102963 0.2904464469769117 0.6470303532282277 0.2917996875 0.655739109375
0 0.3518754145317357 0.669578939619282 0.348686634765625 0.6408077838541666 0.3292786733588892 0.6417637986619676 0.3324674531249999 0.6705349544270832
0 0.32368885258852376 0.63813278198753 0.32233561130738775 0.6294240259082129 0.28875214934386395 0.631743353295683 0.29010539062499996 0.6404521093750001