0 0.44997250807189265 0.1941432029831018 0.44875766369779035 0.16921853169743736 0.36097543053969744 0.18274090057288703 0.3621902749137998 0.20766557185855147
0 0.33158277928213375 0.21386437470944247 0.32882229057584833 0.1630151368355302 0.25267622310485377 0.1760799725293145 0.2554367118111392 0.22692921040322675
0 0.2374712584660939 0.2594662161284632 0.2354196136814629 0.20632031823961533 0.15952962394863282 0.21557948406947752 0.16158126873326378 0.2687253819583254
0 0.752233185587695 0.21874070183543506 0.7221293198006076 0.1630996160792607 0.6533900921404415 0.2806397734032583 0.6834939579275291 0.3362808591594327
0 0.8945063514556985 0.2379691198807664 0.7418928952052416 0.1481664185324724 0.728494577931171 0.22012931436165806 0.8811080341816279 0.30993201570995205
0 0.4796012410268902 0.8023487856342503 0.4785896810505817 0.7796841559453438 0.43964451461724624 0.7851776861983839 0.44065607459355477 0.8078423158872904
0 0.19824360680997766 0.8515392444974933 0.19681057851197423 0.8194313395514214 0.1305567 0.8287769796296297 0.13198972829800343 0.8608848845757016
0 0.41938981562500005 0.8089411555555556 0.41837827832976004 0.7862770096396228 0.3904520859375001 0.7902162203703705 0.39146362323274 0.8128803662863032
0 0.2587240007705066 0.8174837866967358 0.2540124077487398 0.7909902257634474 0.24625152685632465 0.7953523034908491 0.25096311987809145 0.8218458644241375
0 0.2876808416666667 0.8123152 0.2865850144896052 0.7877624948981063 0.266740065625 0.7905617833333335 0.2678358928020615 0.8151144884352272
0 0.23388362656250003 0.8218046592592595 0.2280384638688212 0.7889369440025534 0.2066977744791667 0.8009316740740743 0.21254293717284553 0.8337993893307803
0 0.19661809010416667 0.8042539407407407 0.19602804262991214 0.7910335517744771 0.12585631118974913 0.8009318346647283 0.12644635866400364 0.8141522236309918
0 0.5203899286458333 0.7528820037037037 0.5193783903577448 0.7302178557972832 0.4914511322916667 0.7341572203703706 0.4924626705797552 0.7568213682767911
0 0.4829173057291667 0.7581678166666667 0.48190576868704577 0.7355036708177566 0.45606070829719964 0.7391493204866989 0.45707224533932056 0.761813466335609
0 0.43678832395833334 0.7627742287037038 0.4358610759373444 0.7419986389684369 0.41858861868737246 0.7444350560041986 0.41951586670836144 0.7652106457394654
0 0.41213592291666673 0.7681520944444445 0.411040074916953 0.7435989058195124 0.38311388223111675 0.7475381154744535 0.38420973023083055 0.7720913040993855
0 0.19033434167387148 0.7823339697364797 0.1897442728139665 0.7691130967830754 0.1218996204512147 0.7786831230979142 0.12248968931111971 0.7919039960513186
0 0.27801558072916666 0.7699658324074073 0.2768354426157376 0.7435240871349215 0.2567450182291667 0.7463580018518519 0.2579251563425958 0.7727997471243377
0 0.4261407270882832 0.7205629411093096 0.42529776831816674 0.7016759102496251 0.4113346416666666 0.7036455203703704 0.4121776004367831 0.7225325512300549
0 0.4050505461361754 0.7311401560572108 0.40387040851420714 0.7046984106262765 0.37594421614583334 0.708637621296296 0.3771243537678016 0.7350793667272304
0 0.47475850656660074 0.713705016762132 0.4738312584195307 0.6929294283801063 0.44847702708333326 0.6965058444444444 0.44940427523040327 0.7172814328264701
0 0.5103943453124999 0.7086782981481482 0.5093828080983583 0.6860141520917352 0.48170149709471155 0.6899188200248677 0.48271303430885326 0.7125829660812806
0 0.1303309881519207 0.8755066854973587 0.10324181821794345 0.7231827089578783 0.07802069375000001 0.7373584842592593 0.10510986368397726 0.8896824607987396
0 0.27317296979166666 0.730736601851852 0.27216143225457123 0.7080724552842211 0.19243538015899156 0.7193184490660929 0.19344691769608702 0.7419825956337237
0 0.17331180454255404 0.7106128097548999 0.17280602495274355 0.699280494246259 0.11120630416666667 0.707969625 0.11171208375647716 0.7193019405086409
0 0.52004763861372 0.6712056871402259 0.5187832122509287 0.6428753813287758 0.4749384106647797 0.6490600342896248 0.4762028370275711 0.6773903401010749
0 0.30745166822916664 0.6954922101851853 0.30644013100809064 0.6728280639734036 0.27643120776421337 0.6770610600292178 0.27744274498528937 0.6997252062409994
0 0.46249868480876055 0.6815535800242709 0.4624334286474251 0.6528714083131087 0.4030824621890423 0.6532981766921064 0.40314771835037777 0.6819803484032686
0 0.22337866797930192 0.7027337478745089 0.2183373722808942 0.6743862472054595 0.21057698645833334 0.6787480462962965 0.21561828215674103 0.7070955469653458
0 0.19853878958333335 0.7070543416666668 0.19321410777946776 0.677113351530444 0.18351375208333334 0.6825655305555557 0.18883843388719893 0.7125065206917784
0 0.2675676770833334 0.6992177157407408 0.26172528172863263 0.666365589913238 0.25396489798880684 0.6707273885078948 0.2598072933435076 0.7035795143353974
0 0.2446677729166666 0.7024479296296298 0.23882537626022973 0.6695958028148034 0.23106499133515196 0.6739576029164013 0.23690738799158886 0.7068097297312277
0 0.1696848159937963 0.6902180424352505 0.1692633474622474 0.6807747680034869 0.10815451474355367 0.6893946531184727 0.1085759832751026 0.6988379275502363
0 0.3445940536458334 0.6883525324074073 0.3377624639493656 0.64993810974231 0.32418166684591015 0.6575713278469274 0.33101325654237795 0.6959857505120247
0 0.4436804825818224 0.6363642105527098 0.4427532333016146 0.6155886214362785 0.39682676979166664 0.6220669222222223 0.39775401907187447 0.6428425113386537
0 0.38723387893882294 0.6500282886809498 0.3858008723902975 0.6179208682495414 0.3583650380208333 0.621790912037037 0.3597980445693587 0.6538983324684452
0 0.5176939109375 0.6297254157407408 0.5162608818265981 0.5976175081091659 0.46837038750000004 0.6043728490740741 0.46980341661090186 0.6364807567056489
0 0.25691322239583336 0.6513060527777776 0.2523896419284544 0.6258696882784572 0.24462925625 0.6302314861111111 0.24915283671737892 0.6556678506104315
0 0.21560697604166665 0.659033075925926 0.21451112778856002 0.6344798889244491 0.1759300707936176 0.6399220528138467 0.1770259190467242 0.6644752398153235
0 0.23614129930456199 0.6545030835092969 0.23110000268559894 0.6261555811083053 0.2213996472461311 0.631607759343401 0.22644094386509414 0.6599552617443926
0 0.13274906809149395 0.6745217392206753 0.13140035173576298 0.6443028762390516 0.0884100204163253 0.6503670026135443 0.08975873677205627 0.680585865595168
0 0.2978896828125 0.6417246157407408 0.29581854656736245 0.614931285745992 0.27278504531250003 0.6205585444444444 0.2748561815576375 0.6473518744391932
0 0.38136821979166663 0.6071424712962965 0.38086244009524783 0.595810155759427 0.3544082630208333 0.5995417287037038 0.3549140427172521 0.6108740442405735
0 0.505371188095044 0.58584997183691 0.5046125187071407 0.5688514983748841 0.46334027442597386 0.5746732767821567 0.46409894381387706 0.5916717502441825
0 0.453985852954148 0.5968991789257242 0.4526371372422865 0.566680320231591 0.39482867600053173 0.5748346583376046 0.39617739171239325 0.6050535170317379
0 0.37807101979166663 0.5886021175925926 0.37756524024985255 0.5772698036265974 0.3531932583333333 0.5807076657407407 0.35369903787514745 0.5920399797067358
0 0.25116579253936966 0.6084035590907719 0.24846835454084554 0.5479657378723447 0.19714239635416667 0.5552056731481483 0.19983983435269076 0.6156434943665755
0 0.5015373546875 0.5388761666666666 0.5000051838796779 0.5091464232326972 0.3782241033472356 0.5289822721524146 0.3797562741550577 0.558712015586384
0 0.32536672447916676 0.5922350972222223 0.32283788052062223 0.5355747305624563 0.27286578151325447 0.5426236928938472 0.275394625471799 0.5992840595536132
0 0.6275559199197376 0.5528917168097416 0.5834091055225941 0.4924242661403674 0.5023216274719581 0.6795297220457064 0.5464684418691017 0.7399971727150806