0 0.17783104845407802 0.3299341898689543 0.10195851106472147 0.3098454513843888 0.09315980132317439 0.43355142494008575 0.16903233871253093 0.4536401634246513
0 0.6038984057729451 0.4340474928586771 0.5652838548223977 0.42679093041137484 0.5625996587537091 0.4799618320610689 0.6012142097042565 0.48721839450837123
0 0.6654674693372898 0.44823364217557266 0.6278821882973118 0.44034456695309016 0.6256483432245302 0.4799618320610688 0.6632336242645083 0.4878509072835514
0 0.7282042700689908 0.44370172945523656 0.6940267269968109 0.4365927242680858 0.6928230023479199 0.45813536303519664 0.7270005454200998 0.4652443682223474
0 0.7265203086053413 0.46726180629771014 0.6906370257902884 0.4607941710363574 0.6898058347494306 0.4779608876753204 0.7256891175644835 0.4844285229366732
0 0.8082103585558852 0.4605142853053437 0.7724709886251238 0.45320374904580174 0.7712597212664312 0.4752470894608521 0.8069990911971926 0.482557625720394
0 0.14339218107809193 0.8050691072387594 0.09499928889667762 0.6855589105440889 0.04577393747924642 0.7597591282613442 0.09416682966066071 0.8792693249560147
0 0.05228977249547358 0.5284789611687893 0.041915212166172104 0.48860971087786265 0.01912696804862879 0.510683771539503 0.029501528377930266 0.5505530218304298
0 0.15415282363232619 0.5658670063795774 0.13331861113531393 0.5030072318734311 0.11270855598860335 0.5284358735282713 0.13354276848561558 0.5912956480344176
0 0.2309042672566231 0.933527819962424 0.21909258156443034 0.711144174707127 0.1981290482771884 0.7152890670674504 0.20994073396938118 0.9376727123227475
0 0.42205830342863626 0.9209784235907337 0.419062761888236 0.5935759699266724 0.19890909638407236 0.601074205396995 0.2019046379244726 0.9284766590610563