0 0.34055272278324555 0.2921223516524829 0.32481699834500266 0.23725036396574334 0.2334849807706484 0.32451399733310476 0.24922070520889122 0.3793859850198444
0 0.11424534620908973 0.9650426533780504 0.10697154863211751 0.9370280440473296 0.09420356814568402 0.9480732302414716 0.10147736572265624 0.9760878395721924
0 0.12891606833251962 0.9518323931771395 0.1216500400390625 0.9230102566844922 0.1095865058862304 0.933142827856729 0.11685253417968752 0.9619649643493763
0 0.10655290440337088 0.9345647797976163 0.09952874999999999 0.907460053475936 0.09424357557709787 0.9120233904341126 0.10126772998046876 0.9391281167557933
0 0.11451915086111851 0.9282653143017467 0.10721609375 0.9003981622103389 0.10166201173653772 0.9052476803506598 0.10896506884765622 0.9331148324420678
0 0.13569987891275515 0.9101202875495359 0.12843726611328124 0.8818940062388593 0.12321038475911987 0.8863748113809456 0.13047299755859376 0.9146010926916222
0 0.14811926960959038 0.898570432429631 0.1406796894987189 0.8710018084172881 0.1310056210610035 0.8796997538842704 0.13844520117187498 0.9072683778966133
0 0.14292738885407918 0.9394871735958298 0.13590099853515625 0.9115444866310158 0.12335472979826455 0.922055700735721 0.1303811201171875 0.9499983877005348
0 0.15835932898475777 0.9249880263379446 0.15070168603515627 0.8974398556149732 0.13839015539024224 0.9088420538759592 0.14604779833984372 0.9363902245989305
0 0.12136812351883183 0.9937309636932148 0.11411585420689313 0.9665302777894732 0.10179608921486327 0.9774741416499595 0.10904835852680198 1.004674827553701
0 0.13703960638766127 0.9811837145649218 0.12940101708984378 0.9526511702317292 0.11682891363187001 0.9638650216204614 0.1244675029296875 0.9923975659536541
0 0.15091921731152902 0.9686541180408398 0.14350646044921878 0.9409284973262033 0.130580964329096 0.9524423293744901 0.13799372119140624 0.9801679500891266
0 0.16597824009640474 0.9549567178073937 0.15815828857421882 0.9263038930481285 0.14597931214968912 0.9373783285384178 0.15379926367187502 0.966031153297683
0 0.14185408886718753 1.0000000000000002 0.1370059907226563 0.9820351648841357 0.12469939804492625 0.9931003882438779 0.12954749618945752 1.0110652233597426
0 0.158411798212673 0.9971109016122076 0.15081182666015625 0.9690104144385029 0.13808823987148433 0.9804756205020794 0.14568821142400107 1.008576107675784
0 0.1737687144628074 0.984842051240933 0.16604526513671874 0.9551540098039215 0.15353954676766135 0.9659935931440938 0.16126299609375 0.9956816345811053
0 0.17730529345703122 1.0000000000000002 0.17322749169921875 0.985337493761141 0.16165803560910025 0.9960577466826105 0.16573583736691272 1.0107202529214698
0 0.845657957503373 0.8247280258979076 0.8453059249116998 0.811299235184972 0.8055948212890623 0.8147676586452764 0.8059468538807356 0.8281964493582119