0 0.2859071844706216 0.2061295379750139 0.18244445527712677 0.19989954642302976 0.16954499372909937 0.29511019786964426 0.2730077229225942 0.3013401894216284
0 0.4347167322041176 0.428606854279774 0.16337028016701213 0.4141495528322585 0.15509049920586226 0.4832169739814678 0.4264369512429677 0.4976742754289833
0 0.7868968192986521 0.3108529555427806 0.7838971640625 0.30488636328124996 0.6875407568732229 0.32641631529055265 0.690540412109375 0.3323829075520833
0 0.7848435049100027 0.3542036006185456 0.781915142578125 0.34821232291666654 0.6984257236056223 0.3663488564127042 0.7013540859375 0.3723401341145833
0 0.7897257694816474 0.3393429565556771 0.7829531068506572 0.3255179941920969 0.6897449740877598 0.34581195300100315 0.69651763671875 0.3596369153645833
0 0.7506278690823716 0.5448804926496831 0.74356082421875 0.5155524348958334 0.7060741309176285 0.5195670984961503 0.71314117578125 0.5488951562500001
0 0.8181804781682807 0.5120661932712504 0.8099133214482865 0.4966363729469055 0.769321171405006 0.5063025520714887 0.777588328125 0.5217323723958335
0 0.7169918017192091 0.05054504004982169 0.6548460273437499 0.04681388541666671 0.6534600088119527 0.057074062931081526 0.7156057831874119 0.06080521756423651
0 0.7249576375851823 0.0737795347164295 0.6628118613281251 0.0700483802083334 0.6614258428835678 0.0803085577314873 0.723571619140625 0.0840397122395834
0 0.10373893750000018 0.8229226914062501 0.04216872164836505 0.8099938671047496 0.005057878906250091 0.8885409283854168 0.06662809475788523 0.9014697526869172
0 0.3722736640625001 0.8095536653645833 0.3329120580276778 0.799978274469002 0.29693460024336477 0.8657083682935828 0.33629620627818707 0.875283759189164
0 0.5503432949218752 0.8175827200520832 0.4589843750000001 0.8175827200520832 0.4589843750000001 0.8837804283854167 0.5503432949218752 0.8837804283854167