0 0.3663216077448672 0.23929037683298585 0.36002394196903353 0.18098681294847296 0.20134998728492898 0.24127119032321853 0.20764765306076266 0.29957475420773144
0 0.7450454160510891 0.1506591985637929 0.7118722066294557 0.14571329190994955 0.6972816577148438 0.48992673992674013 0.7304548671364772 0.4948726465805834
0 0.04378576416015626 0.9919959093406593 0.041405591608326055 0.9632831967315708 0.024293560358326055 0.9682726207242449 0.02667373291015626 0.9969853333333335
0 0.024273621093749996 0.6557142179487179 0.02128489174418193 0.5993861128214093 0.010080933893486004 0.6014770815643049 0.013069663243054069 0.6578051866916134
0 0.19689142773437504 0.6055826694139194 0.19340908681878222 0.5597387485317932 0.17728074024408763 0.5640479222890362 0.18076308115968046 0.6098918431711624
0 0.4135353574218751 0.5922056776556777 0.41054704705229783 0.5461381452858309 0.3963768266016196 0.5493712664968724 0.39936513697119685 0.5954387988667191
0 0.42519084863281253 0.5940029120879121 0.42246869490798594 0.5536998187640088 0.41428433203125004 0.5556441657509158 0.4170064857560766 0.5959472590748193
0 0.43859274072265625 0.7048518617216117 0.4357634951171875 0.641069738095238 0.428774424596728 0.6421601880164504 0.43160367020219675 0.7059423116428241
0 0.4334761811523438 0.7238840943223442 0.4295038518851073 0.6682276580238878 0.4213518195286628 0.6702741515157407 0.4253241487958993 0.7259305878141972
0 0.7463555429687501 0.785530023809524 0.6849777155703951 0.7727487593242851 0.6843326469726564 0.7836445366300367 0.7457104743710113 0.7964258011152756
0 0.5057487197265625 0.8559038086080586 0.5053120308741956 0.8422552029884839 0.45253585806308083 0.8481945177472984 0.45297254691544775 0.8618431233668731