0 0.6327232557324354 0.3370354887231546 0.6298828125000001 0.21569238867187504 0.2827722481761635 0.24819354787825096 0.28561269140859885 0.36953664792953045
0 0.7652702548828124 0.027005927734375046 0.7525004803535276 -0.015731267775342173 0.7129518329867561 0.03153690729216241 0.725721607516041 0.07427410280187963
0 0.7526903964843747 0.32428113281250026 0.7392752042445274 0.2857594790377518 0.7297794476111292 0.2989870939729491 0.7431946398509766 0.33750874774769757
0 0.7324457753906249 0.3471348183593752 0.7190316605569009 0.3086128392121449 0.7095355917968749 0.3218397148437504 0.7229497066305988 0.3603616939909807
0 0.7729768896484372 0.2994311503906252 0.75956316729946 0.2609102972055336 0.7500678603515623 0.2741361113281252 0.7634815827005395 0.3126569645132168
0 0.2328974355468751 0.993605802734375 0.21307120732422438 0.9931657058741356 0.21305383886718757 0.99629548046875 0.23288006708983827 0.9967355773289895
0 0.20830731250000004 0.9930599589843749 0.18602226003932318 0.9925652820905535 0.18600489160120168 0.9956950547525244 0.20828994406187853 0.9961897316463458
0 0.3461819697265625 0.992990701171875 0.3016118851351694 0.9920013458032755 0.301577150390625 0.998260494140625 0.3461472349820181 0.9992498495092246
0 0.29200752295127635 0.9917881524393736 0.2450551672940886 0.9907459177782 0.2450204326171876 0.9970050644531251 0.29197278827437534 0.9980472991142987
0 0.09536623339843757 0.9874231699218752 0.021287876305516942 0.9857787988709231 0.02125314160156256 0.9920379453125001 0.0953314986944832 0.9936823163634522
0 0.4274999316406251 0.9916656132812501 0.3581859712606639 0.9901270029283377 0.3581338681640626 0.9995159218750002 0.4274478285440238 1.0010545322279125
0 0.15455352636718758 0.98560683203125 0.10736960806226449 0.9845594560066306 0.10731750488263064 0.9939483750327781 0.15450142318755375 0.9949957510573975
0 0.4793965947265626 0.9881229628906252 0.43696175621847266 0.9871810068957592 0.4368906181640626 1.0000000000000002 0.4793254566721525 1.0009419559948662
0 0.5456168779296875 0.9867779238281252 0.4885920322265626 0.9867779238281252 0.4885920322265626 1 0.5456168779296875 1
0 0.09350787304687505 0.976426962890625 0.034183902634566096 0.9751101071749175 0.03414916796875006 0.98136925390625 0.09347313838105901 0.9826861096219575
0 0.21885376250736735 0.9854573688760074 0.2187998114139294 0.9747370986948676 0.17908959229999008 0.975536485167655 0.17914354339342803 0.9862567553487949
0 0.02500020117187506 0.96864633203125 5.984795992119984e-17 0.968091384765625 -0.00006946937289748368 0.9806096790634922 0.024930731798977514 0.9811646263291172
0 0.3521306787109376 0.9743429960937502 0.32953627371224664 0.9738414525354759 0.32948417285156256 0.9832299726562501 0.35207857785025354 0.9837315162145244
0 0.325081732421875 0.9737425742187499 0.3024879565673952 0.973241042337602 0.30243585546875007 0.9826295625 0.3250296313232299 0.9831310943811479
0 0.617786478515625 0.9782383964843753 0.5526031845703125 0.9782383964843753 0.5526031845703125 1 0.617786478515625 1
0 0.09665428222656257 0.9639769707031252 0.0494703841161545 0.9629295962782877 0.049418283203125066 0.9723181171874999 0.09660218131353313 0.9733654916123374
0 0.24945425976562507 0.9611088613281249 0.22616579602933096 0.9605919130221966 0.226026857920954 0.9856284983938423 0.24931532165724812 0.9861454466997706
0 0.21520057031250006 0.9572187519531249 0.18507531320632004 0.956550039285914 0.18500584375000007 0.9690683320312499 0.2151311008561801 0.9697370446984608
0 0.5743832158203126 0.9620616210937503 0.5463308557129141 0.9614389238976667 0.546217968749519 0.9817810469616993 0.5742703288569175 0.9824037441577829
0 0.5278341689453125 0.9578981796875001 0.5119999879918081 0.9575466985629973 0.5118784160047878 0.9794539101560096 0.5277125969582922 0.9798053912805124
0 0.16630461794160536 0.9467432974659548 0.11404806083678838 0.9455833229901133 0.11386570455589912 0.9784437405395567 0.1661222616607161 0.9796037150153982
0 0.4300760048828125 0.9447736210937501 0.4110883508713065 0.9443521381824425 0.4108799425805873 0.9819070132309189 0.4298675965920933 0.9823284961422265
0 0.10794998339843756 0.9376231640625 0.0724433446998227 0.9368349977469188 0.07232177440502906 0.9587418082684475 0.10782841310364391 0.9595299745840287
0 0.39658306229708146 0.9408999956665508 0.3141358204028322 0.939069856087148 0.3139100439461897 0.9797545040655352 0.39635728584043894 0.981584643644938
0 0.07132272558593755 0.932115083984375 0.04849726167529126 0.9316084120470551 0.04841910937193822 0.9456913911767414 0.07124457328258452 0.9461980631140613
0 0.044273904296875055 0.9315146640624999 0.020522210353937517 0.9309874298876336 0.020339853515625058 0.9638478476562499 0.04409154745856259 0.9643750818311162
0 0.009848235351562555 0.9307504921875 5.724587470723463e-17 0.9305318847656249 -0.00018235579557713578 0.9633923023518481 0.009665879555985362 0.9636109097737232
0 0.40625935351562503 0.9301598320312502 0.3887375660281314 0.9297708881076627 0.3887028291015625 0.9360304335937499 0.4062246165890561 0.9364193775173374
0 0.38412868164062514 0.9296685820312501 0.36168924859923524 0.9291704781777776 0.3616545117182891 0.9354300235205655 0.384093944759679 0.935928127374038
0 0.6202767109375 0.93334564453125 0.5823112274727639 0.9325028996308793 0.5821028198780831 0.970057775780463 0.6200683033428193 0.9709005206808338
0 0.5783970131873254 0.9324160118015178 0.5208368623688371 0.9311383097643117 0.5207152900305179 0.9530455210709745 0.5782754408490062 0.9543232231081806
0 0.5096220996093751 0.9308893671875001 0.43823463135103613 0.9293047296881537 0.43796543718878284 0.9778132112080317 0.5093529054471218 0.9793978487073781
0 0.30552715820312504 0.9263589296875 0.25602767529166415 0.9252601554812487 0.25571506347183043 0.9815924696027216 0.3052145463832913 0.9826912438089729
0 0.24159334179687506 0.9249397460937501 0.22552761437808533 0.9245831251889055 0.22537999316406254 0.9511843945312499 0.24144572058285227 0.9515410154360945
0 0.21454439453125007 0.9243393222656252 0.19117874974872345 0.9238206566462408 0.19103981054687508 0.9488572421875001 0.2144054553294017 0.9493759078068845
0 0.5103090556640625 0.9183847832031252 0.47319325274101864 0.9175608969889214 0.47315851804577314 0.9238200433666588 0.5102743209688169 0.9246439295808626
0 0.46604771484375 0.917402283203125 0.4362312005580991 0.9167404239511112 0.4361964658203125 0.922999572265625 0.4660129801059634 0.9236614315176388
0 0.17599957195978608 0.9047039632288503 0.12796725267195513 0.903637760513848 0.12779358006611782 0.9349334904449444 0.17582589935394877 0.9359996931599467
0 0.2534988157926223 0.8860796376398341 0.22614175491450153 0.8854723837079662 0.22597676740401496 0.9152034278833616 0.2533338282821357 0.9158106818152295
0 0.11833189160156257 0.8830792441406251 0.0673776222691779 0.8819481768604621 0.06717789746093755 0.9179383671875001 0.11813216679332222 0.9190694344676631
0 0.059316349609375055 0.8817692363281251 5.377642775528102e-17 0.8804525488281251 -0.0002257743491493238 0.921136796918802 0.059090575260225674 0.922453484418802
0 0.28540622375958924 0.88365815347203 0.25704510311041096 0.8830285997783125 0.2568627460937501 0.9158890175781251 0.2852238667429284 0.9165185712718427
0 0.42842141113281257 0.8852674824218751 0.3982189536211891 0.8845970560800275 0.3981407988272647 0.8986804337487816 0.4283432563388882 0.8993508600906293
0 0.3914593386735094 0.8844470087109436 0.34580866441604946 0.8834336663687377 0.3456002559591619 0.9209885426691367 0.39125093021662183 0.9220018850113426
0 0.6228527841796876 0.8864536503906253 0.6106892517049535 0.8837807715800312 0.6083248116411037 0.9268204236393869 0.6204883441158379 0.929493302449981
0 0.6031809384765625 0.88601698046875 0.5151096257748499 0.8840620077234669 0.5148838524862966 0.9247462575552555 0.6029551651880093 0.9267012303005386
0 0.4291527353222747 0.8508543721538527 0.41432135497399375 0.8505251488741933 0.4141824160156251 0.8755617324218751 0.4290137963639061 0.8758909557015345
0 0.08376613183593754 0.84005742578125 0.05786396080560203 0.8394824574638133 0.057707653807443866 0.8676488136037905 0.08360982483777939 0.8682237819212272
0 0.05387231225147446 0.8393938495362465 5.117434254131581e-17 0.838198009765625 -0.0001563068745482005 0.8663643676994761 0.05371600537692621 0.8675602074700977
0 0.2782892915728388 0.8749320151103009 0.278110407958359 0.8426974078100825 0.24170830412154923 0.8435054511466555 0.24188718773602905 0.875740058446874
0 0.11573272656250008 0.8407670097656251 0.09054227278108198 0.838419663420614 0.08984838159168876 0.8682055260358912 0.11503883537310686 0.8705528723809023
0 0.6249995400390626 0.8473765234375001 0.6079710918191806 0.8436346009298209 0.6062408525390626 0.875129951171875 0.6232693007589445 0.8788718736795542
0 0.6028688681640627 0.8468852753906251 0.5503807486413341 0.8457201571699748 0.5502157580801015 0.8754511978304375 0.6027038776028301 0.8766163160510877
0 0.4841430991629395 0.8442498359290083 0.4673160006300341 0.8438763121702199 0.4671596931846877 0.8720426680968367 0.4839867917175931 0.8724161918556251
0 0.4627064863281251 0.8437739921875002 0.43426818537673717 0.8431427258798512 0.43411187792968753 0.8713090839843751 0.46255017888107547 0.8719403502920241
0 0.3423883085937501 0.8379734472656252 0.28651576507464505 0.8367332041623098 0.28631604003906264 0.8727233925781253 0.34218858355816767 0.8739636356814406
0 0.40956772756929666 0.8347696390971987 0.35047500544729726 0.8334579135983148 0.35024922851562507 0.8741425644531251 0.40934195063762446 0.875454289952009
0 0.500286994646856 0.830523479344465 0.4727749240007726 0.829912773803678 0.47271413769531256 0.840866380859375 0.500226208341396 0.841477086400162
0 0.12161230866269714 0.8205528962698169 0.08426494323373676 0.8197238673856204 0.08418679050125552 0.8338068442994012 0.12153415593021588 0.8346358731835977
0 0.6255581630813858 0.8301744564065557 0.5859057260624968 0.8292942591803948 0.5858275732421875 0.84337723828125 0.6254800102610765 0.844257435507411
0 0.5798678016176234 0.8103804816764065 0.5516610641957347 0.809754356026578 0.5514787075058297 0.8426147716360325 0.5796854449277185 0.843240897285861
0 0.017147137695312547 0.79783479296875 4.8891219744313954e-17 0.79783479296875 4.979713146435238e-17 0.827424115234375 0.017147137695312547 0.827424115234375
0 0.5433701434253123 0.8076712704105216 0.5143702239612828 0.8075926565089581 0.5143256289692224 0.8733953276667367 0.5433255484332519 0.8734739415683002
0 0.5143449267578126 0.8449202460937499 0.49082490279277213 0.8443981556277309 0.49065991258980984 0.8741291986575634 0.5141799365548504 0.8746512891235825
0 0.07633455371093754 0.7960730429687499 0.026151381567817576 0.7949590913855943 0.025951656601442847 0.8309492816969853 0.07613482874456282 0.832063233280141
0 0.41856176660156263 0.795844904296875 0.39105034304277186 0.7952342142313827 0.39099824218750007 0.8046227324218751 0.41850966574629084 0.8052334224873674
0 0.3875492025702735 0.8278619230930201 0.3872461251142732 0.7936939353625838 0.31547317184514967 0.7962405019626482 0.31577624930115 0.8304084896930845
0 0.07448550537658401 0.7835121661329641 0.0029431839082100448 0.7819240899513994 0.002908449218750047 0.788183236328125 0.07445077068712401 0.7897713125096898
0 0.12248501367187505 0.762668134765625 0.08198354730730446 0.7617690950139833 0.08184460860074133 0.7868056802832233 0.12234607496531191 0.787704720034865
0 0.534616442677173 0.7671214677813284 0.4447921001188491 0.7651275719325799 0.44460105817523415 0.7995530751443901 0.5344254007335582 0.8015469709931387
0 0.3274392900390626 0.751567654296875 0.3152763786318706 0.7488949130726574 0.31359887988281254 0.7794302578125 0.3257617912900045 0.7821029990367175
0 0.3076130618243146 0.7511275604716574 0.2623476805781743 0.7501227712438431 0.26220874167353947 0.7751593552920105 0.30747412291967974 0.7761641445198249
0 0.4186790166015625 0.7488983300781251 0.3330671607899738 0.7469979446679276 0.33284138671200425 0.7876821926218496 0.41845324252359295 0.7895825780320471
0 0.6299088640579271 0.7520218673474065 0.5412511363329753 0.7500538688914693 0.5408951042376109 0.8142104163255912 0.6295528319625627 0.8161784147815284
0 0.5195829628906251 0.7495728847656251 0.5068250901983221 0.7492896904638402 0.5067729872934893 0.7586786113929087 0.5195308599857923 0.7589618056946936
0 0.5023705683593751 0.7491908105468751 0.4748584956307731 0.7485801063866897 0.474806392578125 0.7579690253906252 0.502318465306727 0.7585797295508105
0 0.47040397363281256 0.7484812246093752 0.4428919007345594 0.7478705224319898 0.4428397978515626 0.7572594414062502 0.4703518707498157 0.7578701435836356
0 0.710212173828125 0.6741931464843752 0.6681819216219834 0.6591243080546849 0.6513221119965502 0.84722694224533 0.6933523642026918 0.8622957806750202
0 0.8210466611328124 0.7052387636718751 0.7405099169378773 0.6761546487380583 0.7251197216796875 0.8466224414062502 0.8056564658746227 0.875706556340067