0 0.2040389129657406 0.12563900318205057 0.05638821462292159 0.06100931708519423 0.0362162466538704 0.16469868971359664 0.18386694499668943 0.22932837581045296
0 0.4562813513994541 0.23885342147876545 0.31299459559375636 0.17784138158422336 0.2933565601782913 0.28161120107185195 0.43664331598398903 0.34262324096639407
0 0.7502880950520835 0.1677168515625 0.7397488147732393 0.05616887193374359 0.615401065626504 0.08260328621440158 0.6259403459053482 0.19415126584315798
0 0.7502848074527037 0.2093855181627849 0.7466836679687497 0.16803149414062502 0.6299938774431295 0.19089472207159014 0.6335950169270833 0.23224874609375
0 0.7889936536458334 0.59147284375 0.7370636309658662 0.20042029214724214 0.6308648947160855 0.2321514014539616 0.6827949173960527 0.6232039530567195
0 0.8113088697916666 0.5897527949218753 0.6870197760416666 0.5897527949218753 0.6870197760416666 0.6484375000000002 0.8113088697916666 0.6484375000000002
0 0.9089583039176535 0.10780376642234557 0.8846889280630005 -0.008207923145545137 0.7440740366208192 0.05797877100343085 0.7683434124754721 0.17399046057132156
0 0.9559999878514095 0.514248608317931 0.90095935546875 0.11024025390624997 0.7888686423569237 0.14459962605706894 0.8439092747395832 0.5486079804687499
0 0.9712195437668539 0.6073603394108309 0.9543040494791667 0.5066445117187501 0.8158141885002032 0.5589789375825018 0.8327296827878906 0.6596947652745826
0 0.5874336940104167 0.31920558203125005 0.5795762316077887 0.2811767432910103 0.5312050375973719 0.3036641085253853 0.5390625 0.34169294726562505
0 0.5742990476754225 0.4478432172808443 0.5550191303793048 0.3390428287263417 0.5197825827038823 0.3530919962111224 0.5390625 0.461892384765625
0 0.6258025393996195 0.6324971961364215 0.5996843203124999 0.4338958046875 0.5145440985408879 0.45908872823929625 0.5406623176280074 0.6576901196882178
0 0.5559219440104167 0.11412446875000011 0.5390625 0.11412446875000011 0.5390625 0.23625888671875012 0.5559219440104167 0.23625888671875012
0 0.35728827867556606 0.7549025547425939 0.02372838671875006 0.7531515351562501 0.023152614200565733 0.9999351211446637 0.3567125061573817 1.0016861407310074
0 0.7933017278645834 0.789402845703125 0.7926105299479168 0.7297109843750003 0.7432254754314879 0.7309976489819108 0.7439166733481546 0.7906895103100355
0 0.99817530859375 0.9572965878906251 0.8439104180082481 0.948659101937309 0.8426327994791668 1 0.9968976900646688 1.0086374859533163