0 0.13393808372025048 0.20880989077797701 2.0816681711721685e-17 0.19800034843750003 -0.004825592097172743 0.2841016813757673 0.12911249162307772 0.2949112237162443
0 0.69728145703125 0.19999937812500002 0.6939291876426422 0.18384311213786195 0.6482719388020833 0.1974848640625 0.6516242081906911 0.21364113004963806
0 0.5994576471354166 0.23128684687500006 0.5953957070481964 0.21376650803558434 0.5504481263020833 0.22877233125 0.5545100663893033 0.24629267008941563
0 0.3519313265949087 0.806825662767839 0.345794802049509 0.7763383219473475 0.2169087306629336 0.8136952716795086 0.2230452552083333 0.8441826125
0 0.3617839765765504 0.8427039516516357 0.35411313776121583 0.8082963131274219 0.22487016118466543 0.8497876505382861 0.23254099999999997 0.8841952890624999
0 0.36420653122079333 0.8882118071496791 0.3592318337716911 0.8617304508736845 0.2260238932291667 0.8977649968750001 0.23099859067826886 0.9242463531509946
0 0.36216608232587344 0.9186032269933087 0.3590004116216173 0.9022859906990653 0.23527034895833332 0.9368526062499999 0.23843601966258943 0.9531698425442432
0 0.3012325821370824 0.7290411519363507 0.29530697712373105 0.6996869001463419 0.15036505514289866 0.7418194935224913 0.15629066015625 0.7711737453125
0 0.29054513020833334 0.6844684234375001 0.2846079941191609 0.657038561329031 0.14500751625457756 0.7005499332040308 0.15094465234375 0.7279797953125
0 0.2832198125 0.64611796875 0.2767864399102838 0.6168326261147326 0.13747590605611715 0.6609017933022325 0.14390927864583336 0.6901871359375
0 0.27320783653986686 0.6038744348106155 0.267196376515148 0.576273449626049 0.1289883355481978 0.6196196648154335 0.13499979557291666 0.6472206500000001
0 0.823758054047345 0.8665592583356052 0.7704233589849553 0.8016160901807663 0.6945684942451691 0.8913222520538557 0.7479031893075588 0.9562654202086946
0 0.9546918008838788 0.5844796215141198 0.8402548809647358 0.523062458838591 0.7516701719076574 0.760745210260598 0.8661070918268005 0.8221623729361269