0 0.22822696665887032 0.42330558756561626 0.10897290201976541 0.4022778786692225 0.10332029214307852 0.43433542269056225 0.22257435678218343 0.455363131586956
0 0.09019058496984761 0.3963217090138997 5.551115123125783e-17 0.38041867578125005 -0.011079115418510569 0.443251462830482 0.07911146955133698 0.4591544960631316
0 1 0.36206174218750015 0.9353880598958334 0.36206174218750015 0.9353880598958334 0.5082841289062502 1 0.5082841289062502
0 0.800651644971529 0.1448954348294308 0.7695889239781906 0.1328500484837978 0.7200267761635324 0.2606612390277591 0.7510894971568708 0.2727066253733921
0 0.5640371689251076 0.7755847038690972 0.5344953161678984 0.7688176913533488 0.522998653393714 0.8190071535545546 0.5525405061509232 0.825774166070303
0 0.36150739968428586 0.7477086526909101 0.3187609901934679 0.7419066483891354 0.315571291376976 0.765406832923717 0.35831770086779396 0.7712088372254917
0 0.3306641398331232 0.7093317800362096 0.2921986981081443 0.7041108376586854 0.2878697691738137 0.7360043449250943 0.32633521089879264 0.7412252873026185
0 0.5165710564540226 0.728926431730304 0.4427413392739414 0.7257954833684904 0.4380924744834498 0.8354186176483563 0.511922191663531 0.8385495660101702
0 0.29001761817640864 0.6969766969290973 0.2644751352780553 0.6935097984476234 0.26196890785374366 0.7119745073126068 0.287511390752097 0.7154414057940804
0 0.4526948498933205 0.7187262262171252 0.42315299828445635 0.7119592122971249 0.41752978335433416 0.7365077329584223 0.4470716349631984 0.7432747468784227
0 0.5598958333333335 0.7207932213541667 0.5239536419270835 0.7207932213541667 0.5239536419270835 0.7677979674479166 0.5598958333333335 0.7677979674479166
0 0.18959457812500013 0.6747986888020834 0.17060369545166487 0.6704485371868428 0.1624532274351033 0.706029959520035 0.18144411010843853 0.7103801111352755
0 0.16601915816205462 0.6710710162581184 0.14702827602027005 0.6667208636402564 0.14361023667428893 0.6816425429645584 0.1626011188160735 0.6859926955824204
0 0.3175573723958334 0.6784909804687502 0.2901254963427345 0.6722072924160932 0.28450228485496193 0.696755812212157 0.31193416090806086 0.7030395002648139
0 0.2808974810915456 0.6737120382088825 0.2682370707556758 0.6708119804806641 0.26384075260416673 0.6900044231770833 0.2765011629400365 0.6929044809053018
0 0.5146981653645833 0.7001203684895834 0.48687646906970183 0.6963441082177759 0.48391459374999996 0.7181658020833334 0.5117362900448815 0.7219420623551409
0 0.42081260156250017 0.6737010117187502 0.38072031848416427 0.6645172617343652 0.3599792107683097 0.7550639734061985 0.4000714938466456 0.7642477233905832
0 0.23925324609375007 0.64221972265625 0.20281608411539578 0.6372740796738533 0.19985420963541678 0.6590957721354167 0.23629137161377103 0.6640414151178134
0 0.3710187096354168 0.6583949361979168 0.3294873247000781 0.6527578494414265 0.3228800469850746 0.7014371417798938 0.3644114319204133 0.707074228536384
0 0.19655557485627043 0.6312956531843371 0.1333338283156776 0.6227145150008054 0.12854925064130593 0.6579650086490045 0.19177099718189874 0.6665461468325362
0 0.13054530989583343 0.6223360286458334 0.09649423298176095 0.6152174601346516 0.0900087773997358 0.6462400943200851 0.1240598543138083 0.653358662831267
0 0.4802314375000001 0.6663803645833334 0.4359186571305517 0.6562298459810457 0.42512547656250005 0.7033482109374999 0.4694382569319484 0.7134987295397877
0 0.5319242265624999 0.6733966666666668 0.495973050626076 0.6652825695126398 0.4917706097727666 0.6839023478578818 0.5277217857091906 0.6920164450119088
0 0.2824550494791667 0.6378261692708334 0.2486932394360225 0.6300925122830261 0.24184305041953236 0.6599974822990222 0.27560486046267657 0.6677311392868295
0 0.5658195849496673 0.672868628025419 0.5312667309570681 0.6681787413263067 0.5253429791666667 0.7118221263020835 0.559895833159266 0.7165120130011958
0 0.32059023046875007 0.6361646276041668 0.29315889603137807 0.6298810615759144 0.2849945091145834 0.6655232473958335 0.3124258435519554 0.6718068134240859
0 0.26949557132182206 0.6253124194013504 0.26706973318446875 0.6040609535856977 0.20462831554505687 0.611188592383607 0.20705415368241017 0.6324400581992597
0 0.08720775390625009 0.57884437890625 0.04500549425067744 0.5691773067728967 0.03159753776041676 0.6277106510416667 0.07379979741598941 0.63737772317502
0 0.19373447655812015 0.5881747375212992 0.1479220931781716 0.5819565873620104 0.14359316276041675 0.6138500950520833 0.1894055461403653 0.6200682452113722
0 0.14219363281250005 0.5811790585937501 0.09838303141252175 0.5752326125449988 0.09405410147570399 0.607126120431139 0.1378647028756823 0.6130725664798903
0 0.2571079739583334 0.5933574218750001 0.23726747767068032 0.590664455648148 0.23658396744791674 0.5957002343750001 0.2564244637355699 0.5983932006018522
0 0.23341585937500006 0.5901416731770833 0.1994363210651773 0.585529603658123 0.19693012105639926 0.6039940953272661 0.23090965936622201 0.6086061648462265
0 0.32463753515625005 0.5991042122395833 0.28049657911045683 0.5931129254225161 0.2766233526831421 0.6216490183694395 0.3207643087289353 0.6276403051865067
0 0.38350788030869193 0.6038726127153758 0.34341559771824043 0.5946888636193083 0.3312344922768096 0.6478663096180289 0.3713267748672611 0.6570500587140965
0 0.5067016588541667 0.6186873203125001 0.45321251282028635 0.6114271959838439 0.44728871484375005 0.6550709244791667 0.5007778608776304 0.6623310488078229
0 0.4550088697916667 0.6116710182291666 0.44234846028940084 0.6087709579466392 0.4322115134902713 0.6530244854863533 0.44487192299253714 0.6559245457688808
0 0.4313162018229167 0.6084551927083334 0.38986752012595205 0.6010821325891658 0.3788276250185192 0.6631444365552318 0.4202763067154838 0.6705174966743995
0 0.5653639067438597 0.6215210384419283 0.512353908984833 0.6143259529267818 0.5062023084365845 0.6596480454287549 0.5592123061956112 0.6668431309439015
0 0.19337681250000008 0.5710309440104168 0.14969169749777855 0.5651015332161792 0.1487803472515166 0.5718159339714696 0.19246546225373815 0.5777453447657072
0 0.5608071838504329 0.6038073063453117 0.5477991511141346 0.6020417165458375 0.5468878005970349 0.608756117231776 0.5598958333333334 0.6105217070312501
0 0.5396389765625002 0.6009341302083334 0.48918878553945994 0.5940864858598233 0.4878217591145835 0.6041580872395834 0.5382719501376236 0.6110057315880937
0 0.48148500260416677 0.5930408450520833 0.44395773192785365 0.587947239755971 0.4425907057291667 0.5980188411458334 0.48011797640547976 0.6031124464419458
0 0.4362533984375001 0.5869015247395833 0.3745781735660383 0.5785303008021266 0.3725276379972793 0.5936376785589524 0.4342028628687411 0.6020089024964093
0 0.3661141023319528 0.5773814647840815 0.3250391126255819 0.5718063253786209 0.3229885766642578 0.5869137042939238 0.3640635663706287 0.5924888436993845
0 0.31779116927083334 0.5708225559895833 0.27519615233736694 0.5650411011915455 0.27268993480398523 0.5835057233329443 0.31528495173745164 0.5892871781309821
0 0.2670162642151955 0.5694937392823366 0.2480253817884198 0.5651435877518106 0.24490857525658727 0.5787502186881546 0.263899457683363 0.5831003702186804
0 0.24269767447916676 0.5690104166666666 0.20731411328125007 0.5690104166666666 0.20731411328125007 0.58243642578125 0.24269767447916676 0.58243642578125
0 0.7877439869791667 0.6253844791666667 0.748645108947748 0.6186330700843677 0.7464436692708335 0.6313820859375001 0.785542547302252 0.6381334950197991
0 0.8045909527252726 0.7848669380842063 0.6678183216667506 0.7572844583900585 0.6594651653699453 0.7987050694817991 0.7962377964284673 0.8262875491759468