0 0.10790678971296434 0.14275748530001786 0.06244337381790154 0.06522393804916289 -0.04546341589506279 0.12849733946789507 1.850371707708594e-17 0.20603088671875
0 0.9037309518229167 0.09526271354166678 0.6553720735721665 -0.02916065915083499 0.4560899036458333 0.36862229036458344 0.7044487818965833 0.4930456630570852
0 0.9888714505208333 0.04225458723958344 0.6636215532432946 -0.006300042148631317 0.6554327997940635 0.04855345486601103 0.9806826970716022 0.09710808425422579
0 0.6027137684209178 0.01926356409984879 0.43300873874604084 -0.039454810322623934 0.3832834807389022 0.10425874559051025 0.5529885104137792 0.16297712001298298
0 0.19349922465098102 0.6761818143089667 0.064400267945466 0.6443229335692714 0.048120301984197034 0.7102928161264579 0.17721925868971208 0.7421516968661533
0 0.18202535762778435 0.8155432590089698 0.11625731767925862 0.7957986461837515 0.09677348310712304 0.8606980504837449 0.16254152305564876 0.8804426633089633
0 0.28766562252886135 0.8376536302341915 0.21608864074940873 0.8237404740285341 0.2024239337440167 0.8940392955100895 0.27400091552346933 0.9079524517157469
0 0.6584929545206673 0.9863752374982213 0.5075403107603694 0.9638404115470992 0.5055064243542344 0.9774646805243762 0.6564590681145323 0.9999995064754983
0 0.9230254361979168 1 0.7784680721715539 0.978419887388838 0.7764342602916888 0.9920436570871818 0.9209916243180517 1.013623769698344
0 0.9414014466145835 0.9748874557291668 0.79025411472211 0.9523235638789692 0.7879296942118428 0.9678940142540878 0.9390770261043162 0.9904579061042854
0 0.9477096940104167 0.9499634518229166 0.7973689917992156 0.9243506867968212 0.7945284752604169 0.9410238281250004 0.944869177471618 0.966636593151096
0 0.9825938010148755 0.8318106132396624 0.834137452839061 0.8096484428044556 0.8321035664062498 0.8232727109375001 0.9805599145820643 0.8454348813727068
0 0.8012819901218293 0.7788779175884611 0.5731353029318965 0.7448192527666847 0.5708108826280217 0.7603897043607524 0.7989575698179546 0.7944483691825287
0 0.9895820078125 0.8049985611979166 0.8434271712516481 0.7831799714147576 0.8411027511426693 0.7987504204906539 0.9872575877035213 0.8205690102738131
0 0.8079796639698259 0.7540120512713058 0.5796382417763173 0.7199243125900449 0.57760435546875 0.7335485807291668 0.8059457776622586 0.7676363194104278
0 0.9958902591145834 0.7800745572916666 0.8507240240283339 0.7551724177386462 0.8481868789062501 0.7699626250000002 0.9933531139924997 0.7948647645530208
0 0.8143838350407538 0.7271123001811065 0.5868212115839658 0.6931408256606416 0.5847873252050149 0.7067650950437177 0.812349948661803 0.7407365695641825
0 1.0018975336819285 0.751126002655147 0.857014237771796 0.7294972344602765 0.8546898174406267 0.7450676856124695 0.9995731133507592 0.7666964538073399
0 0.8212761966145834 0.7022754960937503 0.6703235504980443 0.6797406689286793 0.66799913043887 0.695311117108666 0.8189517765554092 0.7178459442737367
0 1.0020338116457344 0.7252806221973908 0.8633225354427537 0.7045732378613082 0.8612887237970194 0.7181970062889175 1 0.738904390625
0 0.8278749791214407 0.6754053086884414 0.676922333953652 0.6528704831306732 0.6745979138891979 0.6684409323587331 0.8255505590569866 0.6909757579165013
0 1.0020338863673492 0.6974248429868494 0.8701160826649069 0.6777316159438205 0.8680821962975581 0.691355884936138 1.0000000000000002 0.7110491119791669
0 0.8370659389904804 0.6469319644779322 0.6849799470363357 0.6242280142029695 0.6826555241921984 0.6397985272498261 0.8347415161463432 0.6625024775247889
0 1.0020338861477882 0.669569570499832 0.8769095536047923 0.6508904922889837 0.8748756666666669 0.6645147591145835 0.9999999992096628 0.6831938373254319
0 0.8416567330729169 0.6217516354166669 0.6903147130550696 0.5991586822419007 0.6879902929687502 0.6147291315104169 0.8393323129865974 0.6373220846851829
0 1.002324420119057 0.6417571464094384 0.8835084620400065 0.6240198152790072 0.8811840416666669 0.6395902656250002 0.9999999997457175 0.6573275967554314
0 0.8684215846354165 0.5978914127604167 0.7145833159927849 0.5749258086074239 0.7122588956626993 0.5904962589555157 0.8660971643053309 0.6134618631085086
0 1.0023244202205845 0.6158914208197056 0.8850189046251401 0.5983795743130847 0.8826944843008242 0.6139500239799034 0.9999999998962688 0.6314618704865242
0 0.878650604285718 0.5715630603644279 0.7215714908466196 0.5481136501261027 0.7192470558317351 0.5636841991366749 0.8763261692708335 0.587133609375
0 1.0020338492198668 0.587992508778376 0.8929806447428789 0.5717126003368823 0.890946795347808 0.5853366200758853 0.9999999998247958 0.6016165285173791
0 0.883240815711345 0.5463824269880434 0.7303760503564499 0.5235621503858877 0.7280516297076952 0.5391326021929612 0.8809163950625906 0.5619528787951169
0 1.002033871282416 0.5601369761416407 0.9011022279550517 0.5450694898202643 0.8990683566726357 0.5586936582098737 1 0.5737611445312502
0 1.0005811051857496 0.5440026520901301 0.9059577484971788 0.529876892424499 0.9053766432291667 0.5337695065104168 0.9999999999177374 0.5478952661760478
0 0.8888721393229165 0.5273262838541667 0.736007368200699 0.5045060088224932 0.7345546093423033 0.5142375151288897 0.8874193804645208 0.5370577901605632