0 0.86177734375 9.247398872116289e-17 0.6484375 7.941069088221118e-17 0.6484375 0.2597656250000001 0.86177734375 0.2597656250000001
0 0.22282212448842667 0.6771289473540615 0.09075976562500002 0.5212656250000002 0.00136928176157336 0.5970058182709387 0.13343164062500001 0.752869140625
0 0.43673881970855144 0.5731148098905001 0.35613867187500003 0.5190625000000001 0.24259785519215832 0.688368985297636 0.32319800302570967 0.742421295188136
0 0.9903868750000002 0.9739763203125001 0.8654176562500002 0.9739763203125 0.8654176562500002 0.9942172890625001 0.9903868750000002 0.9942172890625002
0 0.8544313281250002 0.9595180625 0.8146056250000002 0.9595180625 0.8146056250000002 0.98265038671875 0.8544313281250002 0.98265038671875
0 0.9903868750000002 0.9334943828125001 0.8654176562500002 0.9334943828125 0.8654176562500002 0.9566267070312501 0.9903868750000002 0.9566267070312502
0 0.8558045312500002 0.919036865234375 0.8146056250000002 0.919036865234375 0.8146056250000002 0.942169189453125 0.8558045312500002 0.942169189453125
0 0.9903868750000001 0.8930131855468751 0.866790859375 0.893013185546875 0.8667908593750001 0.9132534140625002 0.9903868750000002 0.9132534140625003
0 0.854431328125 0.87855566796875 0.813232421875 0.87855566796875 0.813232421875 0.9016879921875 0.854431328125 0.9016879921875
0 0.990386875 0.8438564414062502 0.86541765625 0.84385644140625 0.86541765625 0.8669887656250002 0.990386875 0.8669887656250003
0 0.854431328125 0.81783276171875 0.814605625 0.81783276171875 0.814605625 0.83807373046875 0.854431328125 0.83807373046875
0 0.990386875 0.8004838886718751 0.86541765625 0.800483888671875 0.86541765625 0.8236162128906251 0.990386875 0.8236162128906253
0 0.854431328125 0.777351564453125 0.814605625 0.777351564453125 0.814605625 0.79759179296875 0.854431328125 0.79759179296875
0 0.990386875 0.7628940468750001 0.86541765625 0.762894046875 0.86541765625 0.7831342753906251 0.990386875 0.7831342753906252
0 0.854431328125 0.7397617226562501 0.814605625 0.7397617226562501 0.814605625 0.760001951171875 0.854431328125 0.760001951171875
0 0.990386875 0.6732561054687501 0.8640441015625 0.67325610546875 0.8640441015625 0.6963884296875001 0.990386875 0.6963884296875003
0 0.989013671875 0.6356655234375 0.86541765625 0.6356655234374999 0.86541765625 0.6559064921875001 0.989013671875 0.6559064921875002
0 0.8585509375 0.63277416796875 0.77752703125 0.63277416796875 0.77752703125 0.6559064921875 0.8585509375 0.6559064921875
0 0.989013671875 0.5951843261718751 0.86541765625 0.595184326171875 0.86541765625 0.6154252949218751 0.989013671875 0.6154252949218753
0 0.8593108589901539 0.5952128967881561 0.7775328461781359 0.5921383051960653 0.7766915107316908 0.6145161524183023 0.8584695235437089 0.6175907440103932
0 0.9491883203125 0.5547031289062502 0.86541765625 0.5547031289062501 0.86541765625 0.5749433574218751 0.9491883203125 0.5749433574218752
0 0.8585509375 0.551811033203125 0.7761534765625 0.551811033203125 0.7761534765625 0.574943357421875 0.8585509375 0.574943357421875
0 0.98764046875 0.47663134960937514 0.8640441015625 0.47663134960937514 0.8640441015625 0.49976367382812514 0.98764046875 0.49976367382812514
0 0.854431328125 0.47663134960937514 0.7706603125 0.47663134960937514 0.7706603125 0.49976367382812514 0.854431328125 0.49976367382812514
0 0.989013671875 0.4390415078125001 0.8640441015625 0.4390415078125001 0.8640441015625 0.4621738320312501 0.989013671875 0.4621738320312501
0 0.854431328125 0.4390415078125001 0.7706603125 0.4390415078125001 0.7706603125 0.4621738320312501 0.854431328125 0.4621738320312501
0 0.989013671875 0.3985595703125001 0.8640441015625 0.3985595703125001 0.8640441015625 0.41880053906250014 0.989013671875 0.41880053906250014
0 0.8530577734375 0.3985595703125001 0.7706603125 0.3985595703125001 0.7706603125 0.4216918945312501 0.8530577734375 0.4216918945312501
0 0.8530577734375 0.3580776328125001 0.772033515625 0.3580776328125001 0.772033515625 0.3783186015625001 0.8530577734375 0.3783186015625001
0 0.9897843445784379 0.35814927973593513 0.8640854670776422 0.35394850572994635 0.8632642367402557 0.3785220084777543 0.9889631142410513 0.3827227824837431
0 0.989013671875 0.3204879394531251 0.8640441015625 0.3204879394531251 0.8640441015625 0.3407287597656251 0.989013671875 0.3407287597656251
0 0.8530577734375 0.3175964355468751 0.7706603125 0.3175964355468751 0.7706603125 0.33783740429687514 0.8530577734375 0.33783740429687514
0 0.990386875 0.28000644531250013 0.8640441015625 0.28000644531250013 0.8640441015625 0.3002471914062501 0.990386875 0.3002471914062501
0 0.8530577734375 0.2771148671875001 0.772033515625 0.2771148671875001 0.772033515625 0.3002471914062501 0.8530577734375 0.3002471914062501