0 0.16260750006520097 0.31276905579245234 0.1536617260647315 0.28026607692408 -0.001124410746420455 0.3228677659546723 0.00782136325404901 0.3553707448230447
0 0.32031250000000006 0.36328125000000006 0.2698072728726077 0.17322210581007633 0.2041834147901156 0.190660613552277 0.2546886419175079 0.3807197577422008
0 0.754048765625 0.4542489492187502 0.7415162135416667 0.4542489492187502 0.7415162135416667 0.45784008072916677 0.754048765625 0.45784008072916677
0 0.738382875 0.4542489492187502 0.7242838541666666 0.4542489492187502 0.7242838541666666 0.45784008072916677 0.738382875 0.45784008072916677
0 0.8261107395833333 0.45065827734375014 0.7979126979166667 0.45065827734375014 0.7979126979166667 0.45784008072916677 0.8261107395833333 0.45784008072916677
0 0.791646421875 0.45065827734375014 0.7618815104166666 0.45065827734375014 0.7618815104166666 0.45784008072916677 0.791646421875 0.45784008072916677
0 0.6663209010416666 0.45065827734375014 0.6193237096354166 0.45065827734375014 0.6193237096354166 0.45784008072916677 0.6663209010416666 0.45784008072916677
0 0.8778074166666666 0.4470671458333335 0.8339438854166668 0.4470671458333335 0.8339438854166668 0.45784008072916677 0.8778074166666666 0.45784008072916677
0 0.7039185572916667 0.4470671458333335 0.6741536458333334 0.4470671458333335 0.6741536458333334 0.45784008072916677 0.7039185572916667 0.45784008072916677
0 0.9107056666666667 0.4416811380208335 0.8840740937500001 0.4416811380208335 0.8840740937500001 0.45784008072916677 0.9107056666666667 0.45784008072916677
0 0.9530027291666666 0.4398853424479168 0.9169719427083334 0.4398853424479168 0.9169719427083334 0.45784008072916677 0.9530027291666666 0.45784008072916677
0 0.66475403125 0.4380900065104168 0.6271565755208334 0.4380900065104168 0.6271565755208334 0.4452718098958335 0.66475403125 0.4452718098958335
0 0.7450583049875646 0.4452405493010449 0.7441218062221558 0.4329831956649808 0.7186566415056094 0.43492881100953684 0.7195931402710182 0.44718616464560096
0 0.6208902994791666 0.43090820312500006 0.5989583333333334 0.430908203125 0.5989583333333334 0.4452718098958334 0.6208902994791666 0.4452718098958335
0 0.829244078125 0.42911286718750014 0.8151446562499999 0.42911286718750014 0.8151446562499999 0.4398853424479168 0.829244078125 0.4398853424479168
0 0.81201171875 0.42911286718750014 0.7979126979166667 0.42911286718750014 0.7979126979166667 0.4398853424479168 0.81201171875 0.4398853424479168
0 0.9984335312499999 0.42731753125000016 0.9577025364583335 0.42731753125000016 0.9577025364583335 0.45784008072916677 0.9984335312499999 0.45784008072916677
0 0.6663209010416666 0.4237263997395835 0.6365559895833334 0.4237263997395835 0.6365559895833334 0.4344988750000001 0.6663209010416666 0.4344988750000001
0 0.7634479791666666 0.4165445963541668 0.7493489583333334 0.4165445963541668 0.7493489583333334 0.4452718098958335 0.7634479791666666 0.4452718098958335
0 0.7415162135416667 0.41295392447916685 0.7227173854166667 0.41295392447916685 0.7227173854166667 0.42731753125000016 0.7415162135416667 0.42731753125000016
0 0.9702350885416667 0.40936279296875017 0.9530027291666666 0.40936279296875017 0.9530027291666666 0.4327035390625002 0.9702350885416667 0.4327035390625002
0 0.9404701770833332 0.4057716614583335 0.9310709635416666 0.4057716614583335 0.9310709635416666 0.43090820312500017 0.9404701770833332 0.43090820312500017
0 0.7101848333333334 0.4021809895833335 0.6772865833333334 0.4021809895833335 0.6772865833333334 0.4398853424479168 0.7101848333333334 0.4398853424479168
0 0.8778074166666666 0.39320385026041677 0.866841734375 0.39320385026041677 0.866841734375 0.43629467057291677 0.8778074166666666 0.43629467057291677
0 0.6725871770833334 0.39320385026041677 0.6506550104166667 0.39320385026041677 0.6506550104166667 0.4183399322916668 0.6725871770833334 0.4183399322916668
0 0.8574421197916666 0.3896127187500002 0.8041789739583334 0.3896127187500002 0.8041789739583334 0.43629467057291677 0.8574421197916666 0.43629467057291677
0 0.6490885416666666 0.38781738281250017 0.63498944140625 0.38781738281250017 0.63498944140625 0.4039763255208335 0.6490885416666666 0.4039763255208335
0 0.63185626171875 0.38781738281250017 0.6177571614583334 0.38781738281250017 0.6177571614583334 0.4255217356770835 0.63185626171875 0.4255217356770835
0 0.6099243372395834 0.38781738281250006 0.5989583333333334 0.3878173828125 0.5989583333333334 0.42552173567708346 0.6099243372395834 0.4255217356770835
0 0.8621419270833334 0.3770444479166668 0.85117584375 0.3770444479166668 0.85117584375 0.38422671093750016 0.8621419270833334 0.38422671093750016
0 0.84804290625 0.3770444479166668 0.8339438854166668 0.3770444479166668 0.8339438854166668 0.38422671093750016 0.84804290625 0.38422671093750016
0 0.9984335312499999 0.3752491119791668 0.9749348958333334 0.3752491119791668 0.9749348958333334 0.4183399322916668 0.9984335312499999 0.4183399322916668
0 0.9718019583333334 0.3752491119791668 0.9357707708333333 0.3752491119791668 0.9357707708333333 0.40038565364583345 0.9718019583333334 0.40038565364583345
0 0.9279376249999999 0.3752491119791668 0.8825072239583333 0.3752491119791668 0.8825072239583333 0.43090820312500017 0.9279376249999999 0.43090820312500017
0 0.7979126979166667 0.3752491119791668 0.7681477864583334 0.3752491119791668 0.7681477864583334 0.4398853424479168 0.7979126979166667 0.4398853424479168
0 0.757181703125 0.3752491119791668 0.7477824895833334 0.3752491119791668 0.7477824895833334 0.4057716614583335 0.757181703125 0.4057716614583335
0 0.7399493437500001 0.3752491119791668 0.7258503229166666 0.3752491119791668 0.7258503229166666 0.4039763255208335 0.7399493437500001 0.4039763255208335
0 0.9279376249999999 0.3608855052083335 0.904439390625 0.3608855052083335 0.904439390625 0.3680673085937502 0.9279376249999999 0.3680673085937502
0 0.8997395833333334 0.3608855052083335 0.8809407552083334 0.3608855052083335 0.8809407552083334 0.3680673085937502 0.8997395833333334 0.3680673085937502
0 0.7148842395833334 0.3537037018229168 0.6851197291666667 0.3537037018229168 0.6851197291666667 0.3896127187500002 0.7148842395833334 0.3896127187500002
0 0.7634479791666666 0.33036295572916674 0.7462160208333333 0.33036295572916674 0.7462160208333333 0.36447663671875014 0.7634479791666666 0.36447663671875014
0 0.6772865833333334 0.33036295572916674 0.6459556041666666 0.33036295572916674 0.6459556041666666 0.37165844010416677 0.6772865833333334 0.37165844010416677
0 0.6396889270833334 0.33036295572916674 0.5989583333333334 0.33036295572916674 0.5989583333333334 0.37704444791666675 0.6396889270833334 0.3770444479166668
0 0.7838136770833334 0.32677228385416673 0.7665813177083334 0.32677228385416673 0.7665813177083334 0.36447663671875014 0.7838136770833334 0.36447663671875014
0 0.8746744791666666 0.3249764882812501 0.8558756510416666 0.3249764882812501 0.8558756510416666 0.34113589062500016 0.8746744791666666 0.34113589062500016
0 0.85117584375 0.3249764882812501 0.8229778020833334 0.3249764882812501 0.8229778020833334 0.3680673085937502 0.85117584375 0.3680673085937502
0 0.9984335312499999 0.32138581640625014 0.9906003854166666 0.32138581640625014 0.9906003854166666 0.3680673085937502 0.9984335312499999 0.3680673085937502
0 0.9859009791666665 0.32138581640625014 0.9310709635416666 0.32138581640625014 0.9310709635416666 0.3680673085937502 0.9859009791666665 0.3680673085937502
0 0.8746744791666666 0.28547679947916677 0.8652748645833332 0.28547679947916677 0.8652748645833332 0.3142040130208334 0.8746744791666666 0.3142040130208334
0 0.6537883489583333 0.2818856679687501 0.6381225377604166 0.2818856679687501 0.6381225377604166 0.3142040130208334 0.6537883489583333 0.3142040130208334
0 0.63498944140625 0.2818856679687501 0.5989583333333334 0.2818856679687501 0.5989583333333334 0.3142040130208334 0.63498944140625 0.3142040130208334
0 0.7775469999999999 0.28009033203125006 0.755615234375 0.28009033203125006 0.755615234375 0.3177946848958334 0.7775469999999999 0.3177946848958334
0 0.6741536458333334 0.28009033203125006 0.65848815625 0.28009033203125006 0.65848815625 0.3142040130208334 0.6741536458333334 0.3142040130208334
0 0.9984335312499999 0.2764992005208335 0.9874674479166666 0.2764992005208335 0.9874674479166666 0.3106128815104168 0.9984335312499999 0.3106128815104168
0 0.9843345104166668 0.2764992005208335 0.9514362604166667 0.2764992005208335 0.9514362604166667 0.3106128815104168 0.9843345104166668 0.3106128815104168
0 0.9091391979166668 0.27649920052083343 0.8981731145833334 0.2764992005208334 0.8981731145833334 0.3088175455729168 0.9091391979166668 0.3088175455729168
0 0.8950397760416666 0.2764992005208334 0.8778074166666666 0.2764992005208334 0.8778074166666666 0.30881754557291674 0.8950397760416666 0.30881754557291674
0 0.8182779947916666 0.2729085286458334 0.7838136770833334 0.2729085286458334 0.7838136770833334 0.3142040130208334 0.8182779947916666 0.3142040130208334
0 0.8621419270833334 0.2675220611979167 0.8245442708333334 0.2675220611979167 0.8245442708333334 0.3142040130208334 0.8621419270833334 0.3142040130208334
0 0.9185384114583334 0.2603402578125001 0.9013060520833333 0.2603402578125001 0.9013060520833333 0.2729085286458334 0.9185384114583334 0.2729085286458335
0 0.6772865833333334 0.25854492187500006 0.6537883489583333 0.25854492187500006 0.6537883489583333 0.2747038645833334 0.6772865833333334 0.2747038645833334
0 0.9984335312499999 0.25674958593750014 0.9733684270833333 0.25674958593750014 0.9733684270833333 0.2729085286458335 0.9984335312499999 0.2729085286458335
0 0.9686686197916666 0.23520417578125016 0.9514362604166667 0.23520417578125016 0.9514362604166667 0.2729085286458335 0.9686686197916666 0.2729085286458335
0 0.6099243372395834 0.23520417578125008 0.5989583333333334 0.23520417578125008 0.5989583333333334 0.2693178567708334 0.6099243372395834 0.2693178567708334
0 0.947377541814768 0.30856254434385666 0.9451060715131326 0.23308031563052242 0.9266477453438334 0.2336357780277801 0.9289192156454688 0.30911800674111434
0 0.9279376249999999 0.2764992005208335 0.9138386041666666 0.2764992005208335 0.9138386041666666 0.3106128815104168 0.9279376249999999 0.3106128815104168
0 0.6475220729166666 0.2316130442708334 0.61619061328125 0.2316130442708334 0.61619061328125 0.2729085286458334 0.6475220729166666 0.2729085286458334
0 0.8652748645833332 0.22263590494791674 0.84804290625 0.22263590494791674 0.84804290625 0.2334083802083334 0.8652748645833332 0.2334083802083334
0 0.8468261556800293 0.2621675569852258 0.8448728317027753 0.2218781860169827 0.7991143537951104 0.2240966652315163 0.8010676777723643 0.2643860361997595
0 0.6459556041666666 0.21724943750000006 0.60052490234375 0.21724943750000006 0.60052490234375 0.22443124088541674 0.6459556041666666 0.22443124088541674
0 0.6757201145833333 0.19211335546875008 0.6506550104166667 0.19211335546875008 0.6506550104166667 0.22084056901041674 0.6757201145833333 0.22084056901041674
0 0.9389037083333335 0.18672688802083345 0.8809407552083334 0.1867268880208334 0.8809407552083334 0.22622703645833345 0.9389037083333335 0.2262270364583335
0 0.8057454427083334 0.17415861718750006 0.7979126979166667 0.17415861718750006 0.7979126979166667 0.20647696223958342 0.8057454427083334 0.20647696223958342
0 0.793212890625 0.17415861718750006 0.7650144479166667 0.17415861718750006 0.7650144479166667 0.20288583072916674 0.793212890625 0.20288583072916674
0 0.8637083958333333 0.16877260937500008 0.81044525 0.16877260937500008 0.81044525 0.21545410156250008 0.8637083958333333 0.21545410156250008
0 0.9984335312499999 0.16697681380208348 0.9420370468749999 0.16697681380208348 0.9420370468749999 0.24059064322916682 0.9984335312499999 0.24059064322916682
0 0.9279376249999999 0.16697681380208348 0.9201048802083333 0.16697681380208348 0.9201048802083333 0.17774974869791682 0.9279376249999999 0.17774974869791682
0 0.9169719427083334 0.16697681380208343 0.8997395833333334 0.1669768138020834 0.8997395833333334 0.1777497486979168 0.9169719427083334 0.17774974869791682
0 0.8966066458333334 0.1669768138020834 0.8793742864583334 0.1669768138020834 0.8793742864583334 0.17774974869791674 0.8966066458333334 0.17774974869791674
0 0.23981311274509806 0.7378982843137255 0.21515012254901963 0.6392463235294118 0.00007659313725488781 0.6930147058823531 0.024739583333333332 0.7916666666666669
0 0.9443546854401997 0.7229067464687374 0.928206114792587 0.6957612051712521 0.8131508251857206 0.7642062751087647 0.8292993958333333 0.79135181640625
0 0.9275099453125 0.6901697903645833 0.9120858033990146 0.664612400371908 0.7975890859510978 0.7337123209448247 0.8130132278645833 0.7592697109375001
0 0.8334005058186941 0.7046160554668003 0.82067741796875 0.6863284752604167 0.7935392318113658 0.7052091321145152 0.8062623196613098 0.7234967123208987
0 0.8653263489583334 0.6867147890625002 0.8552073437655744 0.6693197806676715 0.8279431419426576 0.6851798822301715 0.8380621471354166 0.7025748906250002
0 0.9001013910832504 0.6650447871383198 0.8896874414424776 0.6482004164845536 0.8618216948904771 0.6654282777837338 0.8722356445312499 0.6822726484375