0 0.3314294222695929 0.32082676892272083 0.32974099275472 0.2135761341907799 0.1301425665085383 0.22350718315969 0.13183099602341122 0.33075781789163095
0 0.9167638249603349 0.08476920696979216 0.8174431094649118 0.08359602763162886 0.8151944420967712 0.6852622043858868 0.9145151575921944 0.6864353837240501
0 0.17280456097869437 0.9789877478888154 0.11823097187500001 0.8526568055555555 0.1132053810714767 0.8595182389479616 0.16777897017517107 0.9858491812812216
0 0.18947866964362511 0.9950387292515458 0.12394820729166674 0.8448408453703703 0.1189277725164013 0.8517635482743298 0.18445823486835966 1.0019614321555053
0 0.19942531145833334 0.9974685472222223 0.1290027067708333 0.8368742453703704 0.12356118109515615 0.8444157426979993 0.19398378578265615 1.0050100445498515
0 0.20593444645474712 0.9921109601869064 0.13456302916666665 0.8286844592592593 0.1293790519827529 0.8358396277760569 0.2007504692708334 0.9992661287037038
0 0.21070299791666666 0.981257112037037 0.13987017083333336 0.8206058194444446 0.13459539154251696 0.8279561960352475 0.20542821862585026 0.9886074886278402
0 0.21726803262667324 0.9748129965071541 0.14565111197916666 0.8120799185185184 0.14041177206082678 0.8193672970113641 0.21202869270833338 0.9821003749999999
0 0.22188558854166676 0.9662801074074076 0.15086371302083337 0.8042823157407409 0.14628887578201077 0.8106212118862526 0.21731075130284416 0.9726190035529191
0 0.2281086998172683 0.9580833672410332 0.15629743593750003 0.7961476407407408 0.15136907101606506 0.8030549309071152 0.22318033489583336 0.9649906574074076
0 0.23306873281250004 0.9493944972222224 0.16125741093750004 0.7875077907407408 0.15657751477192605 0.7940688339405914 0.22838883664692608 0.955955540422073
0 0.2395925746205879 0.9428540092369521 0.16719641927083337 0.7801042481481482 0.1626616920460788 0.7864795574297145 0.23505784739583332 0.9492293185185186
0 0.21503499479166668 0.8676867481481483 0.1722824557291667 0.7714083953703704 0.16742973939599484 0.7782188030925107 0.21018227845849485 0.8744971558702884
0 0.24696521822916673 0.938463613888889 0.2216327125328397 0.8815388439424 0.21634158687162508 0.8889806763811159 0.24167409256795214 0.9459054463276049
0 0.25072552950856647 0.9268391063823369 0.17807164849172832 0.7636683874155272 0.17368163460816183 0.769846238440598 0.24633551562499995 0.9330169574074076
0 0.2560343119791667 0.917982903703704 0.18330802083333336 0.7553089675925927 0.17819750048958788 0.7625299042107647 0.2509237916354212 0.925203840321876
0 0.21085439459824057 0.801727974635169 0.18763188789605442 0.7491559534803743 0.18406536725614722 0.7541350908822425 0.20728787395833337 0.806707112037037
0 0.7934638649342677 0.7843116464505726 0.7933024484692621 0.7610662073307921 0.7490718170311784 0.7620369143349092 0.7492332334961841 0.7852823534546898
0 0.9940255354166667 0.7851938555555557 0.9919604750367895 0.7480292640645955 0.9669812306000056 0.7524159610405058 0.9690462909798828 0.7895805525314661
0 0.5858691038554301 0.7751295673186986 0.5857517094504904 0.7582236412738859 0.569674272261727 0.7585764832144465 0.5697916666666667 0.7754824092592593
0 0.9815805496698362 0.747423024086341 0.9814998412115472 0.7358002496168805 0.9476024213521538 0.73654417748791 0.9476831298104429 0.7481669519573705
0 0.8001016374999999 0.7450651990740741 0.8000356033740776 0.7355556331881801 0.7844586088541666 0.7358974916666665 0.7845246429800888 0.7454070575525605
0 0.7770363919583294 0.7582527891600881 0.776860299912497 0.7328939259840034 0.7390905938422763 0.733722838142975 0.7392666858881086 0.7590817013190597
0 0.9912104036458333 0.7345303462962963 0.9911740202859831 0.729290802068007 0.9708663550479941 0.7297364831843174 0.9709027384078444 0.7349760274126067
0 0.82285210625 0.7296296296296299 0.8126961614583333 0.7296296296296299 0.8126961614583333 0.730901501851852 0.82285210625 0.730901501851852
0 0.7994565015625 0.7334547851851853 0.799427153001944 0.7292283175465442 0.7790681760398495 0.7296751247382918 0.7790975246004055 0.7339015923769329
0 0.7294465439697212 0.7518997035620721 0.7292998012442283 0.730767362952354 0.6699022395750155 0.7320709275058576 0.6700489823005082 0.7532032681155757
0 0.66434267784463 0.7586123777606837 0.66415924950643 0.7321969664026123 0.6103646554851431 0.7333775660089416 0.610548083823343 0.759792977367013
0 0.6046299471252657 0.7514686350910679 0.6045052158244045 0.7335061598280976 0.5708130416666666 0.7342455833333335 0.5709377729675278 0.7522080585963037