0 0.3773332193577225 0.24949501386027512 0.3667123884242134 0.1569371811892799 0.24280519352097216 0.18892792679887788 0.2534260244544812 0.2814857594698731
0 0.10246240109128961 0.3239244442323764 0.09011729923907341 0.22980094381049415 -0.01221585445951591 0.26000014697560747 0.0001292473927002787 0.3541236473974897
0 0.7038729950504342 0.6729048318786184 0.6995554827218803 0.6131004997576909 0.6922699388817705 0.6142839375543734 0.6965874512103244 0.6740882696753009
0 0.8152397680152085 0.6633407383617216 0.8130778736979168 0.59505626171875 0.8079248348493752 0.5954233397632784 0.8100867291666668 0.66370781640625
0 0.8104938996209592 0.7235161033387818 0.8040329962107552 0.5559459145249921 0.703288560593614 0.5646856859757041 0.709749464003818 0.7322558747894938
0 0.8511545739751373 0.5328413372596283 0.8360411756017881 0.5211865455066248 0.8162651074525386 0.5788871124234413 0.8313785058258877 0.5905419041764448
0 0.8062981687183247 0.47884452775189645 0.7811416244988444 0.47835879287331945 0.7802896527383406 0.5776382537012119 0.805446196957821 0.578123988579789
0 1.0156750408251274 0.3702864329839588 0.9901085413478037 0.3226507104135795 0.8876964107975086 0.44632300857624346 0.9132629102748323 0.49395873114662275
0 0.5598958333333334 0.883692328125 0.5470849466145834 0.883692328125 0.5470849466145834 0.9476153203125 0.5598958333333335 0.9476153203125
0 0.5597319479166668 0.8794487285156248 0.5523774792452169 0.8114042136352072 0.5267694361979166 0.8176317617187501 0.5341239048693665 0.8856762765991677
0 0.9888067929687497 0.9923723242187501 0.9877392134070356 0.9180708180761031 0.7369366147247084 0.9261788823688242 0.7380041942864225 1.0004803885114713