0 0.2888223134561689 0.34822778608413235 0.21899138587526618 0.33016367934893354 0.2173463837890625 0.3491258608768971 0.28717731136996516 0.36718996761209594
0 0.3831290117187501 0.25615037942664426 0.2854488918221908 0.23012728983587902 0.28243457470703126 0.2638658693086004 0.38011469460359054 0.28988895889936567
0 0.7918754008789062 0.2091890033726814 0.7417182202397852 0.1594047860388018 0.6900680864257813 0.31457323187183817 0.7402252670649023 0.3643574492057177
0 0.6377570551757813 0.9785410193929176 0.5602291777442255 0.9680449036935285 0.55969039343756 0.9799117344515976 0.6372182708691158 0.990407850150987
0 0.5602722936812025 0.9663451818713745 0.4848987717062955 0.9561407335533256 0.4842830238147695 0.9697027022764231 0.5596565457896765 0.979907150594472
0 0.4848649215276851 0.9561361527894714 0.43994140625 0.9500541762225968 0.439325658011404 0.9636161435816589 0.4842491732890891 0.9696981201485335
0 0.6836204130859376 0.9045838102866781 0.5730366381789108 0.8896124162620744 0.5695730409693489 0.965898808776406 0.6801568158763758 0.9808702028010097
0 0.5306513183593751 0.8838740784148398 0.44145304864738605 0.871797963936784 0.43806643509014237 0.9463887832848852 0.5272647048021314 0.958464897762941
0 0.6064385585937501 0.8924289822934235 0.500466477543794 0.8780819431327991 0.49700290018045 0.9543679000635205 0.602974981230406 0.9687149392241448
0 0.4714347295396541 0.8440363817208862 0.46007371920123175 0.8237019390473572 0.42945192598017307 0.8747178713120201 0.4408129363185954 0.895052313985549
0 0.7140855793497045 0.8370705780809904 0.6188180472467214 0.8241727692281869 0.6157393060831792 0.8919826035946936 0.7110068381861623 0.9048804124474972
0 0.647344331520398 0.8260136616496686 0.6085405774962106 0.758795406788502 0.5382538748816799 0.8797856099754016 0.5770576289058673 0.9470038648365683
0 0.5867687392162068 0.793220382164511 0.550004969516087 0.725045691837115 0.4605120213048188 0.8689507982693226 0.49727579100493857 0.9371254885967187