0 0.49310067878283376 0.06877472399532897 0.43611219655899847 -0.02054147619389801 0.27608563301053973 0.08156397559202308 0.333074115234375 0.17088017578125006
0 1.0019499740507103 0.4612624579470581 0.9999999999999998 0.4477004023437501 0.9013454968703887 0.46188510462749205 0.9032954709210991 0.4754471602308001
0 0.8843950847066435 0.4653986158813924 0.8708122657783746 0.4108545817480769 0.814811933193971 0.42480005515324615 0.82839475212224 0.4793440892865617
0 1.0139865815937181 0.43177585293375836 0.9996815852702716 0.3772756741889333 0.8816522396304902 0.40825556075666647 0.8959572359539367 0.4627557395014915
0 0.7095780038734267 0.483364498503095 0.6822051683833286 0.40188911548235157 0.5570903083998872 0.4439232655865797 0.5844631438899853 0.5253986486073231
0 0.8608098912159569 0.39196015312430765 0.8456582986459598 0.33781323676664377 0.7899785256593039 0.3533937590093353 0.8051301182293009 0.40754067536699917
0 0.670876141877879 0.390853009372027 0.6480329192647867 0.32706931012525625 0.5688163608423417 0.355439591248118 0.5916595834554341 0.41922329049488877
0 0.8347274627862648 0.31087417408146856 0.8259971267276075 0.2776087973481469 0.7672780623161161 0.293019329730567 0.7760083983747733 0.32628470646388874
0 0.504463291058316 0.35339381811495263 0.4900884767292543 0.31813554879114203 0.473499525890935 0.32489887248195437 0.48787434021999665 0.36015714180576497
0 0.9601880249024901 0.23157017466803845 0.9459250790368449 0.17570995261382735 0.8188697504012606 0.20815134306358996 0.8331326962669059 0.26401156511780105
0 0.6000416875694881 0.5792224526313211 0.5857227774369267 0.5105926989085884 0.48919921289062496 0.530731373046875 0.5035181230231862 0.5993611267696077