0 0.546808774689523 0.15146131011119154 0.3587600226175014 -0.014595834086145065 0.19957063684605966 0.16567563500438137 0.38761938891808134 0.33173277920171795
0 0.4581975124818749 0.12357992731483619 0.39135375634609604 0.12215337876834197 0.3885517408866045 0.2534473599814061 0.45539549702238336 0.2548739085279003
0 0.456435537109375 0.09423644531250006 0.39178986041059116 0.09331354201378621 0.39142738867187493 0.11870323437500004 0.4560730653706588 0.11962613767371388
0 0.32247673339301514 0.9579866110436144 0.2571581702863414 0.9565198971480193 0.2561936502368817 0.9994737846836167 0.3215122133435554 1.0009404985792119
0 0.26266857655576936 0.9344906097321837 0.20241940471507291 0.913018943936851 0.17761982694697087 0.9826061868070282 0.23786899878766732 1.0040778526023608
0 0.3803005538360716 0.8257955386397955 0.26503361166827527 0.7574378046514882 0.21272976475160688 0.8456341819440438 0.3279967069194032 0.913991915932351
0 0.3886440216567907 0.642330140331025 0.28388784250632343 0.6409087470048483 0.28175874077140783 0.7978227824550735 0.3865149199218751 0.7992441757812502
0 0.3886718750000001 0.5093052578125 0.33342161718750013 0.5093052578125 0.33342161718750013 0.64497067578125 0.3886718750000001 0.64497067578125
0 0.9947736445312501 0.8851685859375001 0.9541900881165987 0.884302469930124 0.9522251894531251 0.9763716328125002 0.9928087458677765 0.9772377488198764
0 0.9418602605590306 0.8765994784420301 0.6695044401381409 0.8727112399804028 0.6680545760568265 0.9742685197774588 0.9404103964777162 0.9781567582390861
0 0.9951904121093751 0.8656400605468753 0.9545317648481373 0.8650596051577448 0.9543644693780697 0.8767780035622679 0.9950231166393075 0.8773584589513983
0 0.9428455074888697 0.865023692723278 0.6730304031716278 0.8540473153594191 0.6724593901810287 0.8680836339477592 0.9422744944982707 0.879060011311618
0 0.9992746894531254 0.6742632128906251 0.9682396312226317 0.673600876705003 0.9644424121093751 0.8515270097656253 0.9954774703398688 0.8521893459512474
0 0.9385493520260251 0.673396276503115 0.671147827231844 0.6695787593036018 0.6685826779908473 0.8492570115599728 0.9359842027850284 0.853074528759486
0 0.722796400390625 0.5 0.535308349609375 0.5 0.535308349609375 0.54697410546875 0.722796400390625 0.54697410546875