0 0.3974638296126188 0.4116191630264237 0.3974471858025795 0.36127678499104715 0.20121173590594107 0.3613416628470111 0.2012283797159804 0.41168404088238764
0 0.6460148342177144 0.41068818786321154 0.5837902662563269 0.40450860161407465 0.5827924334645735 0.41455615364447573 0.6450170014259611 0.4207357398936126
0 0.5739242560645503 0.4035287975565572 0.5116996842647633 0.39734921079797814 0.5107018514649228 0.4073967627012928 0.5729264232647098 0.4135763494598719
0 0.503980392578125 0.3965825996093751 0.4687500000000001 0.39308383398437513 0.4677521676191233 0.40313138511334107 0.5029825601972482 0.406630150738341
0 0.6437159595508599 0.3713199954764755 0.5190514489322857 0.3523951311300909 0.5137527277075101 0.3872996079231886 0.6384172383260843 0.4062244722695732
0 0.5115674414062501 0.346604140625 0.46874999999999994 0.342351896484375 0.4645924632587424 0.3842156935585852 0.5074099046649925 0.38846793769921023
0 0.6839159761891482 0.28555275410411707 0.5980815659276613 0.27252254260858827 0.5878287081253526 0.34006158472298775 0.6736631183868396 0.35309179621851655
0 0.5963510854588697 0.25637474082244116 0.4819049557514814 0.239001078371014 0.4710462260865895 0.3105311651998618 0.5854923557939778 0.3279048276512889
0 0.476512853515625 0.23320284179687506 0.46875 0.23243190429687505 0.4649997948997051 0.27019410012615885 0.4727626484153301 0.27096503762615887
0 0.7162508247845774 0.2661630661727867 0.604127359975268 0.23615340538489954 0.5978923085291888 0.25944908927616367 0.7100157733384982 0.2894587500640508
0 0.6221268560113026 0.07280915974463664 0.5097242845122187 0.05574573399851274 0.4856419860429605 0.21438400018418696 0.5980445575420443 0.23144742593031084
0 0.503304462825871 0.05671743584858038 0.49104236668068524 0.05485597142623508 0.47022415464495204 0.19199257983446855 0.4824862507901379 0.19385404425681385
0 0.3133880878906251 0.7500549921874999 0.25170911711307786 0.721451971820073 0.2461661972656251 0.7334046113281251 0.30784516804317236 0.762007631695552
0 0.0348523769531251 0.762031328125 8.326672684688674e-17 0.759010349609375 -0.0014384526206483034 0.7756054669545497 0.03341392433247671 0.7786264454701747
0 0.6995494880349236 0.9029031920114381 0.6967807924324158 0.8833683246735656 0.639248916015625 0.8915223730468748 0.6420176116181326 0.9110572403847472
0 0.7015858847884364 0.6934138010134205 0.696889466796875 0.6614157929687501 0.5876420859146886 0.6774502712522046 0.5923385039062501 0.709448279296875