0 0.38546240792658537 0.5562052439555103 0.3742511686074438 0.21387466774886654 0.32651551593419953 0.21881556410061725 0.33772675525334106 0.561146140307261
0 0.6560397836628448 0.584842511341765 0.5658814793465127 0.5803657857493617 0.5646873654753346 0.6563714484816708 0.6548456697916667 0.6608481740740741
0 0.5178753875119376 0.5397531624048472 0.5073615625 0.539644238888889 0.5070834817588957 0.6244772635210789 0.5175973067708334 0.624586187037037
0 0.44932949232641906 0.8418554951254462 0.3632923568592853 0.8347881870459458 0.36246116836506437 0.8667687709001536 0.44849830383219813 0.8738360789796539
0 0.4313159739167153 0.8349793443580731 0.4311030146983308 0.8149358687420342 0.3912938752972582 0.8162726524611517 0.3915068345156427 0.8363161280771906
0 0.4191638502031475 0.8103241265063789 0.4188177931250599 0.7777536384487831 0.370228859375 0.7793852462962962 0.37057491645308765 0.811955734353892
0 0.4271809102934378 0.7482411636564593 0.37347194864542455 0.744473517212716 0.3728559054637605 0.7722286120793836 0.42656486711177377 0.775996258523127
0 0.4883029432291667 0.7165215453703705 0.4881166036066508 0.6989835033773706 0.4759691255355141 0.699391414150987 0.4761554651580299 0.7169294561439868
0 0.4690159689829636 0.7209287707801522 0.46876307937133926 0.6971270633954816 0.43205489270299896 0.6983597161646019 0.4323077823146233 0.7221614235492724
0 0.4281455838541666 0.7223011907407406 0.42789269433287946 0.6984994822651853 0.3754920156004791 0.7002590847291529 0.3757449051217662 0.7240607932047082
0 0.48636078697916674 0.6927766268518518 0.48621449030730574 0.6790073567827432 0.46768334010416673 0.6796296296296296 0.4678296367760277 0.6933988996987382
0 0.46100458385416665 0.6796296296296296 0.3777160411458333 0.6796296296296296 0.3777160411458333 0.6941520481481481 0.46100458385416665 0.6941520481481481
0 0.9438827748929038 0.8887022564163228 0.9350009713183133 0.8606312566485422 0.921865213092076 0.8737669613433304 0.9307470166666666 0.9018379611111111
0 0.9589549231866081 0.8730710673961048 0.9500484687500002 0.8441621527777777 0.9376250877508921 0.8562588779742656 0.9465315421875001 0.8851677925925927
0 0.9344550927365535 0.8581338104963818 0.9258760171874998 0.8309727527777779 0.9204382499717794 0.836401121911026 0.929017325520833 0.8635621796296299
0 0.9426749322171146 0.8505515415824174 0.9337680062500002 0.8226372296296296 0.9280557693453858 0.828397754713879 0.9369626953125002 0.8563120666666667
0 0.9644730114466642 0.8289450289957148 0.9555944807291666 0.8006531814814817 0.9502153770950021 0.8059883071153967 0.9590939078124998 0.8342801546296298
0 0.9772172739134782 0.81533241790528 0.9681772470802056 0.7877455489008274 0.9582379398333938 0.7980394115511033 0.9672779666666664 0.8256262805555559
0 0.9733606858373082 0.8584235944468808 0.9647450723958332 0.8303944055555555 0.9518234636418581 0.8429473962938601 0.9604390770833331 0.8709765851851852
0 0.9891902819593542 0.8413559648079165 0.9799190546875001 0.8138191361111113 0.9672835435614793 0.8272644537106024 0.9765547708333334 0.8548012824074076
0 0.9526773673810669 0.9176334249214169 0.9438056279036143 0.8902610978680336 0.9309862235433809 0.9033927646132835 0.9398579630208334 0.9307650916666667
0 0.9687953980503058 0.902414976899145 0.9595043182291665 0.873855464814815 0.9465838618455273 0.8871400564341888 0.9558749416666666 0.9156995685185186
0 0.9830534967316292 0.8875938466943567 0.9740356114583333 0.859840724074074 0.9607513496225376 0.8734829496019395 0.9697692348958334 0.9012360722222222
0 0.9985189657609193 0.8714064415923658 0.9890300010416666 0.8427462666666667 0.976522175384914 0.855834371370597 0.9860111401041666 0.8844945462962961
0 0.9627178365599018 0.9478902083081295 0.9534011166666664 0.9185438203703707 0.9397457358359311 0.9322452898400191 0.9490624557291666 0.961591677777778
0 0.9778372966752243 0.9308967912620664 0.9687943375000001 0.9033018314814817 0.9557770715539425 0.9167838689231191 0.9648200307291667 0.9443788287037038
0 0.9922130311335184 0.9161760986482309 0.9829537500000001 0.8879773027777781 0.9697598074081484 0.9016695976480661 0.9790190885416666 0.9298683935185189
0 1.0080268069242388 0.9013478371599165 0.9985983276041667 0.8716020407407408 0.9857332529715943 0.8844899748771209 0.9951617322916666 0.9142357712962966
0 1.0014224024575218 0.946903660646239 0.9924365499999998 0.9182132962962963 0.9793502053549777 0.9311670763907983 0.9883360578124998 0.9598574407407409
0 0.9870746962504323 0.9617130676666917 0.9777526411458333 0.9322524564814815 0.9648281329162344 0.9451777045555307 0.9741501880208332 0.9746383157407409
0 0.9716066437920152 0.9766376198231874 0.9622601859374998 0.9486042731481484 0.9491322020413177 0.9624375505471832 0.9584786598958331 0.9904708972222221