0 0.4281549805831925 0.3683832702899558 8.326672684688674e-17 0.343104171875 -0.022519071038142366 0.43845619219649146 0.4056359095450501 0.4637352906114473
0 1.0814652760198884 0.32755183200883187 0.9396713748043073 0.11322854358086587 0.8129501307978263 0.1341878845913152 0.9547440320134073 0.34851117301928114
0 0.7649177317184526 0.005067211891037676 0.7226238828125001 0.00043185546875004754 0.7165204922973416 0.014353971307619055 0.758814341203294 0.018989327729906684
0 0.40625000000000017 0.619140625 0.2533826328125001 0.619140625 0.2533826328125002 0.76346375390625 0.4062500000000002 0.76346375390625
0 1.0032665147578306 0.8284382228286422 0.6589490100847429 0.8103436112422545 0.6556824953269125 0.8258830192729872 1.0000000000000002 0.8439776308593749
0 1.0028582265828172 0.8028864109378779 0.6642570700890273 0.785092203113256 0.6613988435062103 0.7986893078003781 1 0.816483515625
0 1.0028582265196266 0.7753917917905372 0.6699735234375002 0.75789799609375 0.6671152969178737 0.7714951007875878 1.0000000000000002 0.788988896484375
0 1.0028582266706678 0.7498614343847145 0.7957122187500002 0.73897547265625 0.7928539920793325 0.7525725773340355 1 0.7634585390625
0 1.00326651446455 0.7223887755381253 0.8014285662537848 0.7117817636638626 0.7981620516396344 0.7273211685249141 0.9999999998503996 0.7379281803991768
0 1.0032665129290257 0.692930385379272 0.80755330301903 0.682645256349168 0.8042867900900046 0.698184675657396 1.0000000000000002 0.7084698046875
0 1.0032665143176518 0.6674000411475132 0.8128613659218573 0.6573938475897377 0.8095948515625002 0.6729332519531251 0.9999999999582948 0.6829394455109006
0 1.0032665149251463 0.6399054240245767 0.8457720256975421 0.6316287536907985 0.8425055106970963 0.6471681581494351 0.9999999999247005 0.6554448284832133
0 1 0.619140625 0.8504254023437503 0.619140625 0.8504254023437503 0.627950712890625 1 0.627950712890625