0 0.835197575589952 0.2552492270776003 0.5705092060650755 0.15922841953449388 0.5269418332788333 0.2793250648589565 0.7916302028037098 0.37534587240206285
0 0.20307904947916675 0.7248632356770836 0.013985454543845107 0.6948608696635872 0.009887107226257574 0.7206912067519203 0.19898070216157918 0.7506935727654166
0 0.19685988561585896 0.7717442732009413 0.0039408234937331294 0.7406677948920382 -0.00034667381168903183 0.7672840655901315 0.1925723883104368 0.7983605438990345
0 0.18905811729181465 0.8031687948642533 1.1102230246251565e-16 0.7862177864583332 -0.0025090081936424515 0.8142012759358165 0.18654910909817204 0.8311522843417366
0 0.11628472135416677 0.77513024609375 0.08598316666666674 0.768195875 0.04426043800959234 0.950514289607714 0.07456199269709236 0.9574486607014641
0 0.1722417122395834 0.9101956940104166 1.1102230246251565e-16 0.8824630364583332 -0.004768523428067366 0.9120793340873071 0.16747318881151593 0.9398119916393904
0 0.09734757117898978 0.8656006547639145 0.07235252408944548 0.8598343944480935 0.040152703316368256 0.9994111725359165 0.06514775040591254 1.0051774328517376
0 0.09029045703125009 0.908273828125 0.06483574181935174 0.9043350387067135 0.05009863786436414 0.999574652807622 0.07555335307626249 1.0035134422259084
0 0.8068088984375 0.8160566523437502 0.8031050617680296 0.6834705153189634 0.7077581848958333 0.6861340611979169 0.7114620215653037 0.8187201982227036
0 1.0076640369584096 0.773000922455012 1 0.6656595677083335 0.8361450177290902 0.6773586061908218 0.8438090546874998 0.7846999609375002
0 0.8010900924479166 1.0000000000000002 0.791399112664581 0.9138929106946266 0.7420037234104426 0.9194521477157993 0.7516947031937783 1.0055592370211728