0 0.18585263238279026 0.4653166643457945 0.1384068947486743 0.14006226230180568 -0.022065736409530728 0.16347083819667935 0.02538000122458524 0.48872524024066816
0 0.66693146484375 0.4497855527343749 0.6666148419202091 0.43857220693747634 0.5278574040849248 0.4424901977339967 0.5281740270084656 0.4537035435308953
0 0.5098311796875 0.45422147656249995 0.5094617907999583 0.44113940026912374 0.416882405907636 0.4437534957099203 0.41725179479517766 0.4568355720032965
0 0.6704756427638028 0.42537116451448687 0.6701062538331773 0.41228908713482004 0.531320318359375 0.41620788281250004 0.5316897072900004 0.42928996019216686
0 0.5110118359375001 0.42800312695312503 0.5106952264866408 0.4167902602535438 0.41580569921719407 0.419469585882395 0.4161223086680534 0.43068245258197624
0 0.6716842128906251 0.399152025390625 0.6713148375156042 0.38607042737286945 0.5325015859375 0.38998999414062496 0.5328709613125209 0.4030715921583805
0 0.5121894579106822 0.4036555619051837 0.5118200825853215 0.3905739619344661 0.41467622457479986 0.39331694018175556 0.4150455999001605 0.4063985401524732
0 0.6012454941406251 0.374956416015625 0.6008761052237255 0.3618743393127448 0.5336822440870761 0.363771642634786 0.5340516330039757 0.3768537193376662
0 0.513454453125 0.3774353085937501 0.5130322983064162 0.36248450000026555 0.4134660605074936 0.3652958775115401 0.4138882153260776 0.3802466861050246
0 0.5978865234375 0.3507364687500001 0.5974643674193643 0.3357856559724041 0.532552751953125 0.33761852148437504 0.5329749079712608 0.352569334261971
0 0.514635111328125 0.35121695703125005 0.5142657222796531 0.33813487832269185 0.4124172382245891 0.34101069916520094 0.4127866272730611 0.35409277787375915
0 0.4082031250000001 0.8201404121093749 0.3446866308593751 0.8201404121093749 0.3446866308593751 0.9549271757812501 0.4082031250000001 0.9549271757812501
0 0.859512816139011 0.6927961676917178 0.8008890105007197 0.6896222759003766 0.7932140054665011 0.8313845138652703 0.8518378111047924 0.8345584056566115
0 0.7945477274915612 0.5612926923688818 0.7227777769041569 0.557017125216901 0.7136390619041953 0.7104201944859103 0.7854090124915997 0.7146957616378911