0 0.18428266195532705 0.46140714388074827 0.0453747893872948 0.35203416612033217 0.0000210241195696866 0.40963518581726216 0.13892889668760192 0.5190081635776782
0 0.026688910156250023 0.09736067708333333 1.194104147841423e-17 0.09736067708333333 2.4468041448921974e-17 0.30194211197916665 0.026688910156250037 0.30194211197916665
0 1.0013381833999602 0.25107448421992545 0.9787257068436536 0.24715837871541416 0.9773875234375002 0.2548853515625001 0.9999999999938068 0.25880145706701135
0 1.0016727934912006 0.23720453861821653 0.9557471554505382 0.22925098013896492 0.9540743619593375 0.2389100665207485 1 0.24686362500000011
0 1.0016727931738691 0.22327664405417544 0.9587589296442185 0.21584467437818966 0.9570861358783218 0.2255037616070967 0.9999999994079726 0.23293573128308245
0 1.001338183028511 0.21128086307406013 0.9612686235793043 0.2043414802868038 0.9599304401041665 0.21206845312500008 0.9999999995533733 0.2190078359122564
0 0.88843916796875 0.19172862890625011 0.8616946219000532 0.1870969166257693 0.8580145950520833 0.20834621744791681 0.8847591411207801 0.21297792972839766
0 0.7798631389404919 0.16695589353982798 0.7253952189316553 0.15752295599394794 0.722384328125 0.17490852213541674 0.7768522481338366 0.18434145968129678
0 0.8405580625 0.16552941406250007 0.7853364727813102 0.1559659539499338 0.7796492157079679 0.18880546737208578 0.8348708054266575 0.19836892748465207
0 0.7824565468750001 0.15546719791666677 0.7541469804639238 0.15056445035355026 0.7524742720400465 0.1602230447646437 0.7807838384511228 0.16512579232776017
0 0.8155109505208332 0.14726377734375004 0.7892694134724682 0.14271917887550636 0.7875967057291667 0.1523777708333334 0.8138382427775318 0.15692236930157707
0 0.7057643177083334 0.12825748307291673 0.6494796029185825 0.11850990479791679 0.6478068946874183 0.12816849927763652 0.7040916094771691 0.13791607755263646
0 0.6433587213541666 0.11744987109375005 0.63681968955607 0.11631741993298839 0.6361505553959087 0.12018115348909615 0.6426895871940052 0.12131360464985781
0 0.7086923567708334 0.1148366757812501 0.6268360164469315 0.1006605178930746 0.6251633085840492 0.110319111227505 0.7070196489079511 0.1244952691156805
0 0.6833939302656966 0.0965280237895616 0.6574036040196599 0.09202693024438298 0.6557308958333333 0.10168552343750008 0.68172122207937 0.10618661698267869
0 0.31720921950112907 0.5522470287911286 0.2278273769715561 0.5260975413324033 0.15888185149490353 0.7617609787515782 0.24826369402447646 0.7879104662103035
0 0.9044492252604167 0.6392322513020833 0.8014848780764875 0.6235207877524597 0.7996942461110947 0.6352556112322082 0.902658593295024 0.6509670747818318
0 0.8959785013020833 0.6639041614583334 0.7957772250226464 0.6471460618842145 0.7937093806687158 0.659510270754955 0.8939106569481527 0.6762683703290739
0 0.7617220170633714 0.6949976296980673 0.6906694184774871 0.6797468655474194 0.6645734170349883 0.8013269186434305 0.7356260156208726 0.8165776827940784