0 0.3658118488201703 0.06460210069171178 0.28370990582052036 0.041103443947473395 0.21783714023744302 0.1433935848312293 0.29993908323709295 0.16689224157546767
0 0.278287201171875 0.3697916666666667 0.11640631400442453 0.32423945900410184 0.09850796690031732 0.35250885661004877 0.2603888540677678 0.3980610642726137
0 0.20529065856964965 0.24724071182704743 5.551115123125783e-17 0.19178459375 -0.06992126502617935 0.3068239601534169 0.13536939354347025 0.3622800782304643
0 0.712671781164111 0.3522037299424782 0.5584897369041497 0.16189859753430752 0.43771072384349885 0.20538888285018628 0.59189276810346 0.39569401525835696
0 1.0947778292366206 0.30036734467124787 0.795496069823482 -0.07430103925778288 0.5137498110361108 0.025724025459982147 0.8130315704492495 0.40039240938901294
0 0.47148808145274224 0.7640563006393588 0.049007312216109905 0.6990313849606012 0.02000971513836791 0.7827663108837424 0.4424904843750002 0.8477912265625002
0 0.558833588910666 0.5770498111515795 0.430819984375 0.55734696484375 0.411048895464334 0.6144389609838372 0.5390625 0.6341418072916667
0 0.7771255642572609 0.6215548886588742 0.700902814453125 0.5683720611979165 0.6884755958989891 0.5762880397265422 0.764698345703125 0.6294708671874999
0 0.751902001740537 0.6868945535065641 0.67567796875 0.6337108307291669 0.663249144743838 0.641627831910103 0.739473177734375 0.6948115546875001
0 0.7828857752188823 0.6061246357299912 0.7066617421875 0.5529409114583334 0.6942329181404927 0.560857912447092 0.7704569511718748 0.6140416367187499
0 0.7889911189452375 0.5886486080184572 0.7127660859374999 0.5354641875 0.7003376623047625 0.5433809336482096 0.7765626953125001 0.5965653541666668
0 0.8023520154966881 0.5562150979998777 0.726127982421875 0.5030313736979167 0.7136991563783119 0.5109483759584558 0.789923189453125 0.5641321002604168
0 0.7576606063607609 0.6714653227807559 0.681436576171875 0.6182815989583333 0.6690077510611141 0.6261986003963277 0.74523178125 0.6793823242187501
0 0.7710208200857741 0.6390318704449083 0.6947970683593752 0.5858483424479167 0.682370252179851 0.5937640644509251 0.75859400390625 0.6469475924479167
0 0.7652624977914183 0.6544612981653101 0.6890384628906251 0.6012775755208334 0.6766096369742068 0.6091945781367736 0.752833671875 0.6623783007812502
0 0.7962472722190839 0.5736920787801646 0.7200222363281251 0.5205076562500002 0.7075938117652913 0.528424402990669 0.7838188476562501 0.5816088255208334