0 0.09479219433398062 0.21516928965528212 0.04331846393909295 -0.009906711180412605 -0.03657133713731484 0.008363677784380413 0.014902393257572824 0.23343967862007514
0 0.26800239876720294 0.3957477042547407 0.1607590263390607 -0.024711145349073753 0.0638763984375 3.469446951953614e-18 0.17111977086564226 0.42045884960381447
0 0.7004773691406249 0.0936361250000001 0.646337036506626 0.07539174593513959 0.634770419142182 0.10971577030094072 0.6889107517761809 0.12796014936580125
0 0.6095368847656251 0.06548779492187504 0.5373070464004114 0.039388292674609526 0.5259175072516039 0.070908609191712 0.5981473456168176 0.09700811143897752
0 0.7080880859375002 0.24575791210937514 0.680697489867042 0.23637692601027363 0.6592246641069278 0.2990732663174992 0.6866152601773859 0.30845425241660074
0 0.529610603515625 0.04246625195312506 0.4798866645169771 0.023811826347167497 0.46974144531250006 0.05085421679687506 0.5194653843111479 0.06950864240283262
0 0.29069629709590894 0.9835729155729964 0.27655030693748156 0.9213742664091716 0.2272787860244372 0.9325802083274738 0.2414247761828646 0.9947788574912986
0 0.40702020816903217 0.9646959628620988 0.3882973464820041 0.8496015226007578 0.29952409810492026 0.8640426133006933 0.3182469597919484 0.9791370535620344
0 0.11583222849197786 0.9999331725771172 0.0854255085757995 0.8632170343822575 -0.006518484530738278 0.8836660851181759 0.023888235385440076 1.0203822233130357
0 0.15826272782360157 0.8430415836550684 0.09120230031402479 0.5498754898877711 -0.055538913501325365 0.5834418836179498 0.01152151400825141 0.8766079773852471
0 0.399756774351422 0.8691680027006574 0.36784691210937503 0.39927133984375 0.12622965761855742 0.41567914589035615 0.15813951986060437 0.8855758087472635
0 0.3123363467798872 0.43665502793838795 0.3029749462619434 0.37910798379189314 0.12678278857370673 0.4077698443740194 0.13614418909165055 0.4653168885205142
0 0.7438123133796594 0.7428540655369749 0.7359726781185407 0.6682649237877476 0.6551677729420063 0.6767578621570227 0.663007408203125 0.75134700390625
0 0.6452368027343749 0.7217926367187499 0.6393570757100024 0.66585077965377 0.6103508339843751 0.6688994589843749 0.6162305610087475 0.7248413160493548
0 0.6420697194697279 0.7514521796118536 0.6340124529038043 0.6747924116225414 0.5614958788592006 0.6824142109424451 0.5695531454251243 0.7590739789317573
0 0.6846039447234114 0.7176549810163444 0.6787242147262336 0.6617131258350335 0.6476454028153221 0.6649796428655642 0.6535251328124999 0.720921498046875