0 0.42242041066959474 0.3125790383414172 0.41055476371430294 0.034097642867968826 0.19859734965917156 0.04312880935023603 0.2104629966144634 0.3216102048236844
0 0.8931798832601128 0.2959722234631452 0.6743926218749999 0.1949340031250001 0.6168433298309706 0.319550726963036 0.8356305912160833 0.4205889473011811
0 0.18797383501572312 0.9889924862862773 1.2212453270876723e-16 0.9774720156249999 -0.0002012754384774773 0.9807561276354818 0.18777255957724553 0.9922765982967594
0 0.2854219808801534 0.8680599299268209 0.005671447326655876 0.8509146779095784 -0.0016746271463418116 0.9707769144796867 0.27807590640715574 0.9879221664969291
0 0.0471682640625001 0.850567090625 1.0416442649939829e-16 0.850567090625 1.0818165797406672e-16 0.9161734593749999 0.047168264062500104 0.9161734593749999
0 0.36352988569590056 0.7245166294593459 0.08345992390732875 0.7073518078998258 0.07470502890237682 0.8502011291699265 0.35477499069094864 0.8673659507294467
0 0.1614848437500001 0.7121337687500001 0.00478888595479845 0.7025302447141323 -0.00406666107385365 0.847021831164325 0.152629296721348 0.8566253552001927
0 0.5035939031250001 0.5913625250000001 0.22134750948346826 0.5740643135906256 0.21269321275997136 0.7152722097079666 0.4949396064015031 0.732570421117341
0 0.28389825000000013 0.5796875 0.01990595937500008 0.5796875 0.019905959375000084 0.689746146875 0.28389825000000013 0.689746146875
0 0.9160402545453769 0.922026260031255 0.8537334461194094 0.9168385578652041 0.8468093746695855 0.9999999999724898 0.909116183095553 1.0051877021385407
0 0.9914672527118453 0.8826649385210559 0.9229297621414151 0.8769584671576443 0.9126960500825355 0.9998703156658323 0.9812335406529658 1.0055767870292438
0 1.00085092418067 0.7786423520933876 0.891624736723139 0.7686010558200875 0.8826101543298226 0.8666589598540396 0.9918363417873536 0.8767002561273397
0 0.984002638359885 0.5955572497464228 0.9279265107308357 0.5908883181172971 0.9136074411209506 0.7628672714958744 0.9696835687500001 0.7675362031250001