0 0.8903945896429286 0.3533030180073271 0.8729054296875002 0.13045368554687503 0.7853878517633216 0.13217077496142293 0.80287701171875 0.355020107421875
0 0.6289062500000002 0.924037072265625 2.307737571739369e-16 0.924037072265625 2.400765328043133e-16 1 0.6289062500000002 1
0 0.6558550491720659 0.900376728712145 0.6284979611432183 0.7702340882719118 -0.026948799172065968 0.8046792068347299 0.0004082888567816523 0.9348218472749632
0 0.64781614112111 0.7554715719511034 0.6204591609682921 0.6253294307925406 -0.027356980152817845 0.6593735404820622 0 0.789515681640625
0 0.6176009375 0.6117323281250001 0.6053055239269883 0.5532408037160775 0.10804457470823838 0.5793729189504525 0.12033998828125003 0.6378644433593751
0 0.9636891601562503 0.997562166015625 0.9167878203125002 0.997562166015625 0.9167878203125002 1 0.9636891601562503 1
0 1.0008165761968062 0.9896923352283927 0.9999999994681033 0.9858077318446713 0.8873237357712971 0.9917291095069035 0.8881403125 0.995613712890625
0 0.8764855117187501 0.9962261972656251 0.8756689351682891 0.9923415936672547 0.7435834992691986 0.99928296277232 0.7444000758196596 1.0031675663706903
0 1.0008166808144718 0.9798730387229646 0.9999999999417201 0.9759879391758772 0.8775118855334982 0.9824249492810375 0.8783285664062499 0.9863100488281249
0 0.8666737666905894 0.9869225331471262 0.8658570859375 0.9830374335937501 0.7337726434656606 0.989978750055999 0.73458932421875 0.9938638496093751
0 0.7268201184855574 0.994272138603659 0.7260034371534484 0.990387037413891 0.6280895686678909 0.9955326195133567 0.62890625 0.9994177207031247
0 1.0006022591478125 0.9700650160184253 0.9997855781250001 0.9661799160156251 0.8677011353834376 0.9731212339815747 0.8685178164062501 0.9770063339843749
0 0.8568630166905895 0.9776188183033762 0.8560463359375 0.9737337187499998 0.7239618934656605 0.9806750352122487 0.72477857421875 0.9845601347656251
0 0.7170083749999999 0.9849684746093751 0.7161916941427251 0.9810833748561926 0.6280895691427251 0.9857133279811926 0.62890625 0.9895984277343751
0 0.9907914062500001 0.960760802734375 0.9899748294779371 0.9568761991476504 0.8578893906250001 0.9638175703125001 0.8587059673970631 0.9677021738992247
0 0.84705216015625 0.9683146054687497 0.8462355838390779 0.9644300029529954 0.7141501463390778 0.9713713720936205 0.7149667226562498 0.9752559746093747
0 0.707196525478938 0.9756643143458431 0.7063799489378018 0.971779711554103 0.6280896734588637 0.975894031973885 0.62890625 0.9797786347656251
0 0.9809796601562499 0.9514571406250001 0.9801630836565326 0.947572537023963 0.8480786402189224 0.9545138535369654 0.8488952167186398 0.9583984571380024
0 0.8372404161909401 0.959010941294396 0.8364238391332058 0.955126336463563 0.6280896733728227 0.9660747409674044 0.6289062504305569 0.9699593457982374
0 0.9711689101562501 0.94215342578125 0.9703523336114406 0.9382688221825827 0.83826689453125 0.94521019140625 0.8390834710760595 0.9490947950049173
0 0.8274286718750001 0.949707279296875 0.8266120953752828 0.9458226756958379 0.6945276519376724 0.9527639922088401 0.6953442284373897 0.9566485958098773
0 0.6875750256744336 0.9570568846480695 0.68675844921875 0.95317228125 0.6280896735443163 0.9562554493363056 0.62890625 0.9601400527343751
0 0.9613571653553736 0.9328497616508068 0.9605404839689223 0.92896466017759 0.8284560412697987 0.9359059786049083 0.82927272265625 0.9397910800781251
0 0.8176179218749999 0.9404035644531252 0.8168012407558192 0.9365184632682482 0.6280895688808192 0.9464356605338732 0.62890625 0.9503207617187502
0 0.9515464151731876 0.9235460468166312 0.9507297343750002 0.9196609472656251 0.8186442957643126 0.926602316464619 0.8194609765625 0.9304874160156251
0 0.8078071700845171 0.9310998475450618 0.8069904893228882 0.9272147482828681 0.67102044921875 0.9343602617187499 0.6718371299803789 0.9382453609809437
0 0.6718371301632743 0.9382453623786338 0.6710204491013283 0.9343602611601532 0.628089568938054 0.9366163694846443 0.62890625 0.9405014707031248
0 0.9417345647963223 0.9142418865980735 0.9409179882812501 0.9103572832031249 0.8049489430161776 0.9175027442613015 0.8057655195312499 0.92138734765625
0 0.7979953203125001 0.9217956875000002 0.7971787433554083 0.9179110827775253 0.6280896730429082 0.9267970730119003 0.62890625 0.9306816777343752
0 1.0008166812412762 0.9013177047150467 1 0.8974326035156249 0.934991733970751 0.9008489258112887 0.9358084152120271 0.9047340270107105
0 0.9319238124999999 0.9049381699218753 0.9311071310930682 0.9010530686830274 0.7951370937499999 0.908198583984375 0.7959537751569316 0.9120836852232229
0 1.0008166805815697 0.8914984137477173 0.9999999999443218 0.8876133141882535 0.925180983425252 0.8915452109874115 0.9259976640625 0.8954303105468753
0 0.9182274659783259 0.8958386522841258 0.9174107851135697 0.8919535525313362 0.7853253476562501 0.8988949218749999 0.7861420285210063 0.9027800216277895
0 0.7744882237682812 0.9033924530665604 0.7736715429663493 0.8995073535042044 0.6280895691980682 0.9071579941876441 0.6289062500000001 0.91104309375
0 0.7646763730564944 0.8940882928656034 0.7638597966417499 0.8902036902966357 0.6280896735852554 0.8973386982122822 0.62890625 0.9012233007812499
0 0.7548656234074005 0.8847845780034127 0.754049046875 0.8808999746093752 0.6280896734675994 0.8875194063715874 0.6289062499999999 0.891404009765625
0 1.0008165760564856 0.8620400422745559 0.9999999997758161 0.8581554403397668 0.8918621424693307 0.8638383140808359 0.89267871875 0.867722916015625
0 0.89267871875 0.8677229160156251 0.8918621425545212 0.8638383143517245 0.7558921015625002 0.870983828125 0.7567086777579789 0.8748684297889006
0 0.74505387890625 0.8754809140625 0.7442373023832727 0.8715963112688301 0.6280896734770228 0.8777001159563301 0.62890625 0.88158471875
0 1.0008166808207353 0.8522207457535492 0.9999999999416501 0.8483356462067945 0.8859358894334147 0.8543299570938704 0.8867525703124999 0.8582150566406251
0 0.8789823726105149 0.8586233983577907 0.87816569140625 0.8547382968749999 0.7460802523894849 0.8616796660953342 0.7468969335937499 0.865564767578125
0 0.7352431262263601 0.8661771991543022 0.7344264453125 0.862292099609375 0.6280895690861401 0.8678803281894477 0.62890625 0.8717654277343749
0 1.0008166810651806 0.8424014566868869 1 0.83851635546875 0.7362695025285694 0.8523759495631131 0.7370861835937499 0.85626105078125
0 0.7254313828124999 0.85687353515625 0.7246147020192919 0.8529884353997006 0.6280895692067919 0.8580610350090756 0.62890625 0.861946134765625
0 0.9992144140624999 0.83266586328125 0.9983978375523659 0.8287812603611058 0.7264587509824264 0.8430722364817781 0.7272753274925604 0.8469568394019223
0 0.71562052734375 0.84756932421875 0.7148039509979354 0.8436847206096251 0.6280896736541854 0.8482417381877501 0.6289062500000001 0.852126341796875
0 0.9894026690691763 0.8233622011140452 0.9885859881763281 0.819477101063368 0.8526169402009018 0.8266225620586978 0.8534336210937499 0.830507662109375
0 0.8534336210937501 0.8305076621093752 0.8526169401729222 0.8266225623595324 0.71664690234375 0.8337680761718751 0.7174635832645777 0.837653175921718
0 0.70580878125 0.83826566015625 0.7049921005219038 0.8343805608772304 0.6280895692719036 0.8384219515022305 0.62890625 0.8423070507812501
0 0.97959191796875 0.8140584863281249 0.97877523695423 0.8101733855310754 0.8428051953125 0.8173188984374999 0.84362187632702 0.8212039992345495
0 0.8436218762577505 0.8212039986881118 0.8428051953125 0.8173188984374998 0.7068351561456174 0.8244644116128079 0.707651837090868 0.8283495118634199
0 0.6959980312499999 0.8289619453125 0.69518135028772 0.825076844352085 0.6280895690377201 0.82860265880521 0.62890625 0.8324877597656251
0 0.8338110218087763 0.8118997860853812 0.8329944451766134 0.8080151829473131 0.6931398046875001 0.815364841796875 0.693956381319663 0.819249444934943
0 0.9697810625000001 0.8047542734375 0.9689644860595731 0.8008696703353995 0.8329944453125 0.8080151835937499 0.8338110217529269 0.8118997866958504
0 0.6861861835937499 0.81965778515625 0.6853696071628765 0.8157731820559417 0.6280896735691266 0.8187833636965668 0.62890625 0.822667966796875
0 0.9599693164062498 0.7954506093749999 0.9591527403719005 0.7915660082046844 0.8231827030823196 0.7987115212813363 0.8239992791166689 0.8025961224516518
0 0.8239992792827115 0.8025961234584287 0.8231827031249999 0.7987115214843751 0.6872136561859281 0.8058569821170738 0.6880302323436397 0.8097415840911274
0 0.6724898359375 0.8105582656250001 0.671673259208274 0.8066736620360241 0.6280896732707741 0.8089640721922741 0.62890625 0.8128486757812501
0 0.9462729707458473 0.786351089738864 0.9454563941251725 0.7824664863494655 0.6774019116605751 0.7965533184856014 0.6782184882812499 0.800437921875
0 0.6626790859375 0.80125455078125 0.6618625093852899 0.7973699471829716 0.62808967344779 0.7991447811673467 0.62890625 0.803029384765625
0 0.9364622199882002 0.77704737493493 0.9356455390625 0.773162275390625 0.8074456979805498 0.77989944928382 0.80826237890625 0.7837845488281251
0 0.8009004693487604 0.7861351997489756 0.7996755 0.7803077890624999 0.6637054587903332 0.7874532925198962 0.6649304281390935 0.7932807032063719
0 0.9266504737218393 0.767743712834626 0.9258337929687499 0.7638586132812498 0.7937493504969106 0.7707999297434988 0.79456603125 0.7746850292968749
0 0.7867958335752963 0.775093369059482 0.7859791523428126 0.7712082695267908 0.7199369305057254 0.7746789298452739 0.7207536117382091 0.778564029377965
0 0.91683962109375 0.7584394999999999 0.9160230445489403 0.7545548964013324 0.78393760546875 0.7614962656249998 0.7847541820135596 0.7653808692236673
0 0.9070278750000001 0.7491358359375 0.9062111942707992 0.7452507363828685 0.8401689716145491 0.7487213945859935 0.84098565234375 0.752606494140625