0 0.8928107109375 0.46271808723958346 0.854400734375 0.46271808723958346 0.854400734375 0.4791666666666668 0.8928107109375 0.4791666666666668
0 0.9703535533854167 0.44478401822916686 0.893051296875 0.44478401822916686 0.893051296875 0.4791666666666668 0.9703535533854167 0.4791666666666668
0 0.9870203207758426 0.43428013908397306 0.9769262096315657 0.3770807695945617 0.8824169435984061 0.39375904846404014 0.892511054742683 0.45095841795345154
0 0.976443776635512 0.37187258796194406 0.9667668316100264 0.3139928844186578 0.8712720603222527 0.3299587169195447 0.8809490053477381 0.38783842046283096
0 0.9899247695312501 0.3115904023437502 0.9706165752147476 0.3087588306141305 0.9627304194757929 0.36253370971224713 0.9820386137922953 0.3653652814418668
0 0.7210605496216339 0.27537843394058675 0.5082513160281228 0.24671616979272937 0.48174722861360686 0.4435015493664567 0.6945564622071179 0.4721638135143141
0 0.7903642759003616 0.2736723729437031 0.7285788437255502 0.2646114575034039 0.6980948527777713 0.47247859493906325 0.7598802849525828 0.48153951037936243
0 0.9655787770599699 0.30996338192329304 0.9571262287544248 0.25191689459858546 0.8613676583041671 0.2658609587393321 0.8698202066097122 0.32390744606403965
0 0.9988948919270834 0.25042405989583355 0.9620376182970282 0.24545993741471697 0.9542864313330061 0.30301041486111974 0.9911437049630614 0.3079745373422363
0 1.0031696142167374 0.24024712175086652 0.9997924762593143 0.21499864096329824 0.8588707923733102 0.2338477737756671 0.8622479303307334 0.2590962545632354
0 0.822665932812131 0.1859402318899693 0.8185519740625536 0.15788756565537396 0.49682722312217553 0.20506890460612526 0.5009411818717527 0.23312157084072058
0 1.0028933568979188 0.15502469712444378 0.998993723266311 0.13064266422783544 0.8436844258140992 0.15548265038544093 0.847584059445707 0.17986468328204927
0 1.0041420730049366 0.09798571109400285 0.9998143904561066 0.0698008053992919 0.5032070965430688 0.14605292214461948 0.5075347790918988 0.17423782783933042
0 0.5000000000000001 0.5106201028645834 0.4552533880208333 0.5106201028645834 0.45525338802083337 0.7826017825520833 0.5000000000000001 0.7826017825520833
0 0.7964676533439211 0.6772879589682717 0.7378083678512842 0.6545678434369941 0.698155335704373 0.7569448991413227 0.75681462119701 0.7796650146726002
0 1.0287930215787322 0.7554329234013243 0.826950357339966 0.6613515017984538 0.761365172210054 0.802058224503952 0.9632078364488202 0.8961396461068225