0 0.2446413143297419 0.3032443319212031 0.2438841911784748 0.25300879379904995 0.20093822142549253 0.2533728768049775 0.20169534457675964 0.30360841492713064
0 0.25235334036486723 0.2248614326778785 0.20830104558797916 0.18722041762394268 0.10342521237935808 0.25626111368334925 0.14747750715624613 0.2939021287372851
0 0.16984606793026122 0.23310850302818603 0.15861074048191845 0.17315086579565994 -0.009781057707548979 0.19090030702241925 0.0014542697407937677 0.25085794425494534
0 0.9859243191287682 0.3069297896136701 0.8569156339381996 0.21130972114245264 0.7025969505208335 0.32842429296875 0.8316056357114022 0.42404436143996743
0 0.5128446852758176 0.19173343415883665 0.4641910836496516 0.1438705547343238 0.42632057634253523 0.16552463899348457 0.4749741779687013 0.2133875184179974
0 0.6725848256250556 0.03694587210572742 0.6312969390795543 -0.010279048236397192 0.57565695703125 0.017083776367187553 0.6169448435767513 0.06430869670931216
0 0.9644140934722983 0.051367514218424004 0.8940508219565277 -0.009026144434987449 0.8402254128953487 0.026248654701609364 0.9105886844111192 0.08664231335502082
0 0.9145801526165424 0.5622182604523144 0.8840081615908931 0.5415152652229093 0.8279948209745814 0.5880422108078666 0.8585668120002307 0.6087452060372717
0 0.17040684714798848 0.6483881215127977 1.0639637319324417e-16 0.6473206279296875 -0.0005843213007281599 0.6997888095530629 0.1698225258472602 0.7008563031361731
0 0.5722752187500001 0.7783763447265625 0.5613832577414232 0.7776957424878583 0.5523533346354168 0.8589824033203125 0.5632452956439937 0.8596630055590166
0 0.5988405026041668 0.7800669169921876 0.5887251768169874 0.7792132092561493 0.5767624310120755 0.8589436306111127 0.5868777567992548 0.8597973383471509
0 0.6221679140625003 0.7810029726562501 0.6135106467602409 0.7803895916967171 0.6037520855623241 0.8578641043920296 0.6124093528645834 0.8584774853515627
0 0.7295941666666668 0.7287878603515625 0.6542417608372102 0.7234490246541426 0.6364989235976268 0.8643117746541427 0.7118513294270833 0.8696506103515625
0 0.7615395820312502 0.8027308681640625 0.7525580657697936 0.8018882126518656 0.7417610931135435 0.8666209724174905 0.750742609375 0.8674636279296873
0 0.7904964609375004 0.766729453125 0.7800320633870457 0.7662132480609328 0.770943982657879 0.8698435283343703 0.7814083802083337 0.8703597333984374
0 0.8204059153645836 0.7696993076171876 0.8106777590164925 0.7691375983502324 0.8003018840164926 0.8702178258892949 0.8100300403645836 0.8707795351562501
0 0.8538472785359228 0.7715066485715647 0.8428002066295548 0.7706961410422766 0.8295424489269657 0.872340371376962 0.8405895208333337 0.8731508789062501