0 0.20269649448724544 0.28452080463852747 0.16313238094940705 0.27225266487268507 0.13712392393744016 0.3194328715515843 0.17668803747527853 0.3317010113174267
0 0.22412580041155905 0.25763804503962157 0.19929153985435977 0.21258786867435298 0.06937250368498489 0.2528734889301608 0.0942067642421842 0.2979236652954294
0 0.15953368435260945 0.1849787318647753 0.005401953494616178 0.1640257020353209 -0.0089025067187318 0.22321445977872295 0.14522922413926145 0.24416748960817733
0 0.6649199006963998 0.17100647025204496 0.5964488085937499 0.13911929687500002 0.5654764379340526 0.1765293398000456 0.6339475300367025 0.20841651317709056
0 0.7432836701104281 0.21068181465546265 0.6608216380208334 0.16976092480468757 0.629806246785304 0.20491767752004936 0.7122682788748986 0.24583856737082443
0 0.30710094555452766 0.9381069419803696 0.005910674022308493 0.8606355996089136 -0.025613596829279512 0.9295749895360605 0.2755766747029396 1.0070463319075165
0 0.5817976025590823 0.6524167741005907 0.032013201822916705 0.5110027275390625 -0.033990803083862854 0.6553447141096157 0.5157935976523027 0.7967587606711439
0 0.604081370860616 0.479974944543364 0.07994621356945815 0.34515832778558697 0.014927342708842254 0.48734595843753553 0.5390625 0.6221625751953126
0 0.8454500347152348 0.9070717304499691 0.7314765901129509 0.9003277035896248 0.7211789539183765 0.9982190843064849 0.8351523985206605 1.0049631111668291
0 0.9502970374481867 0.8997121455660049 0.8558737974317392 0.8903012188687225 0.8364366393229168 1 0.9308598793393643 1.0094109266972824
0 0.9696569921875002 0.8947415009765627 0.9569460535744567 0.893474633606862 0.9380711805526781 0.9999999999564549 0.9507821191657216 1.0012668673261556
0 1.005911506402916 0.7272386994573373 0.9998455126412003 0.6911077749966544 0.5335419882289073 0.7351444084542724 0.5396079819906231 0.7712753329149553