0 0.4328273969492775 0.244726316958978 0.41834077552416193 -0.007215636248127219 0.2928510953125 0 0.30733771673761556 0.2519419532071052
0 1.0539687185425757 0.2507342433577518 0.744039684375 0.15189508593750012 0.6892223455587899 0.3237853095935718 0.9991513797263657 0.4226244670138235
0 0.17923647178301455 0.9826998375656097 0.16245025020449463 0.8967533768959252 0.026102719189963076 0.9233834422815187 0.042888940768483 1.0093299029512033
0 0.30512919281680156 0.8842559169315694 0.29312702431561743 0.7647554165256873 0.000833544736669145 0.7941122441689906 0.012835713237853309 0.9136127445748727
0 0.4330747774612549 0.7382738814667779 0.42142563749999995 0.6222883249999999 -0.01164913996125494 0.665784677908222 0 0.7817702343749999
0 0.4918230615423219 0.6010171808023539 0.4847629624984 0.5307227662801575 -0.007060099001017184 0.5801195718424874 4.290469091117188e-11 0.6504139863646838
0 0.9168315438944493 0.9621670142310685 0.9047104483504871 0.8573616152448513 0.8643493282377076 0.8620295140161034 0.8764704237816698 0.9668349130023206
0 1 0.8232571375 0.9886355609375 0.8232571375 0.9886355609375 0.923460909375 1 0.923460909375
0 1.0004336181354698 0.9524726244338597 0.9857704663426332 0.8256873108545033 0.922345854295324 0.8330225824849148 0.9370090060881608 0.9598078960642711
0 0.9043136640541661 0.8539308220356515 0.8930639491464106 0.7566598949250574 0.7618902259678404 0.7718305839786321 0.7731399408755959 0.8691015110892263
0 0.7244887053675452 0.9915455707051002 0.7008743890625 0.7873637703125 0.6590718972775862 0.7921983699753982 0.6826862135826315 0.9963801703679984
0 0.6800738188892598 0.9990528104508499 0.6563391515774246 0.7938304437915031 0.6303927171463556 0.796831237511868 0.6541273844581907 1.0020536041712147
0 0.7694027954683198 0.8754094416888074 0.759906184316619 0.7740069446261335 0.7071712742790307 0.7789457079628723 0.7166678854307315 0.8803482050255462
0 0.9866769511469269 0.82089566409976 0.972909254857875 0.7018529232370871 0.908043266281398 0.7093548945772821 0.9218109625704496 0.828397635439955
0 1.0051188954429808 0.8161567244481489 0.9911287890625001 0.6951909203125001 0.973831166794539 0.6971914491180358 0.9878212731750196 0.8181572532536846
0 0.9907892167793744 0.6922547970863888 0.9762311937500001 0.566378484375 0.9661408222831257 0.5675454701011111 0.9806988453125 0.6934217828125
0 0.9780474041754736 0.6957552037392326 0.9632370320990145 0.5676969555609357 0.8926047994909487 0.5758658135642092 0.9074151715674079 0.7039240617425061
0 0.7201840193824829 0.5976818290457995 0.7145872872883263 0.5649109737605752 0.6340305304058436 0.5786687650272757 0.6396272625000001 0.6114396203125