0 0.34138414513377113 0.055448857021239736 0.24108920247659094 0.003347132392290883 0.1571746930730009 0.36679867223134005 0.25746963573018106 0.4189003968602889
0 0.6301243958333332 0.4340306171875 0.5226453795776359 0.40870144757778415 0.5139940024358893 0.49129963051286074 0.6214730186915868 0.5166288001225766
0 0.7462048024141371 0.44402543616506196 0.6244885687418901 0.4153410312512823 0.6145062395519673 0.5106463342838401 0.7362224732242143 0.5393307391976198
0 0.7191729166666668 0.2792321933593751 0.5675367774725325 0.2434966818740213 0.5506777109375 0.4044569765625001 0.7023138501316343 0.44019248804785394
0 0.4489717122395834 0.21555490429687513 0.43706057830494144 0.20848553845063872 0.4177763660653581 0.28159222009126367 0.42968750000000006 0.2886615859375001
0 0.5835303554687501 0.2450957910156251 0.44198393588616325 0.2117380839580138 0.4304487847122938 0.3218688110690431 0.5719952042948807 0.3552265181266544
0 0.7892459012380683 0.29211591930272224 0.7296899847923158 0.256768944361121 0.6875626560741205 0.41647416001478493 0.7471185725198728 0.45182113495638615
0 0.8382959214832063 0.11487023583445655 0.7370511401395778 0.0547805869022116 0.6842127891695551 0.25509156587360293 0.7854575705131835 0.3151812148058478
0 0.709314875 0.08159283203125012 0.6100556899823316 0.022681605918260295 0.556678285151206 0.2250359892135818 0.6559374701688743 0.28394721532657163
0 0.5823187486979166 0.049494101562500115 0.49298537946630244 -0.003526059222465905 0.44030400470631087 0.19618967956675168 0.529637373937925 0.2492098403517177
0 0.8616471979166667 0.026345279296875135 0.7453214229388733 -0.0010687717845467848 0.7384446844606959 0.06458622183313678 0.8547704594384893 0.0920002729145587
0 0.730837578125 1.2370857794629535e-16 0.6071630664062501 1.123492583278594e-16 0.6071630664062501 0.05911841796875012 0.730837578125 0.059118417968750135
0 0.6022624895833334 1.0346381338478423e-16 0.5104352682291666 9.502961993183605e-17 0.5104352682291666 0.0362107207031251 0.6022624895833334 0.03621072070312511
0 0.15889744320939417 0.6101238574741087 0.031972837178045756 0.6052341893771274 0.030997441770910933 0.6622020181683219 0.15792204780225935 0.6670916862653032
0 0.1878920336322356 0.6797385337988597 0.030202353963869943 0.6755875744303574 0.029402643564210074 0.7439425371023918 0.18709232323257574 0.7480934964708941
0 0.9022483774174387 0.8210799872326051 0.578911758919047 0.6812888337720788 0.5425659679099948 0.8704412297488244 0.8659025864083864 1.0102323832093507