0 0.6117815978728541 0.20761975377910735 0.5889350065457302 0.1416467800298877 0.434786617657251 0.16537208614661372 0.457633208984375 0.23134505989583332
0 0.8843866488904657 0.2038130255379099 0.8230463646143047 -0.005297762081785673 0.7755416075047734 0.0008955637703207397 0.8368818917809344 0.21000635139001633
0 0.8998392675781252 0.13118938932291666 0.894692665227868 0.11051698253648566 0.8657272578125002 0.11372197265625002 0.8708738601627574 0.13439437944268104
0 0.8792559716774992 0.06667540426488784 0.8698659893975836 0.02100940405879707 0.8337770025318308 0.02430750520519027 0.8431669848117465 0.06997350541128104
0 0.9470897182395924 0.14728377846390472 0.915593347417338 0.03747361265649107 0.8809419960937498 0.041890899739583355 0.9124383669160042 0.151701065546997
0 0.9891257116582525 0.14024601768746622 0.9487881355650968 0.011868098583394457 0.9143858699351688 0.016672330814498537 0.9547234460283245 0.14505024991857032
0 0.6071212682176726 0.9449865194702484 0.5679161553801574 0.8361979249950148 0.48832141406250007 0.8489464869791665 0.5275265269000153 0.9577350814544001
0 0.771612121681879 0.924545851000968 0.7276256833545005 0.7923650818065 0.6009648027343751 0.8110982187500002 0.6449512410617535 0.9432789879444682
0 0.5657875884412704 0.830386046695906 0.5350914603173027 0.7285038457741599 0.2699075335657708 0.7640137875100811 0.3006036616897385 0.8658959884318271
0 0.2238780306150239 0.9995447230275909 0.14586911362295987 0.7830815426734207 0.0634319474870488 0.7962853977681309 0.14144086447911283 1.0127485781223011
0 0.1306689525821658 0.9995446876525009 0.05748409562792714 0.7964675634945543 0.0063160836374076545 0.804663078493403 0.07950094059164631 1.0077402026513498
0 0.2976482627476286 0.8675156657038042 0.2634365891211079 0.7647084018516915 0.15863450662845513 0.7802086236897816 0.19284618025497585 0.8830158875418944
0 0.7274325260023984 0.7865800574827975 0.6821526877412927 0.6609352133646226 0.5542328438203878 0.6814239697080421 0.5995126820814937 0.8070688138262169
0 0.7634922170585519 0.7812817034735587 0.7213385823288093 0.6546085867303145 0.6876167307795131 0.659596047190807 0.7297703655092558 0.7862691639340511
0 0.71776318359375 0.6512847434895834 0.6702409728916832 0.5194176545954262 0.6503421195758967 0.5226048284146019 0.6978643302779637 0.6544719173087591
0 0.6920600325144746 0.6550513540750342 0.6433776965569784 0.5199650839964333 0.50408645703125 0.5422751822916667 0.5527687929887461 0.6773614523702677
0 0.15472586328125001 0.5823884427083333 0.1431183236469727 0.5475073830161606 -0.011607539634277325 0.5703913283286607 0 0.6052723880208334