0 0.8942455700761124 0.39715396845988993 0.8766685082522059 0.05393784468606405 0.6019536044467286 0.06019069887412718 0.6195306662706351 0.403406822647953
0 1.0027793588659113 0.2787406523435209 0.9882842910446219 -0.004295303505120879 0.6219976773249077 0.004041837959591094 0.6364927451461972 0.28707779380823284
0 0.1648434751435427 0.714732635757708 0.15784584706778582 0.5832070934343779 0.1364202129052602 0.5837137246230452 0.14341784098101706 0.7152392669463752
0 0.3185616950388129 0.6918263778760938 0.3112618773005008 0.5546210818463714 0.237461797496063 0.5563661623036109 0.24476161523437506 0.6935714583333333
0 0.24034108007935623 0.7000944637536418 0.2325323515625 0.5533236770833333 0.17301643241081494 0.5547309921238806 0.1808251609276712 0.7015017787941891
0 0.13351098870295716 0.5674212180091841 0.11885773167352678 0.5257206090541219 -0.014049470020197241 0.5464772831574685 0.0006037870092331366 0.5881778921125307
0 0.47125150988391556 0.512918566170551 0.46212030266187903 0.4838951820832241 0.27570859666457426 0.5099609673051325 0.2848398038866108 0.5389843513924594
0 0.7190746974164245 0.66399154220841 0.711787979737139 0.6636423657500435 0.6991116631800897 0.7812126438541337 0.7063983808593751 0.7815618203125001
0 0.7365932133486983 0.6674530716200598 0.7297840390625 0.6670722851562499 0.7152921929013017 0.7822462044216069 0.7221013671875001 0.7826269908854165
0 0.7516984337343753 0.672253382208444 0.7458939622812385 0.6719575260032754 0.7330342765937383 0.7840895943156646 0.7388387480468751 0.7843854505208334
0 0.8278847329887145 0.5957313822075633 0.7773629106534247 0.5931562651819431 0.7528500038365853 0.8069004624014634 0.8033718261718751 0.8094755794270836
0 0.8416352363281251 0.7163091341145834 0.8355706318365042 0.7159490402172719 0.8230900458990041 0.8093688930818552 0.8291546503906251 0.8097289869791667
0 0.8636997427238899 0.6662350734207935 0.8567204063297088 0.665934039077307 0.842121536652694 0.8163641583648468 0.8491008730468751 0.8166651927083333
0 0.8832213730148044 0.6724578265971594 0.8767207811764388 0.672157557269106 0.8614064569897595 0.8195099676511136 0.8679070488281251 0.819810236979167
0 0.9041969881607173 0.6771387936724403 0.8967970030166715 0.6767770502758412 0.8804268761840797 0.8256102305617342 0.8878268613281253 0.8259719739583332