0 1.0221879504762914 0.1941647923565685 0.9996036263217712 -0.0034686310036208257 0.8485858546375192 0.021381990521748228 0.8711701787920395 0.21901541388193752
0 0.5701706395110575 0.9190305110214722 0.5690104166666666 0.9136673406250002 0.5284822784576925 0.9262925608535282 0.5296425013020833 0.93165573125
0 0.5231728958333334 0.933671125 0.5220126732328448 0.9283079550006175 0.4853493620349283 0.9397292128131174 0.48650958463541666 0.9450923828125
0 0.5701704905629129 0.9047194262106414 0.5690104166178064 0.8993569435241413 0.5214806565236434 0.9141632891884998 0.5226407304687499 0.9195257718749998
0 0.5162129264964846 0.9215281436233393 0.5150528516682545 0.9161656572777869 0.47834719079676985 0.9276001089669474 0.47950726562499996 0.9329625953124999
0 0.5701704908971651 0.8904090245377502 0.5690104166666665 0.8850465406249999 0.514479026029918 0.90203401608725 0.5156391002604166 0.9073965000000003
0 0.5070965600835543 0.9100576505420017 0.5059364856770833 0.904695165625 0.46927317694062626 0.916116422777832 0.47043325134709724 0.9214789076948338
0 0.570170490820606 0.8760986245888956 0.5690104166666666 0.8707361406249999 0.5074768438148106 0.8899049160361041 0.50863691796875 0.8952673999999998
0 0.5000949281400694 0.89792838036725 0.49893485400735016 0.8925658961385541 0.46222919308924215 0.9040003455006127 0.46338926722196133 0.9093628297293087
0 0.57017063898616 0.8617881752088177 0.5690104157237693 0.8564250034539249 0.500474509810526 0.8777751329326072 0.5016347330729166 0.8831383046875001
0 0.49309330815586394 0.8857991044950179 0.49193308582110057 0.8804359353994393 0.45522687046884774 0.8918705579088165 0.4563870928036111 0.8972337270043951
0 0.5658879000281322 0.8488119261414495 0.5647276770833333 0.8434487546875001 0.49347287991978434 0.8656458613585505 0.49463310286458334 0.8710090328124999
0 0.4860911236572604 0.8736700067393366 0.4849309002967608 0.8683068340566468 0.4482675937500001 0.8797280921875001 0.4494278171104997 0.8850912648701901
0 0.5588861190481141 0.836681969175167 0.5577260442708333 0.8313194828125001 0.484398875871515 0.8541621698846835 0.485558950648796 0.8595246562473505
0 0.47908879177652874 0.8615402208729291 0.4779287173961399 0.8561777372606605 0.4412230558408345 0.8676121905768224 0.44238313022122333 0.872974674189091
0 0.5701706390612873 0.8188562458098507 0.5690104166666666 0.8134930734375001 0.5549526304699626 0.8178723151276494 0.5561128528645832 0.8232354875000002
0 0.5518839470279723 0.8245528675397686 0.5507237239583335 0.8191896953125 0.4773547434300984 0.8420454059785831 0.47851496649973724 0.8474085782058518
0 0.4720871705322604 0.8494109473643368 0.4709269478051144 0.8440477776093461 0.4342212754514823 0.855482233426436 0.4353814981786283 0.8608454031814267
0 0.5701706391993163 0.8045458423668249 0.5690104166666666 0.7991826734374998 0.5479504480402669 0.805743220133175 0.5491106705729166 0.8111063890625001
0 0.5448823165153674 0.8124235949439971 0.5437220932689059 0.8070604227761258 0.47031020774312177 0.8299295028321291 0.47147043098958336 0.8352926750000002
0 0.4650855406014453 0.8372816781289394 0.4639253177083334 0.8319185062499999 0.42721909374780226 0.8433531310095292 0.4283793166409143 0.8487163028884688
0 0.5701704904869341 0.7902347559489 0.5690104166666666 0.7848722734375 0.5409488259193159 0.7936139456136002 0.5421088997395834 0.7989764281250002
0 0.5378799828434766 0.8002938116119062 0.5367199088541666 0.7949313281250001 0.4633085861669401 0.8178002274505941 0.46446866015625 0.8231627109375002
0 0.45808320721897094 0.8251518927295016 0.4569231328125 0.8197894078125001 0.42021747054876607 0.8312238588243435 0.42137754495523705 0.8365863437413449
0 0.5701704905198763 0.7759243559268928 0.5690104164562719 0.7705618724649433 0.5339466433843122 0.7814848462255508 0.5351067174479166 0.7868473296875003
0 0.5308359991532086 0.7881777331730592 0.5296759247242872 0.7828152484206963 0.45634875451857315 0.8056579360556035 0.4575088289474946 0.8110204208079665
0 0.45103867128815134 0.8130359873733394 0.4498785967765981 0.8076735024916365 0.4131729359051135 0.8191079541807973 0.4143330104166667 0.8244704390625002
0 0.5701704906744598 0.7616139558236222 0.5690104158125636 0.7562514694893787 0.5269450123776872 0.7693555746032565 0.5281050872395833 0.7747180609375001
0 0.5238761678872638 0.7760354412497062 0.52271609375 0.7706729578124999 0.44930477091481963 0.7935418603127937 0.45046484505208334 0.7989043437500001
0 0.4440370405012369 0.8009067156772408 0.44287696619681527 0.795544232296186 0.40617130460182826 0.806978685368945 0.4073313789062499 0.81234116875
0 0.5701706398013978 0.7473035093779159 0.5690104166666666 0.7419403375000002 0.44230244014570924 0.7814120758384129 0.44346266328044043 0.7867752477163286
0 0.43703541989538097 0.7887774419696483 0.43587519705878863 0.7834142712343223 0.3625056638821576 0.8062701558271739 0.36366588671874994 0.8116333265624999
0 0.5701706388304258 0.7329931081253571 0.5690104162853463 0.7276299388623334 0.5129410495903372 0.7450965213619766 0.5141012721354167 0.7504596906250003
0 0.5098723633927461 0.7517770691959529 0.5087121406249999 0.7464138984375002 0.43530080848225383 0.7692828026790475 0.43646103124999996 0.7746459734375002
0 0.4299908723958333 0.7766615421875 0.4288306494939616 0.77129837063762 0.3555458427313541 0.7941278592973005 0.35670606563322577 0.7994910308471805
0 0.5701704912056882 0.7186820228820467 0.5690104166666666 0.7133195375 0.4282986352771485 0.7571537013909916 0.42945870981616996 0.7625161867730383
0 0.42091671990104224 0.7651771647105706 0.41975664583333333 0.75981468125 0.3485018595260411 0.7820117837269293 0.3496619335937499 0.7873742671874999
0 0.4139151000968915 0.7530478895931103 0.41275487760416674 0.7476847203125001 0.34150007959060863 0.76988182759439 0.3426603020833334 0.775244996875
0 0.40898528776041676 0.7402732109375 0.4078250653545535 0.7349100418263795 0.3324260767187098 0.7583981354558003 0.33358629912457305 0.7637613045669207
0 0.5701704914477658 0.675750088232418 0.5690104163148128 0.6703876030610434 0.5626158839598965 0.6723796120527731 0.5637759590928496 0.6777420972241477
0 0.5573481522754702 0.6797444693702699 0.5561880778611826 0.6743819847179952 0.40522122005208344 0.7214107843750001 0.40638129446637095 0.7267732690272749
0 0.39991113663863226 0.7287888334367466 0.39875106215546435 0.7234263484073721 0.32542389192708326 0.7462690359375 0.32658396641025117 0.7516315209668745
0 0.5701704909426114 0.6614396886827967 0.5690104166666666 0.656077203125 0.5555713489011386 0.6602637050672033 0.5567314231770832 0.6656261906250001
0 0.5503459679495487 0.6676153723192803 0.5491858932291667 0.6622528859375001 0.3982190373006847 0.7092816822498728 0.39937911202106685 0.714644168631653
0 0.3929089545045203 0.7166597357012933 0.39174888017980786 0.7112972514306403 0.31842226171874993 0.7341397671875001 0.31958233604346237 0.7395022514581531
0 0.570170490576801 0.6471292887013635 0.5690104164524589 0.641766805259817 0.5485697162402411 0.6481344384334534 0.5497297903645834 0.653496921875
0 0.5433443371348513 0.6554861006325148 0.5421842627396057 0.6501236158875157 0.391174501764944 0.6971657790405557 0.3923345761601895 0.7025282637855548
0 0.38590732016145884 0.7045304662730707 0.38474724609375 0.6991679828125001 0.31142007678163575 0.7220106685591776 0.31258015084934465 0.7273731520197483
0 0.570170639310234 0.6328188391677255 0.569010416274419 0.6274556684993216 0.5415673850371014 0.636004651206596 0.5427276080729166 0.641367821875
0 0.5363427159237298 0.6433568271127875 0.5351824934895832 0.6379936578125 0.3841727308922864 0.6850358193636653 0.38533295332643297 0.6903989886639529
0 0.3789051499086213 0.6924013621113686 0.37774492660223924 0.6870381899636259 0.3409969003915346 0.6984858403522574 0.3421571236979166 0.7038490125000001
0 0.5701706391719302 0.6185084392601203 0.5690104164943496 0.6131452695159583 0.53249393359375 0.6245207890625 0.5336541562713306 0.6298839588066621
0 0.5293405324705281 0.6312277270655752 0.5281803092624796 0.6258645548848005 0.4547684239273682 0.6487336340692254 0.45592864713541664 0.65409680625
0 0.45170029200164646 0.6554140128786075 0.45054006901041666 0.650050840625 0.3771287353421035 0.6729197433713926 0.3782889583333333 0.6782829156250001
0 0.5676287550196019 0.6049891490982315 0.5664686809753987 0.599626665559431 0.5254917486979166 0.6123916906249999 0.5266518227421196 0.6177541741638005
0 0.5222958481904189 0.6191111366791904 0.5211357737087918 0.6137486516501529 0.447766804424623 0.6366043602834626 0.44892687890625 0.6419668453125
0 0.4446985132085543 0.6432840552295016 0.4435384388020833 0.6379215703125 0.4089469594476956 0.6486974166454983 0.41010703385416664 0.6540599015624999
0 0.5649402040325576 0.5915162771629805 0.5637799814541564 0.5861531079111504 0.5205618008590988 0.5996163229356699 0.5217220234375 0.6049794921875
0 0.515336581075131 0.6069686702797903 0.514176357990708 0.601605498057488 0.4407650243114105 0.6244744027776977 0.44192524739583333 0.629837575
0 0.5622516434928274 0.5780434113323382 0.5610914203807117 0.5726802397365258 0.5114877981770833 0.58813263125 0.5126480212891991 0.5934958028458125
0 0.5595629335360656 0.5645698584292107 0.558402859375 0.559207375 0.5432213047451845 0.5639366931332893 0.54438137890625 0.5692991765625001
0 0.32459368506645686 0.6360335603614421 0.32142219990360926 0.6270454234775458 0.2510076368419846 0.6628235822474425 0.2541791220048322 0.6718117191313389
0 0.3183386345766925 0.6167282551640378 0.31413632353526394 0.6055692052092064 0.24451675521313274 0.6433224940514524 0.2487190662545613 0.6544815440062838
0 0.3948631498335238 0.5768784272406668 0.3910857502846035 0.566494163734381 0.3206567925535111 0.6033860598929066 0.32443419210243135 0.6137703233991925
0 0.3111395462043209 0.5983531935043893 0.30746081456589347 0.5879271370738501 0.23767454006224872 0.6233848355644593 0.2413532717006761 0.6338108919949985
0 0.38741089387689803 0.557429933125192 0.3837734054866077 0.5474302089634272 0.3146181665667184 0.5836546067034557 0.31825565495700864 0.5936543308652203
0 0.304940791562171 0.5777217006031826 0.3009612045474003 0.5669635122169371 0.2312031723875784 0.6041217896656128 0.23518275940234915 0.6148799780518583
0 0.46418372380793843 0.5171977953499259 0.46088533570175816 0.5078500548094719 0.39012056743875223 0.5438063293027422 0.3934189555449325 0.5531540698431963
0 0.38121236411595977 0.5371729439531923 0.3773506354739813 0.5266733907292949 0.3079230641122109 0.5634443872299035 0.3117847927541894 0.5739439404538009
0 0.2985325246422679 0.556794648716071 0.2947970885429608 0.5468753631295682 0.22438530740447782 0.5850582481543019 0.228120743503785 0.5949775337408048
0 0.5399266428848225 0.47730729418276774 0.5365685676016407 0.4680762711695812 0.4661401319601442 0.5049698791280008 0.469498207243326 0.5142009021411873
0 0.4569338280288875 0.4975369455153305 0.4534098948791982 0.4879561655734081 0.38348931912253775 0.5249896250826487 0.387013252272227 0.534570405024571
0 0.3749949000745942 0.5169443183809496 0.3710851537757364 0.5063142119995798 0.2996463576875262 0.544150418370003 0.30355610398638394 0.5547805247513728
0 0.2920706466780773 0.5376044257849983 0.2886103302730865 0.5279414869749341 0.217644399425891 0.5645362532802254 0.22110471583088184 0.5741991920902897
0 0.5326771156391482 0.45865361424738593 0.5292518216322635 0.4489461709713055 0.45981608194434004 0.4842269813148368 0.46324137595122483 0.49393442459091724
0 0.4499131404567163 0.47822465307142237 0.44628641620655585 0.4680969811384609 0.37662269287370354 0.5040201042089716 0.3802494171238641 0.5141477761419331
0 0.3662766196358073 0.4977565315544865 0.36270907041106654 0.48794911629311644 0.2935539666735953 0.5241735945492825 0.297121515898336 0.5339810098106526
0 0.28482269778400787 0.5168421846787749 0.28132494467219926 0.5072272029994933 0.211268184773588 0.5439261184713684 0.21476593788539658 0.55354110015065
0 0.527324592068914 0.43763065530742773 0.524026223636551 0.4282829250406472 0.4515813650059517 0.4650926908643799 0.4548797334383147 0.4744404211311604
0 0.44320027025761527 0.4574391019696159 0.43962025239044483 0.44793282288284875 0.37041738226402554 0.48546132518339363 0.37399740013119603 0.4949676042701608
0 0.3616168353984077 0.47773438909664084 0.3580649373229243 0.46766780154252796 0.28729975383376116 0.5036228889523547 0.29085165190924456 0.5136894765064677
0 0.27893795975158225 0.497697673675484 0.2753860624102433 0.4876310848497304 0.20497101889692973 0.5234082576985608 0.20852291623826866 0.5334748465243144
0 0.5200137206911734 0.4176027466392071 0.5167154284872622 0.408255232407421 0.44692943194360496 0.4437140108370444 0.4502277241475163 0.4530615250688307
0 0.4361052488669786 0.43739710556890576 0.43252576164982043 0.42789175514498057 0.3641146783842899 0.46498899885312966 0.36769416560144813 0.4744943492770549
0 0.3537977521670425 0.457273753311304 0.3503252386228499 0.4476264586180309 0.2794128418100267 0.4843820199796802 0.28288535535421927 0.4940293146729533
0 0.2708000185987744 0.4776645490351818 0.26712092248174923 0.46723853185119396 0.19768578808452272 0.5025214478033309 0.20136488420154788 0.5129474649873187
0 0.5132350314649555 0.39815048654897744 0.5099363483374872 0.38880264279430793 0.4388220095069864 0.4249393704846744 0.44212069263445475 0.4342872142393439
0 0.43018823569742404 0.41688535784475694 0.42690051466094586 0.40784765918359367 0.3557287468218453 0.445130358576991 0.3590164678583236 0.45416805723815423
0 0.34775107215787426 0.43771820077890633 0.34419909286358114 0.4276516768301435 0.27441305921227355 0.46311030275341347 0.27796503850656673 0.47317682670217626
0 0.5063731882127963 0.3758996398006741 0.5031044320779193 0.3672198211686655 0.43229672078413545 0.4056183795627142 0.4355654769190123 0.4142981981947228
0 0.4237774933752482 0.39734902656356164 0.42048950738551083 0.38831067321499974 0.35006168433714696 0.4252039643509238 0.35334967032688436 0.43424231769948574
0 0.4989136528849855 0.3577626386860283 0.4952761404055607 0.3477629313665377 0.42574882986315216 0.3841825275024077 0.429386342342577 0.39418223482189835
0 1 0.7337433859375002 0.9393703854166667 0.7337433859375002 0.9393703854166667 0.8668292546874999 1 0.8668292546874999
0 0.8000331901041666 0.9095069125000002 0.7661943496729422 0.8413842915747264 0.7028193005422873 0.8867162962721992 0.7366581409735117 0.9548389171974729
0 0.7845123987062083 0.7938455511443807 0.7193412007557489 0.6517459939785393 0.6484406188306838 0.6985707228538713 0.713611816781143 0.8406702800197129