0 0.9852428515550385 0.3206650841496488 0.8684067379644489 0.30835450911581663 0.8627247851562498 0.42968750000000017 0.9795608987468395 0.44199807503383226
0 0.8674275579330365 0.2820391505615615 0.5674813413814891 0.25697057768627707 0.5616066590572862 0.41512476049695635 0.8615528756088335 0.4401933333722407
0 0.7070157464184607 0.24162903283200626 0.6815086094986259 0.23949722624013683 0.6813211158854166 0.24454480273437512 0.7068282528052513 0.24667660932624455
0 0.7066311908364072 0.2364557199846952 0.7066163001908426 0.22812675139411012 0.6679411599267464 0.22828232528648745 0.667956050572311 0.23661129387707253
0 0.8133028061309697 0.12782092075073725 0.7861193557283084 0.06809921174218725 0.6568690843359813 0.20046822630265254 0.6840525347386427 0.26018993531120255
0 0.9173259146349487 0.05069112434820078 0.8950282027555604 -0.014198651107325433 0.7957388894982467 0.06256737388486117 0.8180366013776349 0.12745714934038738
0 1.0069857349628601 0.021981413882910854 0.7561209424888654 0.0010149319196903553 0.7454340402028271 0.28872065861145035 0.9962988326768217 0.30968714057467084
0 0.9385940117187501 0.01626544921875018 0.9234247964077543 0.014997653400118972 0.9231748102502412 0.021727610253426434 0.938344025561237 0.02299540607205764
0 0.276328447854398 0.522566427192077 0.17402736718750011 0.50643801171875 0.16545276653768656 0.6288108236655174 0.26775384720458445 0.6449392391388444
0 0.19262547361647453 0.8030128869276274 0.005107585131405458 0.7660426825331396 -0.00221935086380326 0.8496599109506319 0.18529853762126583 0.8866301153451197
0 0.9771682404055123 0.9377457455632686 0.9335697286742878 0.9279767852679204 0.92639729296875 1.0000000000000002 0.9699958046999746 1.0097689602953484