0 0.30094427665229023 0.1732827101526748 0.2117001750114524 0.16401656398828415 0.20844649681559713 0.2618636745241656 0.2976905984564349 0.27112982068855623
0 0.2600006118164063 0.26542054788610875 0.22743788816217458 0.25988632493759 0.22621660007623706 0.282323864195571 0.2587793237304688 0.2878580871440898
0 0.6497782827148437 0.41263236583261437 0.5665649916814828 0.40674157501046154 0.5653985025097309 0.4581924590477983 0.6486117935430918 0.4640832498699512
0 0.6771122661806693 0.38684134135935155 0.6720676323776562 0.3502670463608342 0.5374002758883487 0.4082645164936201 0.5424449096913618 0.44483881149213744
0 0.8083245336914062 0.35352126143226936 0.6564370698242188 0.3535212614322693 0.6564370698242188 0.469370146678171 0.8083245336914062 0.469370146678171
0 0.8036299077176758 0.3347902812426489 0.7992858489224538 0.3018985441203727 0.6718302870361548 0.35445919184788655 0.6761743458313767 0.38735092897016277
0 0.995256716796875 0.266966034512511 0.8142370434570312 0.266966034512511 0.8142370434570312 0.469370146678171 0.995256716796875 0.469370146678171
0 1.003893911681597 0.2511347720651091 0.9995691228201525 0.21903638468818656 0.7951380958919775 0.30504095665376074 0.7994628847534219 0.3371393440306833
0 0.4216002985374781 0.6618741168503938 0.368355013671875 0.6503088628127697 0.3666765901343969 0.674436821027087 0.419921875 0.686002075064711
0 0.42165048844325875 0.6912831834035666 0.36679598583984385 0.6788668196721312 0.3650673723965851 0.7027124481753809 0.419921875 0.7151288119068163
0 0.4211980811251633 0.7215254564861862 0.3646214711914063 0.7068082277825712 0.3632920786112963 0.7227654453102399 0.4198686885450533 0.7374826740138549
0 0.42174202203071687 0.7471912174695606 0.36184769238281256 0.7332114555651426 0.3600275453520958 0.7575606971119756 0.4199218750000001 0.7715404590163937
0 0.4211107572835334 0.7774545336709905 0.3588833276367188 0.7607613960310614 0.3576142312307251 0.7755331319541116 0.4198416608775397 0.7922262695940405
0 0.42199934350598634 0.8018741782158987 0.3657994566608541 0.787352835845997 0.3636879653320313 0.8128687428817948 0.4198878521771635 0.8273900852516964
0 0.4210200356708565 0.8308960240273414 0.3552260600585938 0.8149678369283867 0.3541278993877374 0.8291316015119169 0.4199218750000001 0.8450597886108716
0 0.42178608107937854 0.854707810051189 0.3512878067121892 0.8384679380685459 0.34942360063281064 0.8637366344884528 0.419921875 0.8799765064710959
0 0.4209472380085023 0.8858888977590507 0.3493532616391553 0.8687935452375966 0.348327898630653 0.882201702698563 0.419921875 0.8992970552200173
0 0.4219540181824433 0.9101433758926425 0.34774934508533734 0.8896585203352418 0.3456085498046876 0.9138725194132873 0.41981322290179357 0.9343573749706882
0 0.4210260772405014 0.9390238287047602 0.3447753748966498 0.9197872423453927 0.3434897524414062 0.9356991527178604 0.4197404547852579 0.9549357390772278
0 0.42206062655498705 0.9663057967446147 0.3518124123644898 0.948020402267899 0.3496736608095028 0.9736761292506357 0.41992187500000006 0.9919615237273515
0 0.4203421059486626 0.994887272728137 0.3410252588549978 0.9745312052483358 0.33979130063527174 0.9895441210328855 0.4191081477289367 1.0099001885126864
0 0.8696688149414062 0.984147756686799 0.8074137250976563 0.984147756686799 0.8074137250976563 1 0.8696688149414062 1
0 1.0066344114073436 0.6531206281773229 0.9977887176064113 0.6504790012168349 0.9795128916015623 0.8415657014667818 0.9883585854024945 0.8442073284272699