0 0.7581562708333335 1.2785572700948772e-16 0.629290390625 1.160195879307546e-16 0.629290390625 0.04908958593750012 0.7581562708333335 0.04908958593750013
0 0.7975164342288686 0.09564580209064016 0.7912456947723933 0.02665395977400717 0.6348774950812764 0.058632009132975976 0.6411482345377517 0.12762385144960897
0 0.3489583333333333 0.4165016191406251 0.28924048828125004 0.41650161914062506 0.2892404882812501 0.660439716796875 0.3489583333333333 0.660439716796875
0 0.16919957634293237 0.31874266315007843 0.08604011718750003 0.31430722265625 0.08211035758042326 0.4800838888019648 0.16526981673585558 0.4845193292957932
0 0.08213274838305071 0.3064043621670805 0.011242870422054402 0.30262334364472554 0.006024973010362801 0.5227402894403825 0.07691485097135911 0.5265213079627376
0 0.3489583333333333 0.24087329882812505 0.2783276809895833 0.24087329882812505 0.2783276809895833 0.37628714648437506 0.3489583333333333 0.3762871464843751
0 0.22451289746857475 0.23105457933121357 0.17134545271091983 0.22821880992409746 0.16928341852359516 0.31520558996788395 0.22245086328125008 0.31804135937500005
0 0.16860654124265215 0.2285883322303685 0.08817378808336289 0.2242983254383669 0.08620859724251956 0.3071997902428251 0.1666413504018088 0.31148979703482677
0 0.08397738983804531 0.2285883324998998 0.008997697089468034 0.2245891687904748 0.007264308194716291 0.29771200056676683 0.08224400094329358 0.3017111642761918
0 0.616387828125 0.8913003886718752 0.35153602194230066 0.874852326290888 0.34870887225843833 0.9772805203386546 0.6135606784411377 0.9937285827196418
0 0.4523538203125 0.7413510546875 0.3489583333333333 0.7413510546875 0.3489583333333334 0.948229046875 0.4523538203125001 0.948229046875
0 0.6470425050714701 0.8689306003023769 0.6257848811261882 0.6933532994123983 0.4373864052993233 0.7446756163864932 0.45864402924460523 0.9202529172764717
0 0.7050986731770834 0.6704784335937501 0.6391769485856564 0.6639186658396277 0.6301506724406576 0.8680131327392195 0.6960723970320847 0.874572900493342