0 0.17578223706971813 0.6944824324781093 0.1487261962456328 0.543272905092194 -0.007128738438320348 0.571160152333448 0.019927302385764983 0.7223696797193633
0 0.8236024199437718 0.312780188902707 0.8081946464843751 0.25597079296875 0.7922299447971755 0.26030071943424504 0.8076377182565722 0.3171101153682019
0 0.7445655278590746 0.35305245439388017 0.72915775390625 0.296243056640625 0.7131930522190505 0.3005729831061199 0.728600826171875 0.35738238085937507
0 0.687733744140625 0.728515625 0.685666033203125 0.6967493515624998 0.6247640797527672 0.7007135444512939 0.6268317906902672 0.732479817888794
0 0.7693625680096866 0.33907609714020925 0.7539549316406252 0.28226911328125004 0.7379902190996886 0.2865991880160408 0.75339785546875 0.343406171875
0 0.7322652265625 0.71569944140625 0.696369203125 0.71569944140625 0.696369203125 0.728515625 0.7322652265625 0.728515625
0 0.7971520063854974 0.32459447375752837 0.7817442324218751 0.2677850781250001 0.7657795307238775 0.2721150047580966 0.7811873046875 0.3289244003906249
0 0.3712955616861473 0.9893126341370102 0.36753585346293166 0.9169981220333664 0.01360439451248524 0.9353993941703272 0.017364102735700868 1.007713906273971
0 0.48488498345068987 0.903432656995633 0.48118054739328436 0.8321812561401649 -0.000734904237594973 0.8572365526565601 0.0029695318198105225 0.9284879535120282
0 0.5352647589675006 0.8231390373739591 0.5316826321881652 0.7510431581738761 -0.003582126779335275 0.7776381071280422 0 0.8497339863281251
0 0.522559359375 0.7436574863281251 0.5210665247154526 0.7149441941429413 -0.0014928346595474637 0.7421126121116912 0 0.770825904296875