0 0.14074983556749274 0.08849737516188894 0.03821896544514461 0.07982126693244437 0.008850173510830825 0.23407413453079903 0.11138104363317897 0.2427502427602436
0 0.40806440274989325 0.279172500157387 0.25809614131352954 0.264124101968103 0.20790725299814267 0.4864213777138055 0.3578755144345064 0.5014697759030895
0 0.729911192303212 0.2652662109795501 0.6635789472656249 0.23562769661458347 0.6538210902945083 0.24533369457055398 0.7201533353320954 0.27497220893552066
0 0.7667627748452893 0.18648993843289655 0.7022669296874998 0.15503157161458342 0.6906729067349656 0.16559602919570193 0.7551687518927551 0.19705439601401506
0 0.7473131465905598 0.2254895247013082 0.68270079296875 0.196235359375 0.6728829569250652 0.20587278649660853 0.737495310546875 0.23512695182291674
0 0.6919327642492964 0.29800529572577117 0.63465518359375 0.2686893932291667 0.6257945584464188 0.27638358918598716 0.6830721391019654 0.30569949168259164
0 0.8086680311174945 0.039638078952817214 0.7738816796875002 0.032769854166666744 0.7600478536481307 0.06391025307843294 0.794834205078125 0.07077847786458341
0 0.10308254101562518 0.91235087890625 1.6863213741884707e-16 0.91235087890625 1.7668257858851255e-16 1 0.1030825410156252 1
0 0.26994431250000006 0.7717293307291667 0.13605748046875007 0.7551351614583334 0.1086896265220848 0.8532739234565226 0.24257645855333482 0.869868092727356
0 0.2143131037808442 0.6876045565737079 0.1588200100820726 0.6797014466636173 0.14526713671875016 0.7219965195312502 0.20076023041752175 0.7298996294413408
0 0.5921907500000002 0.7977259036458334 0.4492187500000001 0.7977259036458334 0.44921875000000017 0.9772389440104167 0.5921907500000002 0.9772389440104167
0 0.6133326757633392 0.7030904560771081 0.47093176171875006 0.6833423580729167 0.441333427752286 0.7781999840270583 0.5837343417968751 0.7979480820312498
0 1.0189567061457203 0.6118010673013828 0.8371594433593751 0.5755822122395835 0.8116406280547293 0.6325108265884611 0.9934378908410744 0.6687296816502605
0 0.8010002006059482 0.561273877528868 0.6139642606976012 0.5552203008874187 0.6022161665155243 0.7165439074920669 0.7892521064238713 0.7225974841335162
0 0.6222599276718456 0.5607800940875904 0.513865181261956 0.5457479663313465 0.4774336373284132 0.6625049412004812 0.5858283837383027 0.6775370689567252