0 0.23834876915400008 0.058362363959124766 0.2376651829093895 0.000543741920608672 -0.0005399473463454547 0.003861379923792315 0.00014363889826509593 0.06168000196230842
0 0.8124477571928482 0.3596360287190911 0.8124185329948429 0.33736270126510104 0.7553542414621779 0.3374509024131517 0.7553834656601831 0.3597242298671418
0 0.8115808797120235 0.32009249252664246 0.8115692249954326 0.29864892435873736 0.7536684897003747 0.2986859959349593 0.7536801444169656 0.3201295641028645
0 0.8075547602996255 0.26211417682926835 0.7521489700374532 0.26127638821138216 0.7518784523339107 0.28235144232416304 0.8072842425960829 0.28318923094204923
0 0.8070203027590934 0.24263842016214268 0.806737150970935 0.2206633540246017 0.751315993445693 0.22150458841463416 0.7515991452338514 0.24347965455217516
0 0.8047978800536822 0.20075190775612867 0.8037910583519348 0.18037578486079942 0.7462484382022472 0.18372523069105695 0.7472552599039947 0.2041013535863862
0 0.8036282167248344 0.16297447056159808 0.8029163869864546 0.14361001385418062 0.6969420411985018 0.14819907520325204 0.6976538709368817 0.16756353191066947
0 0.8007619788874315 0.12362330282169888 0.799480763480687 0.10206409909713067 0.6945881254172256 0.10940732269819606 0.6958693408239701 0.13096652642276424
0 0.7987261348314607 0.09088490447154471 0.7979930663766089 0.06855558419193984 0.6911730710582568 0.07268676203746827 0.6919061395131085 0.09501608231707313
0 0.7961435839705115 0.050018483058840595 0.7948428561193261 0.02667931391954513 0.6910203863810244 0.03349555138915982 0.6923211142322098 0.056834720528455285
0 0.7952675921710793 0.012212112565459924 0.7945802426619357 0.00010610475630082531 0.6907314566706317 0.007052034873767738 0.6914188061797752 0.019158042682926837
0 0.28530072438267334 0.7149245174897898 0.2838142378471361 0.6536788164073716 0.23519256648781217 0.6550689852846807 0.23667905302334935 0.716314686367099
0 0.4164536461656883 0.7112254696398503 0.4158131641893222 0.6469586163736091 0.3313543979582337 0.6479501716241235 0.3319948799345998 0.7122170248903648
0 0.22942104369198058 0.7158000532179678 0.2251321076779026 0.6549792388211382 0.1510307297162591 0.6611349173104875 0.1553196657303371 0.7219557317073171
0 0.6874427031835206 1.0000000000000002 0.6304246378299948 0.7763529295267625 0.5755088124554852 0.7928459078252951 0.632526877809011 1.0164929782985328
0 1.0077348806864141 0.5271808575916386 0.9984385471628477 0.4929370010737304 0.8100956666666667 0.5531694532520326 0.8193920001902331 0.5874133097699407
0 0.9783277946636911 0.706847527727086 0.9505761860592852 0.5835637141249688 0.7785190721072046 0.6291891518450372 0.8062706807116103 0.7524729654471545