0 0.5517290931900417 0.07789010983211651 0.478975837861849 0.06443425923639412 0.4663092446718073 0.13292014810219432 0.5390625 0.14637599869791673
0 0.8891400208333332 0.0026224869791667735 0.841955116129141 0.0015519251664914944 0.8416631249999998 0.01442140494791677 0.8888480297041922 0.015491966760592049
0 0.14844993293834863 0.7647106897781301 9.483155002006545e-17 0.7607215312500001 -0.005170861893461792 0.9531465993201068 0.1432790710448867 0.9571357578482368
0 0.37726060318131743 0.7751037647701589 0.16510021919647153 0.7654758987068698 0.15592428052298957 0.9676775765854564 0.36808466450783545 0.9773054426487454
0 0.3542942213823752 0.5878722793808663 0.16607373046875007 0.57933080859375 0.15788981501476473 0.7596721833682448 0.34611030592838987 0.7682136541553611
0 0.16223804338243503 0.5652428523250607 0.002221864035355831 0.5609428788915247 -0.0029997042077381957 0.7552546376441528 0.157016475139341 0.7595546110776886
0 0.34424171812062015 0.3785818107396877 0.2705499228077852 0.37660155633690867 0.2652388921871652 0.5742425164305544 0.33893068750000005 0.5762227708333334
0 0.2643695990050062 0.37136200663707264 0.17593987490192267 0.36898571152299514 0.17060583188649994 0.5674829223338392 0.25903555598958344 0.5698592174479167
0 0.1697815287938216 0.3629281276443739 0.007660009114583377 0.35857157942708334 0.0022148149561784605 0.5612052030847928 0.16433633463541672 0.5655617513020833
0 0.3427780768546429 0.3025896191430357 0.2684206151247418 0.2992152670494367 0.2664366314035103 0.3429344728501773 0.3407940931334114 0.3463088249437764
0 0.26207932351403695 0.29978410084135954 0.1757549411215624 0.2974643797185457 0.1746021176075255 0.340364699450103 0.26092650000000006 0.34268442057291676
0 0.15673796614583338 0.2994791666666667 0.009354374153925605 0.29551866053573933 0.008248184049758934 0.33668366965032265 0.1556317760416667 0.34064417578125
0 0.671306468358368 0.5945716702657556 0.6627476442543611 0.5931249329276919 0.6399652449064099 0.7279044423494364 0.6485240690104169 0.7293511796875003
0 0.69165659613966 0.6014022830687243 0.6836765273437501 0.59990226171875 0.65893172417284 0.7315438757854423 0.66691179296875 0.7330438971354166
0 0.7090989173538166 0.6093023653530808 0.7022865920521388 0.6081017452877618 0.679656735896239 0.7365036820180144 0.6864690611979167 0.7377043020833335
0 0.8038447954924957 0.5318677560869461 0.7445506648062182 0.5214176210477153 0.7013549969178894 0.7665101071482693 0.7606491276041668 0.7769602421875001
0 0.8118634479166668 0.6746266588541668 0.8047636928098337 0.6732338855943699 0.7838403724973336 0.7798919142402032 0.7909401276041668 0.7812846875000002
0 0.8411685557399627 0.6197534649083003 0.8329613680353516 0.6184587702172355 0.8057157042224722 0.7911715175485184 0.8139228919270834 0.7924662122395834
0 0.863696999870235 0.6300617423996254 0.8560582549768543 0.6288016789501374 0.8281805025024527 0.7978019300400954 0.8358192473958334 0.7990619934895834
0 0.8880398295251752 0.6387907753143045 0.8793501228377273 0.637302120485675 0.8501330901875521 0.8078503490776204 0.8588227968750001 0.80933900390625