0 0.2493712188974996 0.39753274060830024 0.08619147270388694 0.3867036150853726 0.07403013658805506 0.569957908015589 0.23720988278166774 0.5807870335385167
0 0.6649607070312499 0.48285789843750004 0.6549977207003973 0.3906221635091182 0.6275000377604165 0.3935923684895834 0.6374630240912692 0.48582810341796523
0 0.7772884802908067 0.5972834215724515 0.7621893987248892 0.5108272561025026 0.6407431679250067 0.5320371551855015 0.6558422494909243 0.6184933206554505
0 0.17042374012309836 0.7970877295097378 0.10011965629567394 0.7933586520525892 0.09960226513090899 0.8031129980636845 0.16990634895833343 0.8068420755208332
0 0.1671639736127737 0.8458266224595117 0.09685957540034103 0.8420975296607236 0.09634211741256744 0.8518531389720452 0.16664651562500007 0.8555822317708333
0 0.17103010523789708 0.7856499831618214 0.10072696775141006 0.7819209559005998 0.10020950964892972 0.7916765638846118 0.17051264713541672 0.7954055911458334
0 0.17137257015224247 0.7728497675185504 0.10106817193980984 0.7691206747197624 0.10055073069381744 0.7788759683991288 0.1708551289062501 0.7826050611979167
0 0.17368388630431886 0.748347589903775 0.10337948816075769 0.7446184971086404 0.10286203024185554 0.7543741051215319 0.17316642838541674 0.7581031979166667
0 0.16777027302915326 0.834390138151262 0.09746713549394304 0.8306611121506817 0.09694967756895662 0.8404167200931699 0.1672528151041668 0.8441457460937501
0 0.17008251902675117 0.8098883263264983 0.09977843649775697 0.8061592489382212 0.09926106200225589 0.8159132806846396 0.16956514453125007 0.8196423580729167
0 0.16947527439037058 0.8213247605492163 0.09917213678355981 0.8175957346155958 0.0986546787994393 0.8273513438580461 0.16895781640625007 0.8310803697916667
0 0.17334266650640917 0.7611481867893836 0.10303826836284798 0.7574190939942486 0.10252082711685558 0.7671743876736149 0.17282522526041674 0.7709034804687499
0 0.772846507025263 0.820562917842837 0.7274623081062992 0.7384441885637689 0.5712932119440254 0.8247534798478227 0.6166774108629892 0.9068722091268907
0 0.42848858463541656 0.9250752578125002 0.4111564582135374 0.8921996922798394 0.3719907902447875 0.9128479852485895 0.3893229166666667 0.9457235507812501