0 0.080078125 0.07291666666666667 0.07617187460263607 0.049479166569068506 -0.00390625039736393 0.05541088011073519 0 0.07884838020833336
0 0.33759014453125 1.7186182192167827e-17 0.064453125 6.036302968914713e-18 0.064453125 0.05338541666666668 0.33759014453125 0.053385416666666685
0 0.7255483814901265 0.35448533654147774 0.7233328124999999 0.3322227213541667 0.6127844310098733 0.3371123848126889 0.6149999999999999 0.359375
0 0.7404247332462391 0.17238858978508367 0.7383326342062347 0.15492956678712522 0.7062407134599956 0.15663869835620828 0.7083328125 0.1740977213541667
0 0.13325471698113223 0.9377702437106917 0.0009581368141302962 0.9348303197069806 -0.002067681157220974 0.9953466791340061 0.13022889900978096 0.9982866031377173
0 0.5390625000000002 0.85148125 0.5000000000000002 0.85148125 0.5000000000000002 0.90234375 0.5390625000000002 0.90234375
0 0.9980470000000002 0.8494468749999999 0.5859375000000002 0.8494468749999999 0.5859375000000002 0.9857583333333334 0.9980470000000002 0.9857583333333334
0 0.6621095000000002 0.7009276041666667 0.5000000000000002 0.7009276041666667 0.5000000000000002 0.8352052083333333 0.6621095000000002 0.8352052083333333
0 0.9980470000000002 0.6968588541666666 0.6777345000000002 0.6968588541666666 0.6777345000000002 0.8352052083333333 0.9980470000000002 0.8352052083333333
0 0.785156 0.5503744791666666 0.5 0.5503744791666666 0.5000000000000001 0.6866864583333333 0.7851560000000001 0.6866864583333333
0 0.9980470000000001 0.5483395833333334 0.8261720000000001 0.5483395833333334 0.8261720000000002 0.6846515625 0.9980470000000002 0.6846515625
0 0.998047 0.4791666666666668 0.951172 0.4791666666666668 0.951172 0.5340984375000001 0.998047 0.5340984375000001
0 0.84375 0.4791666666666667 0.5 0.4791666666666667 0.5 0.5361328125 0.84375 0.5361328125