0 0.132862345637866 0.3006138720668862 0.09353042622853659 0.2582430651740822 0.0040173249684425745 0.34133617439308767 0.04334924437777199 0.38370698128589176
0 0.18029224149362189 0.4791477607820369 0.17210739468822933 0.34865247483832 0.10080237919373226 0.3531248251156344 0.10898722599912482 0.48362011105935127
0 0.802720035912889 0.4758561762016155 0.7965048450520834 0.40133164973958335 0.731250059094128 0.4067737634780227 0.7374652499549336 0.48129828994005486
0 0.8793553430427763 0.46363125890979556 0.8722373067400792 0.3782809934663711 0.798084761874386 0.3844651629419922 0.8052027981770832 0.4698154283854166
0 0.8271007584497899 0.3921617177838715 0.8149480650666915 0.24644233452995093 0.7274477433178932 0.25373967931271507 0.7396004367009916 0.39945906256663566
0 0.6381146285432843 0.3644052703376559 0.6303163723958333 0.27089867187500005 0.6214180433407094 0.27164077404101855 0.6292162994881604 0.3651473725036744
0 0.7326197761312181 0.35426635698283815 0.7228057740626981 0.25679948854588225 0.63417282605648 0.2657239974484607 0.643986828125 0.3631908658854166
0 0.8727892003270526 0.3669885776285338 0.8619092469725144 0.23653027443185093 0.8174174172352449 0.24024080124645888 0.828297370589783 0.3706991044431418
0 0.8629040856783089 0.23055367469820975 0.8498799619595533 0.07438524353195192 0.7742440783737229 0.08069311957349659 0.7872682020924785 0.23686155073975446
0 0.7742749153548091 0.24222073011618062 0.7610955195312501 0.08419046875000001 0.6869429751804988 0.09037463705342413 0.7001223710040579 0.24840489841960475
0 0.6870866935549708 0.25326035882834314 0.6737940767823584 0.09387249468645813 0.6070567117598328 0.09943825229563648 0.6203493285324453 0.2588261164375215
0 0.8482631062682072 0.05499800666069637 0.8433742428694794 -0.003622918134737326 0.769221320329716 0.002561281622916282 0.7741101837284439 0.061182206418349976
0 0.7624152227166395 0.065195353173409 0.7545752695312501 0.006008078125000001 0.6779404397078302 0.016159136400524538 0.6857803928932197 0.07534641144893355
0 0.6773666801528786 0.0829897141334336 0.6718603138020834 0.01696451041666665 0.6155042352117049 0.021664491595733037 0.6210106015625001 0.0876896953125
0 0.346449796875 0.7570032526041667 0.3396066113819849 0.696551702923514 0.22598061979166664 0.709414296875 0.23282380528468183 0.7698658465556528
0 0.16507470182291664 0.8409442343749999 0.13463048822080548 0.7237902866378163 0.09406630066989778 0.7343315002652592 0.12451051427200895 0.8514854480024429
0 0.29236232291666664 0.6013626158854166 0.2721837639413838 0.47285099894364735 -0.010832729416498488 0.517289510714824 0.009345829558784324 0.6458011276565933
0 0.7918284814554157 0.8574975681937301 0.6975145703125 0.8028970091145832 0.6854484438742965 0.8237393520488802 0.7797623550172122 0.8783399111280271
0 0.8491655829984834 0.694533333380886 0.8104870128167617 0.6682955382160016 0.7480604011724448 0.7603220238455322 0.7867389713541665 0.7865598190104167