0 0.43752779870441993 0.4225887673055748 0.41314241004431956 0.21642602215769227 0.20427355839015393 0.2720133363282271 0.22865894705025427 0.4781760814761097
0 0.35388885546875 0.47851562499999994 0.35014397395833335 0.44216961328125 0.27312025439632653 0.4600257837831861 0.27686513590674316 0.49637179550193605
0 0.9133640365346111 0.25798934314574595 0.858438813709769 0.1675754262033582 0.7613926469668245 0.30022243071386234 0.8163178697916665 0.3906363476562501
0 0.7927124055748326 0.414313296734732 0.7394710078730973 0.3227858288793604 0.6453095585693662 0.4460263860371904 0.6985509562711014 0.5375538538925619
0 0.3400516888020834 0.71782341015625 0.3391279662230302 0.7122095834682517 0.23866060922161023 0.7494050537552898 0.2395843318006634 0.755018880443288
0 0.3203131549479166 0.6871057265625 0.31940369257758355 0.6814973440125738 0.23210176930495754 0.7133505708701474 0.23301123167529061 0.7189589534200737
0 0.3313249166666667 0.703187271484375 0.32922303845143613 0.690240631445311 0.23231707509708113 0.7256390204128885 0.23441895331231166 0.7385856604519525
0 0.27914119921875 0.560787060546875 0.2756070339482823 0.53685616080115 0.23521730537055752 0.5502770496713709 0.23875147064102523 0.574207949417096
0 0.21127445442708334 0.5877457734375 0.20918437753842264 0.5731526859929776 0.16862817346829415 0.5862220632969456 0.17071825035695484 0.600815150741468
0 0.4331732552083334 0.9408147910156252 0.4326384904589014 0.9320893369669025 0.36456490234375 0.9414765332031251 0.3650996670931819 0.9502019872518477
0 0.41987864843750006 0.923289197265625 0.4193438837914421 0.914563743229808 0.3512702968750001 0.9239509374999999 0.351805061521058 0.9326763915358168
0 0.8700546024275869 0.6762186234887565 0.8166287680293628 0.5838616940629892 0.6944178625389127 0.7429265762295717 0.7478436969371366 0.835283505655339