0 0.3884803024249147 0.3727406116185754 0.23294703521532634 0.22143880028234494 0.2108963938052483 0.2930787613254009 0.3664296610148367 0.44438057266163133
0 0.5502236520833335 0.3367076287037039 0.5405092970289849 0.3348115496881641 0.5309367312500001 0.4898148148148149 0.5406510863043487 0.4917108938303548
0 0.563218286904868 0.34011799282359134 0.5524860859375 0.337961076851852 0.5428380652673208 0.48968314074529307 0.5535702662346887 0.4918400567170324
0 0.5755979750000001 0.343589726851852 0.5654102357201182 0.3416257222041522 0.5563711192708333 0.4898148148148149 0.5665588585507152 0.49177881946251467
0 0.587322975 0.34551968055555565 0.5774519177156953 0.3434710800511901 0.5678484327137175 0.48971917103659884 0.5777194899980224 0.49176777154096435
0 0.598792565625 0.34736057407407417 0.5886756466933883 0.34542088194207676 0.5799161625 0.4898148148148149 0.5900330814316117 0.4917545069468124
0 0.6094776934667258 0.3490528180634288 0.6018514708333333 0.34747406481481496 0.5925371155845611 0.4896751683274631 0.6001633382179535 0.49125392157607695
0 0.6214923531133912 0.35175234172600506 0.6109053243655603 0.3496976676888936 0.6023012296875001 0.48981481481481504 0.6128882584353311 0.4918694888519265
0 0.63335768153975 0.35494536793547515 0.6228845470472658 0.3528751440678655 0.6143197916666668 0.4898148148148149 0.624792926159151 0.49188503868242456
0 0.16677022135416672 0.5473531203703705 0.020977284612753663 0.5288319287342643 0.019470784137788633 0.5663112552437047 0.1652637208792017 0.5848324468798108
0 0.7721358265625 0.709793053703704 0.7558969000093818 0.6903643334533728 0.7299133932345611 0.7590025250571573 0.7461523197876793 0.7784312453074885
0 0.8000363322916666 0.6370396546296296 0.7817377603423997 0.6162820047588404 0.756399143022621 0.6868774813941004 0.7746977149718879 0.7076351312648896
0 0.7887724288397515 0.5994479726543577 0.7713758801274679 0.5776100233301111 0.7049394589827764 0.7448778520830934 0.7223360076950601 0.76671580140734
0 0.875963277278747 0.611240667949477 0.8382653159662288 0.5649288604602408 0.7401325500348949 0.8173903379003136 0.7778305113474132 0.8637021453895498