0 1.0203674042349018 0.11763315296461055 0.7045289116525336 0.056935010041762574 0.682731107802391 0.1703583402808117 0.9985696003847593 0.23105648320365968
0 0.311405357421875 0.7575399121093749 0.27732110515505426 0.716391103105299 0.26604630836129517 0.7257302073825955 0.30013056062811583 0.7668790163866716
0 0.27251636523437506 0.6981901835937501 0.2543368514655342 0.6602796016682322 0.19319878751637865 0.6895975445462289 0.2113783012852195 0.7275081264717468
0 0.265478001953125 0.37890625 0.24020720117187505 0.37890625 0.24020720117187505 0.38892827734375 0.265478001953125 0.38892827734375
0 0.10229936718750002 0.49467900781249996 0.09485552167105343 0.4726119680007846 0.04011302948355343 0.49107818089140953 0.04755687500000001 0.513145220703125
0 0.9716937336198507 0.9122111982913204 0.84043184765625 0.8955709960937501 0.8287526006198832 0.9876996838600648 0.9600144865834839 1.0043398860576351
0 0.5574261584833107 0.8548056382097885 0.4284407756304954 0.8384540212810876 0.41258213264328625 0.9635507102599556 0.5415675154961015 0.9799023271886564
0 0.42120434389973077 0.8373579873724911 0.39843750000000017 0.8346504765625001 0.3835250623502695 0.9600457802056342 0.4062919062500001 0.9627532910156252
0 0.9851931932868631 0.7931410858713194 0.856796399732056 0.7778716991404309 0.8435888382565403 0.8889310739549918 0.9719856318113473 0.9042004606858803
0 0.8236173939692074 0.7582485423550661 0.7092278064621349 0.7446449403315657 0.6945347288991778 0.8681956792264997 0.8089243164062503 0.8817992812500001
0 0.7031777528567622 0.7437314090909837 0.5882051807254344 0.7291562099274528 0.5729565230944212 0.8494411796021215 0.6879290952257491 0.8640163787656524
0 0.5775182269591359 0.7253565782294911 0.39843750000000006 0.702654322265625 0.3831887671780637 0.8229399081256551 0.5622694941371996 0.8456421640895213
0 0.8369111163422849 0.6531321345558985 0.7219571487903973 0.6385593028957015 0.7091482121356125 0.7395992464648031 0.8241021796875001 0.7541720781250001
0 1.0034531886463949 0.6743117016587759 0.8714080059933899 0.655016114824051 0.8545362739073532 0.7704741708062621 0.9865814565603581 0.7897697576409871
0 0.7175971294902252 0.635562364043548 0.603182521484375 0.6210579023437501 0.5903735802831652 0.7220978455583831 0.7047881882890155 0.736602307258181
0 0.5940135461710578 0.4990774427358383 0.460948203125 0.48325285742187507 0.43684761926037674 0.6859091922281121 0.5699129623064345 0.7017337775420753
0 1.0146387463489972 0.5510005919193262 0.8861666368324456 0.5347140441164053 0.8715278904095246 0.650187909811458 0.9999999999260762 0.666474457614379
0 0.8535507997032672 0.5305793001463778 0.7368970024690448 0.5157909721431096 0.7222582555105947 0.6312648390384566 0.8389120527448171 0.6460531670417249
0 0.7329647514665644 0.5128482639825522 0.6181223725133239 0.4982895749635229 0.6034836288592597 0.6137634437934706 0.7183260078125001 0.6283221328124999
0 0.45512676968767696 0.47248092004445114 0.422443986328125 0.46859416992187497 0.39606956106102525 0.6903706155519812 0.4287523444205772 0.6942573656745573
0 1.002744760449253 0.41505241517746677 0.9014709140625 0.40221382226562513 0.8883570192483161 0.5056593149347425 0.9896308656350692 0.5184979078465841
0 0.4804599902343751 0.3789062500000001 0.4337703007538867 0.37335375143975713 0.42555120114451167 0.4424662787835071 0.4722408906250001 0.44801877734375006