0 0.2059453527432126 0.0800059745474101 0.08243142710962202 0.07580237210195026 0.07332091225948575 0.2617003720719963 0.19683483789307632 0.2659039745174561
0 0.8375696666397792 0.1167926817466197 0.647357484375 0.11125738541666673 0.6310808296834891 0.4996760676300039 0.8212930119482683 0.5052113639599568
0 0.8066198634734091 0.40765048350038463 0.7660445968750001 0.4064697174479168 0.7637283067949884 0.46174461911456693 0.8043035733933974 0.4629253851670348
0 0.7290946753568217 0.39876435553619544 0.6872884386747332 0.39621546435711474 0.681409395105379 0.46317832020103494 0.7232156317874676 0.46572721138011564
0 0.611529228125 0.3622055065104168 0.5440984550612131 0.36024322764672023 0.5384015481259627 0.49619161038318715 0.6058323211897496 0.4981538892468837
0 0.3687500000000001 0.7575514908854166 0.2856829921875001 0.7575514908854166 0.2856829921875001 0.8466682473958334 0.3687500000000001 0.8466682473958334
0 0.9514917374999999 0.8472872174479167 0.6530348485374964 0.8390318949326243 0.6493803525667944 0.9307832650437519 0.9478372415292979 0.9390385875590442
0 0.9569993109375 0.72236336328125 0.6412677729374145 0.7136302257580412 0.6370689841128543 0.8190468747154109 0.95280052211294 0.8277800122386196
0 0.9990646875000001 0.7196180117187502 0.9867442271687027 0.7192408048636313 0.9771904156250001 0.9359421145833333 0.9895108759562975 0.9363193214384523
0 0.8791775364523945 0.5853628824084551 0.6132615538549958 0.5759190978484193 0.6077726691188083 0.6832488159576874 0.873688651716207 0.6926926005177232
0 1.0070757543812223 0.5087735200081182 0.9114948183338788 0.5061297519325733 0.9044190639526566 0.6837768764557053 1.0000000000000002 0.6864206445312503
0 0.8876072890625 0.5054690221354167 0.603953225476262 0.4976231461781999 0.6015427984375 0.5581403802083333 0.885196862023738 0.5659862561655501