0 0.38292021484374994 0.33248391601562505 0.3757656815058735 0.2842243078669921 0.17828958740303288 0.31350032880651196 0.18544412074090935 0.3617599369551449
0 0.7897829648437499 0.21052553906250004 0.7309419895924437 0.18602419659360053 0.7233867310493584 0.2041684587504681 0.7822277063006645 0.2286698012193676
0 0.821913759765625 0.13372155859375012 0.763072953305614 0.1092184824639828 0.7555174648437499 0.1273619609375001 0.8143582713037609 0.15186503706726742
0 0.8068765605468751 0.17196069726562505 0.7480382366096724 0.14745865493279273 0.740482501953125 0.16560272460937508 0.7993208258903277 0.1901047669422074
0 0.772689673828125 0.24909230859375014 0.7138481835460123 0.22459005752728256 0.7062929878632282 0.24273365470706973 0.765134478145341 0.2672359057735373
0 0.45260295703125 0.921111890625 0.43151113990138457 0.8557331255738734 0.38553601367187496 0.8705651425781251 0.40662783080174036 0.9359439076292518
0 0.3658209122893231 0.905319243559759 0.3597650820881371 0.8809745931569329 0.313002169798814 0.8926070566284241 0.319058 0.9169517070312502
0 0.38178548437499993 0.9534219589843749 0.3751849018858877 0.926887386334561 0.326757580078125 0.93893387890625 0.33335816256723727 0.9654684515560639
0 0.9381088945312501 0.79122108984375 0.892820757019803 0.6089347278331927 0.8835151901246181 0.6112466495179685 0.928803327636065 0.7935330115285257
0 0.9466942421875 0.7723510234375001 0.9093660443186664 0.6259958432966409 0.8984825962743033 0.6287716897115347 0.9358107941431368 0.7751268698523939
0 0.95096876953125 0.7440936874999999 0.9401246265688346 0.697579598072904 0.9309136491225356 0.6997270152852265 0.941757792084951 0.7462411047123224
0 1.014959431052659 0.7366234157076794 0.9838048600254999 0.611757460169179 0.9532507610360085 0.6193808339145188 0.9844053320631676 0.7442467894530191
0 1.0015311030005958 0.7928981410749208 0.9999172748569362 0.7822039545536393 0.9392154745907153 0.7913642841818436 0.940829302734375 0.8020584707031251