0 0.15000978515625 0.5333087480468751 0.10796842433725504 0.4689866128890516 -0.019354122294769238 0.552205447435143 0.022687238524225717 0.6165275825929666
0 0.20787249218750004 0.60412715625 0.16571340316817756 0.5371929573463174 0.03184381250000007 0.62151188671875 0.07400290151932254 0.6884460856224326
0 0.267140408203125 0.6751079648437502 0.2243561547320733 0.6074590417537525 0.08974498979883519 0.6925932602671105 0.13252924326988694 0.7602421833571082
0 0.32395322265625004 0.7415333769531249 0.2797599636573387 0.6741143895810616 0.14416186523437494 0.762999169921875 0.1883551242332863 0.8304181572939383
0 0.38200057812500005 0.8111158750000003 0.3364513237548156 0.7425331573692395 0.202997490234375 0.831166603515625 0.24854674460455942 0.8997493211463857
0 0.44165863281249995 0.8813889433593749 0.39764949235365593 0.8126424127559936 0.26084001367187504 0.900223087890625 0.30484915413071906 0.9689696184940062
0 0.49886403125 0.9471060351562501 0.45495550432113985 0.8797799402489218 0.316887189453125 0.9698249121093749 0.36079571638198515 1.0371510070167034
0 0.0362880171583916 0.5122073977573862 0.0330279609375 0.501442224609375 -0.0032600562208916217 0.5124314557582387 -2.7755575615628914e-17 0.52319662890625
0 0.038853699218750086 0.665306490234375 8.147654637174872e-17 0.665306490234375 8.592161420933884e-17 0.73789995703125 0.03885369921875009 0.73789995703125
0 0.09710833398437496 0.7813716152343751 0.051067517539439 0.7155615437645966 -0.019381074257435904 0.7648474754052215 0.026659742187500057 0.8306575468749999
0 0.153752923828125 0.850791134765625 0.11226226838768566 0.7866932501023065 0.01715224690331063 0.8482581075241815 0.05864290234374997 0.9123559921875
0 0.21341163281250003 0.921066353515625 0.16991862764163396 0.8548883035161584 0.04956940559538564 0.9339832502063279 0.09306241076625171 1.0001613002057945
0 0.270841388671875 0.9890692324218752 0.22620018901702388 0.9209703793478248 0.105642798828125 1 0.15028399848297613 1.0680988530740505
0 1 0.9011936035156252 0.8411300898437502 0.901193603515625 0.8411300898437503 1 1 1