0 0.5116418120854243 0.24673075148511714 0.4942183030486637 0.050802474049097296 0.39308864304752944 0.06442539738249399 0.41051215208429004 0.26035367481851385
0 0.43519251171875006 0.34719469951923077 0.42264414880698686 0.21139973997217856 0.11309380790861548 0.25472966800687274 0.12564217082037865 0.39052462755392503
0 0.978226275390625 0.08630123798076926 0.9405111116532001 -0.026602515536776054 0.8027350393875752 0.043113840232454646 0.8404502031250001 0.15601759374999996
0 1.0473367412856547 0.3164420319442615 0.9827919752647853 0.0960530198169372 0.8412080065365413 0.15886441426705156 0.9057527725574106 0.37925342639437587
0 1 0.35542067067307703 0.9165479921874999 0.35542067067307703 0.9165479921874999 0.5384615384615385 1 0.5384615384615385
0 0.8287496484374999 0.16029728365384624 0.7708399494456761 -0.013916372432836131 0.5957749328588071 0.07423351102049429 0.653684631850631 0.24844716710717665
0 0.8479123417968748 0.21631895673076937 0.8320058469585516 0.16394472331473284 0.7127051086169303 0.21882966431241524 0.7286116034552534 0.27120389772845177
0 0.8936439989107379 0.3740987930640368 0.8524363165342889 0.23983926334530978 0.7542951242641759 0.28546791739665767 0.7955028066406249 0.41972744711538473
0 0.94633398828125 0.5384615384615385 0.9014641436733652 0.40100549424871457 0.724577537319666 0.4884714275658115 0.7694473819275508 0.6259274717786355
0 0.6102184054155264 0.7387586916324923 0.5566387836676076 0.6166943680524306 0.10844828211932075 0.9147016000099533 0.16202790386723956 1.036765923590015
0 0.30921566015625007 0.6212309014423079 0.29123715033886044 0.5813204378386312 0.03492069921874996 0.7562231971153845 0.052899209036139594 0.796133660719061
0 0.15498645703125 0.5384615384615385 0.13959048872587806 0.504110515182438 -0.015395968305371904 0.6093344022016688 2.7755575615628914e-17 0.6436854254807695
0 0.8668478066406251 0.7040943918269232 0.8638010732832138 0.6735545094616072 0.7934950742187501 0.6841791129807693 0.7965418075761614 0.7147189953460853