0 0.2038919432321751 0.2718233718574713 0.19637100788333176 0.22273936406363767 0.05527756015352972 0.25315285816753713 0.06279849550237306 0.3022368659613708
0 1.0005896656569835 0.3874006048825334 0.9999999999474045 0.379159316736506 0.9741086163500852 0.38176543227790616 0.9746982820596641 0.39000672042393364
0 0.8331399646706588 0.4042553693181818 0.8325502990658411 0.39601408076055816 0.5967937449101796 0.4197443181818181 0.5973834105149971 0.42798560673944175
0 1.006368127932767 0.3652378160030596 0.9985848571794051 0.2564572077201379 0.36638763070649977 0.3200914495726817 0.37417090145986154 0.42887205785560345
0 1.002902548647878 0.24440205009580832 0.9869821832402897 0.021895725514343854 0.42061535302213865 0.07890376617942435 0.436535718429727 0.3014100907608888
0 0.6384762826347306 0.9400359538352273 0.5356534682634732 0.9400359538352273 0.5356534682634732 1 0.6384762826347306 1
0 1.00850850603546 0.9541860844860682 1 0.8681643742897728 0.6605318024121226 0.9154002494277683 0.6690403084475827 1.0014219596240637
0 0.5825634453050724 0.9651562884426089 0.5435966826998487 0.7490127180092876 0.35125518622754504 0.7977939346590909 0.3902219488327687 1.0139375050924124
0 0.43188360587707114 0.663582165368855 0.3398315892883859 0.609283037161187 0.3013527917714076 0.7010506795813188 0.3934048083600928 0.7553498077889867
0 0.7341313910179641 0.44388887926136356 0.7305488741958399 0.40766933347757967 0.5518459245337771 0.4325352569291778 0.5554284413559012 0.4687548027129617
0 0.8155587471751472 0.566964227136058 0.3537978981719772 0.42918849440630014 0.2920406489453814 0.7203674304033714 0.7538014979485514 0.8581431631331292