0 0.3289588345519682 0.47073559675363696 0.3283042276825043 0.34413899991690633 0.29472229998916616 0.34468119700671085 0.2953769068586301 0.4712777938434415
0 0.2630117817634715 0.2829531508484482 0.14374347098903803 0.2810971444857367 0.14336881482157285 0.35627181381453593 0.26263712559600627 0.3581278201772474
0 0.6817953154296876 0.30959149956859383 0.5936687967312396 0.3051995266733673 0.5929214847157218 0.35202066420832584 0.6810480034141698 0.35641263710355237
0 0.9647373505859375 0.708974195858499 0.8266568588867187 0.6832961553062987 0.8251472988044709 0.7086424150021368 0.9632277905036897 0.7343204555543369
0 0.9624708754882815 0.7386402553925802 0.8253801245117189 0.7118978412424507 0.823668994634763 0.7392873064278648 0.9607597456113255 0.7660297205779942
0 0.9607919358584578 0.7713045480436362 0.8234819082031251 0.7399020534943919 0.8223103215271164 0.7558978386507825 0.9596203491824489 0.7873003332000269
0 0.9593023165457455 0.7943435285318872 0.8209693266601563 0.766386801553063 0.819312846540192 0.7919796543844203 0.9576458364257812 0.8199363813632444
0 0.9568781513671875 0.8268430483175152 0.8182775141601561 0.7940239637618637 0.8171545059603516 0.8088325883705574 0.9557551431673829 0.8416516729262089
0 0.9557049023437504 0.849960091458154 0.8254552234366663 0.8203980665533568 0.8235960649414064 0.8459752036238138 0.9538457438484904 0.8755372285286112
0 0.9533955864257811 0.8774680733390855 0.8151561801757812 0.8483349361518552 0.8141383770730417 0.8634149384955434 0.9523777833230417 0.8925480756827738
0 0.951800947265625 0.8998912786885247 0.811450628609871 0.8719529101725426 0.8096945243365479 0.8994987294517759 0.9500448429923019 0.927437097967758
0 0.9488200837219274 0.9311698209554401 0.8098158933295555 0.9023335580181492 0.8088718926154407 0.9165422556131838 0.9478760830078126 0.9453785185504748
0 0.9468183935546874 0.9570903071613461 0.8084182963601277 0.9232448195740053 0.8065169799804688 0.9475211501294221 0.9449170771750285 0.9813666377167629
0 0.9437730144529362 0.9839497779439377 0.8057423497372092 0.9534606666406662 0.8046140791015626 0.9694098015530631 0.9426447438172896 0.9998989128563346
0 0.8940110747070312 0.9814773339085419 0.8117048696289062 0.9814773339085419 0.8117048696289062 1 0.8940110747070312 1