0 0.3014172645786064 0.28069413675586896 0.30014679088561386 0.10556547667110616 -0.0012704736929925462 0.1181605024152371 0 0.2932891624999999
0 0.74712946875 0.26328626875000016 0.7058732519278843 0.23489410185543522 0.7043883474397893 0.24732240577711967 0.7456445642619051 0.27571457267168464
0 0.7051071276041667 0.22709971875000004 0.701662371066456 0.1928932396242789 0.636755883240094 0.23054287299805432 0.6402006397778048 0.2647493521237755
0 0.8409208769253006 0.05946952377484349 0.7956234189248325 0.043473443748450434 0.793061560555007 0.0852601233037256 0.8383590185554751 0.10125620333011864
0 0.9399251940104164 0.09300853750000009 0.9363390355004597 0.07003529380512585 0.8998900351945426 0.1028082235458446 0.9034761937044994 0.12578146724071884
0 0.9158810169270833 0.08380596562500013 0.8633987099917602 0.05331864042608423 0.8623037968961831 0.0641752876754584 0.9147861038315063 0.0946626128743743
0 0.6583627253296611 0.005067902362110699 0.6569159020339846 -0.008689280546572942 0.6278178174472039 0.008937494691816728 0.6292646407428804 0.022694677600500368
0 0.8498145872395834 0.03841820937500016 0.8062863794568388 0.012822261533369694 0.8053097685016133 0.022388553788185737 0.8488379762843579 0.0479845016298162
0 0.5296223333333333 0.1074966625 0.5282432139628351 0.0895315870436622 0.4775927456570219 0.11192801519662501 0.4789718650275201 0.1298930906529628
0 0.42655004222409704 0.8689528050344046 0.4255707551868433 0.7810043725259278 0.38626416112843853 0.7835253548423435 0.3872434481656923 0.8714737873508203
0 0.4583885566036925 0.724250457912543 0.4459020453895843 0.4326726363696003 0.38719114839458624 0.44715461237954895 0.39967765960869445 0.7387324339224917
0 0.4199204192708333 0.4375000000000001 0.20530239583333332 0.4375 0.20530239583333335 0.8812493031249999 0.4199204192708333 0.8812493031249999
0 0.21147856331279646 0.6143127170604157 0.20951998641808267 0.43841584458301464 -0.0018361673544256586 0.45197148031083334 0.00012240954028815143 0.6278683527882343
0 0.8934521484375 0.7362263593749999 0.8924535928449243 0.6723198036231398 0.6420323411403691 0.694858069712702 0.6430308967329448 0.7587646254645622
0 0.9009641549479165 0.88543565625 0.8992842099138753 0.81003579707337 0.6432946901628518 0.8428883562756088 0.644974635196893 0.9182882154522387