0 0.5693971477163712 0.4582492787660421 0.559357643978799 0.3994977448649069 -0.010039503737572272 0.44274173953636486 0 0.5014932734375
0 0.907327595190667 0.3222192738271416 0.8633412839681756 0.3134125156930428 0.7939362571368838 0.46747960644923464 0.8379225683593752 0.47628636458333345
0 0.8545061805327474 0.2302006992275856 0.7964005839843749 0.2179735065104167 0.7185225362641275 0.3824575390536644 0.7766281328125001 0.39468473177083335
0 0.7753046668337935 0.13837176615272537 0.725316634765625 0.12688685286458337 0.6486473116818315 0.2751992416597748 0.69863534375 0.2866841549479167
0 0.7167218668255683 0.05012381959442619 0.6588518320312501 0.03723501822916673 0.5814319554400568 0.19172885879099058 0.639301990234375 0.20461766015625008
0 0.8482377853495733 0.6240426987953575 0.8301009305678058 0.46843807436166274 0.7035460817163262 0.47499402609267855 0.7216829364980937 0.6305986505263733
0 0.9047358122543258 0.510939832476328 0.89564199609375 0.5089833164062499 0.8743735783706741 0.552918800336172 0.8834673945312499 0.5548753164062501
0 0.5390603216750898 0.8494956623513588 0.4263481949445177 0.7779430479552158 0.35641033019207397 0.8269068336596647 0.46912245692264604 0.8984594480558076
0 0.6653635041027683 0.7777212868101021 0.5784801182376873 0.7084326402379166 0.45497194269299346 0.7772642374232576 0.5418553285580745 0.846552883995443
0 0.42670647472199696 0.7811773288515483 0.32650735610503456 0.7144171796407298 0.2458215318202039 0.7682393646404334 0.3460206504371663 0.834999513851252
0 0.3313166582739737 0.7176560781127814 0.2699262817944824 0.6678608031292024 0.17501072368643084 0.7198684314561502 0.23640110016592214 0.7696637064397294
0 0.5999082140576921 0.6833996060823421 0.5152003330713129 0.6199390219794804 0.355739462917303 0.7145390715969544 0.4404473439036823 0.777999655699816
0 0.4282430585937501 0.6588541666666666 0.2669973046875001 0.6588541666666666 0.2669973046875001 0.6982913059895833 0.4282430585937501 0.6982913059895833
0 0.779948249153936 0.6750170052020436 0.7759943203125002 0.6606996197916666 0.7480601724470755 0.6641282294385396 0.7520141012885113 0.6784456148489165