0 0.52765921484375 0.11380622265625 0.5272341068144851 0.10030842725462251 0.5125435077677238 0.10134944585827194 0.5129686157969887 0.11484724125989942
0 0.5205169778645833 0.12456991796874999 0.5199604416705651 0.11068030282890674 0.407921728371441 0.12078105771105532 0.4084782645654592 0.13467067285089857
0 0.5648024791666667 0.165436109375 0.5642183964414759 0.15145952984052943 0.4260240090078175 0.16445363522899759 0.42660809173300823 0.17843021476346815
0 0.56278876171875 0.17525140429687502 0.562636284335173 0.17154357339893325 0.4285568273039229 0.18394953043018322 0.42870930468750007 0.187657361328125
0 0.8464442380692002 0.08788658724841952 0.8459169594696463 0.0744923813605165 0.7553544551514171 0.08251385418312784 0.755881733750971 0.09590806007103087
0 0.8150502369791665 0.24969715820312505 0.8147778691137152 0.24174054994809124 0.7336767771027909 0.2479870552264327 0.7339491449682422 0.25594366348146647
0 0.8061249674479166 0.23245979882812498 0.8057830736835769 0.22498723278276603 0.7732321848958331 0.22833817382812494 0.7735740786601729 0.2358107398734839
0 0.7959276614583333 0.2735709550781251 0.7190138672440338 0.2595545881065644 0.7183242539062501 0.2680690449218751 0.7952380481205495 0.28208541189343583
0 0.7640596484375001 0.28948938671875013 0.6898152602114035 0.2714518012603143 0.6887274479166668 0.2815262597656251 0.7629718361427633 0.299563845224061
0 0.7016731380208334 0.26674855273437514 0.6330671688818356 0.2522964666756674 0.63150810546875 0.26894889843750014 0.7001140746077478 0.2834009844962078
0 0.5959460065104166 0.24586380078125014 0.5358875433305006 0.23162714450536553 0.5341222356770833 0.24838309765625008 0.5941806988569993 0.26261975393213466
0 0.5645694166666666 0.22546498242187504 0.4908977509025345 0.20893375532445208 0.48993220473638477 0.21861544056957843 0.5636038705005169 0.23514666766700137
0 0.5996124609375001 0.21990569531250004 0.5980355233433349 0.1922246734513165 0.5663399544270833 0.19628736132812502 0.5679168920212484 0.22396838318930856
0 0.7671185528557006 0.2197816714786846 0.6244578886233697 0.1876163864564787 0.621644310961066 0.21569387528540984 0.7643049751933969 0.2478591603076158
0 0.53352258203125 0.2403964863281251 0.4548323288607245 0.22508621562444694 0.45396594921875 0.23510531835937507 0.5326562023892755 0.2504155890630532
0 0.30109317838541677 0.5772661953125001 0.2674865514590649 0.5555870144499502 0.22730252864583333 0.695745044921875 0.26090915557218514 0.717424225784425
0 0.25531428573729004 0.7542719094596864 0.20684633984374998 0.7240874257812501 0.14055526243979333 0.9635890475715637 0.1890232083333334 0.99377353125
0 0.9720850156249999 0.955221125 0.9674249243441776 0.8900965854616676 0.7566741769929015 0.9240279558179355 0.7613342682737239 0.9891524953562679
0 1.0062731842478767 0.9497167479098959 0.9999999999383692 0.8620493702324635 0.9379587523745023 0.8720381645811651 0.9442319366840098 0.9597055422585975
0 0.9208193718421813 0.8713878730159035 0.7212906215127193 0.6039670440867636 0.6207648614783777 0.7727272844567996 0.8202936118078399 1.0401481133859396
0 1.0440816089023508 0.7677771448884726 0.8681996400998071 0.5320492014696206 0.781837290237488 0.6770322475343836 0.9577192590400317 0.9127601909532356
0 0.9759744817708333 0.35937500000000017 0.78204219921875 0.3593750000000001 0.78204219921875 0.5483074726562502 0.9759744817708333 0.5483074726562502
0 0.8988280441534009 0.5663393030976248 0.6139393910790972 0.20544176620441823 0.510608177180727 0.388971013461898 0.7954968302550308 0.7498685503551046
0 0.7236306000391234 0.6705786869976172 0.47543675310939104 0.34679870840640914 0.44655498491868917 0.39661223815364316 0.6947488318484215 0.7203922167448513