0 0.4914803406968916 0.12600275613446352 0.422084783437019 0.07929680400862274 0.2720430158894841 0.3022283918962557 0.3414385731493567 0.3489343440220965
0 0.8371497609375 0.43487203750000003 0.8360407075894178 0.3560883461768148 0.7922069062499999 0.356705403125 0.7933159595980821 0.4354890944481852
0 0.7586509687499998 0.33598886875 0.6772340256587353 0.3349164741468256 0.676399525 0.39827234375000004 0.7578164680912647 0.3993447383531744
0 1 0.3265204031250001 0.8772740984375 0.3265204031250001 0.8772740984375 0.4807517937500002 1 0.4807517937500002
0 0.476774978125 0.5771298625 0.3331831875000001 0.5475465609375 0.3138672439171565 0.6413025239361615 0.4574590345421564 0.6708858254986615
0 0.4568215734375 0.681474165625 0.30966294654775395 0.6535683508581578 0.3004016035031517 0.7024071515520529 0.44756023039289783 0.7303129663188951
0 0.41034206334179346 0.7249809152458823 0.29999018545262757 0.7040005186590341 0.28724734711083416 0.7710248065381519 0.39759922500000006 0.792005203125
0 0.3949751953124999 0.797675234375 0.28166664724387713 0.774292854756859 0.2581297750000001 0.8883500578125 0.3714383230686229 0.911732437430641
0 0.3586142656250001 0.920894275 0.25293721323247953 0.8990937197451675 0.2466918125000001 0.9293679734375001 0.3523688648925207 0.9511685286923326
0 0.30472941875000015 0.6088691265625 0.17330771709193799 0.5756862789819606 0.16526247500000002 0.6075497109375001 0.2966841766580622 0.6407325585180395
0 0.29690317812500006 0.650921 0.1627997496184263 0.616554424102643 0.15468478593750007 0.6482202046875 0.28878821444407377 0.6825867805848569
0 0.27413183125000007 0.7307580937500001 0.14092651250000005 0.7007401687500001 0.13381073901717827 0.7323165976647925 0.2670160577671783 0.7623345226647926
0 0.26742645000000015 0.7716420125000001 0.2000232515625001 0.7551765078125 0.1920391318662815 0.7878603042977373 0.2594423303037815 0.8043258089852374
0 0.2482932765625001 0.855867309375 0.17645116486635476 0.8404136851931941 0.17013836718750014 0.8697611515624999 0.2419804788836455 0.8852147757443058
0 0.23466437812500018 0.8981233796874999 0.1032364994128335 0.8676789405409762 0.09631102150527135 0.8975760546273364 0.227738900217438 0.9280204937738601
0 1.067848389318058 0.7359764193309204 0.7160504719123276 0.6342665536780766 0.6482020825942699 0.8689431202846564 1.0000000000000002 0.9706529859375002