0 0.42569020547874725 0.31801203516627885 0.41773542049875484 0.20690774170049708 0.09108007721583834 0.25953004916477507 0.0990348621958308 0.37063434263055683
0 0.7724657990245613 0.2431342961864652 0.6628307643229167 0.24296375585937507 0.6628113546972895 0.27103889670652975 0.772446389398934 0.2712094370336199
0 0.9596873541666667 1.6874837338249295e-16 0.8775593632812501 1.6120503979562583e-16 0.8775593632812501 0.01131357812500016 0.9596873541666667 0.01131357812500017
0 0.2045266003240996 0.9991121127481825 0.1855504677158126 0.7462816587515662 -0.000890676042324956 0.7777665790855524 0.018085456565962072 1.0305970330821688
0 0.3025663893229167 0.992893046875 0.2828857060776127 0.7306754849131039 0.1904758514371346 0.7462810393035579 0.21015653468243864 1.0084986012654542
0 0.42885696900270337 0.7092921365839449 0.42866530372942435 0.700123718181756 0.41907916806005435 0.7005746128478112 0.4192708333333334 0.70974303125
0 0.42073834505208335 0.6928560859375 0.4192708333333333 0.6928560859375 0.4192708333333333 0.69437815234375 0.42073834505208335 0.69437815234375
0 0.5783534309895834 0.679316255859375 0.5782576028922453 0.6747322417330766 0.5461977655816522 0.6762402049576745 0.5462935936789903 0.680824219083973
0 0.43368306640625004 0.687650865234375 0.4334929102198144 0.678554594560957 0.41908067714689773 0.679232487139082 0.4192708333333333 0.6883287578125
0 0.43678476562499996 0.6737382363281249 0.43675282290175804 0.672210229866736 0.4192388906100914 0.673034013069861 0.4192708333333333 0.67456201953125
0 0.43863063497467253 0.660213991644365 0.41943942573506504 0.6548498287558073 0.41837479595188243 0.66341984239103 0.43756600519148997 0.6687840052795877
0 0.4919146568996256 0.6241941857857702 0.4660036210638821 0.615327409824956 0.4607828937867762 0.649654150160792 0.4866939296225197 0.6585209261216063
0 0.4479769685868402 0.644149518235843 0.4474977951086179 0.6212279630343329 0.42651022626136115 0.6222151362047398 0.42698939973958344 0.6451366914062499