0 1.07103301286887 0.21491843824149393 0.9984603111118788 0.14665738986036037 0.8383755265597597 0.3168537990960578 0.9109482283167509 0.3851148474771914
0 0.3687226445312499 0.5308810253906249 0.19507741796874994 0.47230323828124987 0.15682998887668 0.5856821113637176 0.33047521543918 0.6442598984730926
0 0.32807133593750004 0.657299560546875 0.14974525358775945 0.6002596434193253 0.13081492538705894 0.6594422550994404 0.30914100773679953 0.7164821722269903
0 0.26377733797702524 0.7041970959177539 0.1300617592665026 0.6613564440975513 0.10404168300822747 0.7425711177110476 0.2377572617187501 0.7854117695312501
0 0.233637919921875 0.7920467441406249 0.09661996431555286 0.7457755813841677 0.05004307617187509 0.8836988496093751 0.18706103177819722 0.9299700123658323
0 0.16975476367187514 0.939383369140625 0.041964099683871714 0.896237307776145 0.029603660156250156 0.932846646484375 0.15739432414425358 0.9759927078488551
0 0.15043364453125002 0.54405053125 5.551115123125783e-17 0.48579021484375007 -0.014603922772074868 0.5234989240058663 0.1358297217591751 0.5817592404121162
0 0.13431771875 0.59503133984375 5.551115123125783e-17 0.54246361328125 -0.014366659743864585 0.5791723904919035 0.11995105900613537 0.6317401170544035
0 0.09390358593750006 0.6906149277343749 5.551115123125783e-17 0.6569934765625001 -0.013273447858600879 0.6940657714288121 0.08063013807889913 0.727687222600687
0 0.0793562148437501 0.7403174238281248 1.1102230246251565e-16 0.710287548828125 -0.014752065063302566 0.7492709959637668 0.06460414978044743 0.7793008709637667
0 0.04278741601562508 0.84189960546875 1.1102230246251565e-16 0.8270499667968749 -0.01212005188079035 0.8619724126161481 0.030667364134834618 0.8768220512880232
0 1.0352080038080176 0.8852653353926793 0.9995421704326216 0.5267602145770367 0.505523098265229 0.5759076350437325 0.541188931640625 0.9344127558593751
0 0.753237375 0.4199218750000001 0.5079386796875 0.4199218750000001 0.5079386796875 0.53045575 0.753237375 0.53045575