0 0.10139546354166672 0.282579083984375 2.3140538749705527e-17 0.282579083984375 2.6805892985790368e-17 0.37236875 0.10139546354166672 0.37236875
0 0.8543343385416667 0.17650589453124996 0.8399125330838099 0.05615991639693149 0.7055118971354167 0.09239855664062502 0.7199337025932738 0.21274453477494348
0 0.7585870052083332 0.19870528125000025 0.6920561039816336 0.07804761434555868 0.6682536613967468 0.10757823178326215 0.7347845626234463 0.22823589868770372
0 0.7182573307291666 0.19634433984375 0.7047632479659475 0.09008152828553945 0.34635117708333335 0.192487955078125 0.35984525984655247 0.29875076663633554
0 0.40128843880208337 0.3026102890625 0.3267101159206988 0.15813793160074965 0.27938356640625 0.21310659960937495 0.35396188928763456 0.3575789570711253
0 0.9482318059895835 0.3060777089843749 0.8141341790759941 0.1288056424260089 0.7601764491010202 0.22064249122270535 0.8942740760146096 0.3979145577810714
0 0.8492867135416668 0.3343090390625 0.8348125241974889 0.22192092106493364 0.44773821484374987 0.334084205078125 0.46221240418792786 0.44647232307569135
0 0.51317828515625 0.4310449257812502 0.3951187330611061 0.2610644668875288 0.3454050525824281 0.3387536524512813 0.4634646046775719 0.5087341113450027
0 0.6150447734374999 0.05697719335937501 0.5478305040347641 -0.029958716171969824 0.5304846978831351 0.00021572855896656584 0.5976989672858709 0.0871516380903114
0 0.5573343203125 9.058122736953731e-17 0.41567097265625 7.756965997475791e-17 0.41567097265625 0.07240658789062508 0.5573343203125 0.0724065878906251
0 0.4861308528645833 0.09473283984375006 0.4725332945981863 -0.01291363590897325 0.2766680059153847 0.042753785874817 0.2902655641817817 0.1504002616275403
0 0.754216115778013 0.02640050883893516 0.753815250511281 -0.002874004919316893 0.6310697760416667 0.0009077792968749977 0.6314706413083987 0.03018229305512705
0 0.05284590234375008 0.818508544921875 6.71953059573085e-17 0.818508544921875 7.444042796278768e-17 0.99599127734375 0.05284590234375008 0.99599127734375
0 0.13559318140599536 0.9997923433600167 0.11596886978535163 0.7982433668388957 0.05001907408353184 0.8126914358400202 0.06964338570417555 1.0142404123611413
0 0.16348278157010473 0.8792200190870817 0.1560781789590093 0.7925822576115894 0.12604394791666665 0.7983578105468748 0.13344855052776208 0.8849955720223671
0 0.9841823165004561 0.9272692449259139 0.825165443161909 0.8993296999064165 0.8196148967970767 0.9704088347738868 0.9786317701356237 0.9983483797933843