0 0.14495163240628783 0.07966362478777592 0.08589613910178166 0.07206436334876051 0.07101225590771121 0.30009100883381457 0.13006774921221737 0.3076902702728299
0 0.22308962152357922 0.08173280984719869 0.16337316832405824 0.07522472764284646 0.1506024358110187 0.30623814971056357 0.2103188890105397 0.3127462319149158
0 0.8884207980652962 0.18523684210526312 0.8189865445468217 0.026890569438374704 0.7587079806529624 0.0789991511035654 0.8281422341714367 0.2373454237704538
0 0.9438177935292318 0.06641388246571071 0.914143420532948 0.0009228701515645122 0.8453219994341877 0.06239863114935124 0.8749963724304717 0.12788964346349746
0 0.3393627886251569 0.9800544212423636 0.07988365862810345 0.7345126971800509 0.05087936159594609 0.794938148913868 0.31035849159299944 1.0404798729761808
0 0.46926606082283995 0.988503139894941 0.18261206072634076 0.6978683905919564 0.14147195893031186 0.7778621779370849 0.428125959026811 1.0684969272400695
0 0.07700526481257565 0.6987213497453311 0.018118954050786035 0.6987213497453311 0.018118954050786038 0.7483222207130731 0.07700526481257565 0.7483222207130731
0 0.17335243701332645 0.700137507339644 0.06161158369283733 0.6012620159552426 0.030976426415924723 0.6695153502930734 0.14271727973641385 0.7683908416774747
0 0.8165159558645707 0.767990455008489 0.8125126999503083 0.7500421220109577 0.7716944431680776 0.767990455008489 0.7756976990823398 0.7859387880060202
0 0.8973724239616289 0.8089373808717572 0.8917099696307338 0.7864976035752327 0.8375256293833131 0.8134526689303904 0.8431880837142081 0.8358924462269149
0 0.9243651753325273 0.7962077724957556 0.9217862693683794 0.7845274232056474 0.8949516324062878 0.7962077724957557 0.8975305383704356 0.8078881217858638