0 0.028059852828414097 0.9234204331607164 0.001576315104166735 0.9220927773437501 0.00018541279658605692 0.9845193715267837 0.02666895052083342 0.9858470273437501
0 0.097399111822469 0.9349875779324114 0.060984327056687736 0.9331620567574087 0.059574636682165776 0.9964319533899165 0.09598942144794705 0.9982574745649192
0 0.05910490636751686 0.9282650959128741 0.029972977618842076 0.9268046740046724 0.028550857953947226 0.9906324275898283 0.057682786702622 0.99209284949803
0 0.18146951910790612 0.8574217357772687 0.1326604953999513 0.8405038592444318 0.10909120514624711 0.9935009922010825 0.15790022885420193 1.010418868733919
0 0.18118249055284266 0.6952359907642027 0.1500285238468714 0.6883988516474462 0.13512942839629785 0.8411488996283364 0.1662833951022691 0.8479860387450929
0 0.1570022409943069 0.6189466455819835 0.1302545237895217 0.6082152771374332 0.09582213049334477 0.8013148643419916 0.12256984769812997 0.812046232786542
0 0.029641672503931654 0.5846846178225586 0.003158100842027343 0.5833569609013817 -0.004321163352570802 0.919042075603935 0.022162408309333508 0.920369732525112
0 0.12278269797170832 0.5692007040214278 0.09298872149059262 0.5677070917384391 0.08490847036453775 0.9303656833920444 0.11470244684565345 0.931859295675033
0 0.09219391802031547 0.5438774835878284 0.06239994201921952 0.5423838712055332 0.05384988995749099 0.926128080980748 0.08364386595858693 0.9276216933630431
0 0.06136862076342089 0.5291772293816488 0.032236523063239465 0.5277167979920543 0.023411927491406314 0.9237831315004462 0.05254402519158773 0.9252435628900407
0 0.04568892963833127 0.5189351786738381 0.01986737075361476 0.5176407088722141 0.018370420281950194 0.584826971604626 0.04419197916666671 0.58612144140625
0 0.018337094207369526 0.497074898719064 0.005095307928060973 0.4964110702791282 0.003292882129449277 0.5773077379883723 0.01653466840875783 0.5779715664283083
0 0.056749389322916705 0.46875 0.02221411067708337 0.46875 0.02221411067708337 0.4969172265625 0.056749389322916705 0.4969172265625
0 0.5352198400560373 0.9871418329919885 0.5114162606005227 0.8004365633151865 0.4319277676882885 0.8232385387776326 0.45573134714380314 1.0099438084544348