0 0.262901927734375 0.13404624609375004 0.26175218785606963 0.11627339814167961 -0.0011497398783053541 0.13328073603230456 0 0.151053583984375
0 0.27842471093749993 0.10664194921875007 0.27728959973749295 0.08835058742335218 -0.001135111200006973 0.1056288530483521 0 0.12392021484374999
0 0.6262557556899647 0.13782613401979918 0.5879797421875 0.0034490605468749935 0.5451584051804312 0.01564630544227305 0.5834344186828959 0.15002337891519724
0 0.855311568359375 0.222081638671875 0.8188602422823301 0.08740415567366375 0.7151678457876617 0.11546916900917131 0.7516191718647066 0.25014665200738256
0 0.921086173828125 0.36914062500000006 0.88408917779637 0.24386277967110176 0.7216345878906247 0.29183879492187503 0.7586315839223797 0.41711664025077333
0 0.1202980070897034 0.9999149658434593 0.03368989422427728 0.4877187140756076 -0.036417185914430106 0.4995732364161393 0.050190926950996 1.0117694881839912
0 0.6914681464731156 0.5407805255183556 0.6880092469167821 0.5141711682419158 0.6698496820630107 0.5165316954114891 0.6733085816193443 0.543141052687929
0 0.7908069750411544 0.5158650867286607 0.7800412884214019 0.47882766685750255 0.6844339520521224 0.5066179023944669 0.695199638671875 0.5436553222656251
0 0.9756735272375126 0.47996816104907686 0.9655781113281249 0.4023039765625 0.9639273174261214 0.4025185600430526 0.974022733335509 0.48018274452962945
0 0.9745705587414183 0.47751325025715186 0.9516933864661099 0.39880844249021163 0.7710855526038288 0.4513058266623795 0.7939627248791372 0.5300106344293197
0 0.9368482684545187 0.4382696529723154 0.9267553926018811 0.4035469246373555 0.8732072218036123 0.4191118029150401 0.88330009765625 0.45383453125
0 0.879801525531 0.4527482963702451 0.8748191217943456 0.4144185840260893 0.8533575489003322 0.41720833157288806 0.8583399526369866 0.4555380439170439
0 0.8605469620483197 0.4554270422344825 0.85045426171875 0.420704904296875 0.7981657742798053 0.43590362378114245 0.8082584746093749 0.4706257617187499
0 0.8054548673101516 0.4748891878387611 0.80030633203125 0.43528142968750005 0.7788447596754268 0.4380711776452783 0.7839932949543283 0.47767893579653936
0 0.7805944887950043 0.47736017334674197 0.7754126386718749 0.4374961367187501 0.7522998498651382 0.440500524072738 0.7574816999882675 0.48036456070072986
0 0.7543640037625083 0.4822083822883931 0.7495631239040838 0.4452751509564357 0.7281015513568985 0.4480648995827019 0.7329024312153231 0.48499813091465926
0 0.7353575840886147 0.48679539334073435 0.7252647105661754 0.45207266278502384 0.6729761323369357 0.4672714100692895 0.683069005859375 0.501994140625
0 0.7049235970891761 0.4893137359627034 0.7010327560475158 0.45938143034348616 0.6779203908808862 0.4623857608519394 0.6818112319225464 0.4923180664711566
0 0.6693950469754885 0.5461354444118165 0.6478636727102615 0.47206060787838794 0.5687051096731863 0.495069671776621 0.5902364839384133 0.5691445083100496
0 0.9557534840495411 0.3913003749326238 0.952482455502015 0.3661362945032097 0.929370087890625 0.369140625 0.932641116438151 0.3943047054294141
0 0.9301090220320416 0.3954953322678427 0.9174784324888244 0.33785875121071074 0.7130667488430208 0.38265391474424615 0.725697338386238 0.44029049580137813
0 0.72573712890885 0.43436238843122577 0.7116071738281249 0.385750806640625 0.5639950449192748 0.42865730492814924 0.5781249999999999 0.47726888671875