0 0.18650597966269844 0.34850864296875006 0.10882359532029875 0.34007926150949097 0.10650763593220441 0.3930235230497654 0.1841900202746041 0.4014529045090245
0 0.8045634057539682 0.04771130937500015 0.6585110530753968 0.047711309375000135 0.6585110530753968 0.6000000000000002 0.8045634057539682 0.6000000000000002
0 0.3256680783730159 0.8234191945312501 0.32240477663328787 0.7518902302541186 0.21235232360144812 0.7643450125140132 0.21561562534117612 0.8358739767911446
0 0.2700621324404761 0.9295709070312498 0.26885431394945697 0.9026584627961454 0.24029175968524458 0.9058383132064041 0.24149957817626372 0.9327507574415085
0 0.30136183184523807 0.99609263828125 0.2989817720925786 0.9691527823842148 0.26770513511186 0.9760072504542986 0.2700851948645195 1.0029471063513342
0 0.589917152281746 0.7666249046875 0.5038707880052481 0.7436708942237721 0.4957432323013875 0.8192488290222443 0.5817895965778854 0.8422028394859723
0 0.7087920248015873 0.7977051109375002 0.5679079834913486 0.7608084420530395 0.5598105977709357 0.8375058321748684 0.7006946390811744 0.874402501059329
0 0.8111015362103174 0.8272833921875 0.6927307894085031 0.7959744272363538 0.684648284000555 0.8717767995034317 0.8030190308023694 0.903085764454578
0 0.8996794940476192 0.8498955734375002 0.7915780181129523 0.8236014500151672 0.7823157215195732 0.9180624907823451 0.8904171974542401 0.944356614204678
0 0.9484207564484128 0.8668654890625002 0.9160623081108149 0.8289351333185486 0.8613112345746898 0.9448007366485139 0.8936696829122878 0.9827310923924655
0 0.6304537157738096 0.6723122921875001 0.48987068353153396 0.6308539535548428 0.47836960615079377 0.7275971992187502 0.6189526383930695 0.7690555378514077
0 0.6465192288488241 0.7175741864959956 0.626180242870165 0.6938954981172474 0.5947083780488464 0.7609542163916141 0.6150473640275053 0.7846329047703622
0 0.7292181532738097 0.7426593781250002 0.6421362651756005 0.7193981843450711 0.6364013625180415 0.7726559576233799 0.7234832506162505 0.795917151403309
0 0.8559817455357144 0.7326209796875003 0.734547312583803 0.6993206105437392 0.7237346168494452 0.7971316557720267 0.8451690498013564 0.8304320249157879
0 0.9383217415674603 0.7650025015625002 0.8309499859623933 0.7343014128025463 0.8205886879960317 0.8241914492187503 0.9279604436010986 0.854892537978704
0 0.9814967767857145 0.7786692656250003 0.951351514833365 0.7466424615232284 0.9082831061507938 0.8472024929687503 0.9384283681031433 0.8792292970705221