0 0.20075548567708335 0.21445316406249998 0.19495346730118832 0.17075295863514373 0.057856037760416666 0.2117080078125 0.06365805613631169 0.25540821323985624
0 0.24027826790244503 0.2675479835598224 0.2332552514795505 0.2225598166623664 0.1435933611812721 0.254052944430669 0.15061637760416668 0.299041111328125
0 0.8939361994887207 0.6268416882094322 0.7108276528114897 0.5743142672817101 0.7028650091145834 0.6367685664062501 0.8859735557918144 0.6892959873339721
0 0.9146935346081633 0.5215143157308357 0.7330364368199481 0.46203787846906974 0.7184371369414323 0.5623658365223969 0.9000942347296474 0.6218422737841629
0 0.757223930759551 0.29770159079314784 0.5747674488572783 0.22363582281901218 0.5103895517865469 0.5804655850616963 0.6928460336888195 0.654531353035832
0 1.0176480518343565 0.23405998224311023 0.9722148653149153 0.21795993107320868 0.9044160559895832 0.6484375000000002 0.9498492425090245 0.6645375511699017
0 0.9701568710937502 0.2188416308593752 0.7847892240465756 0.15315334231833033 0.7380289283854168 0.45005030664062523 0.9233965754325912 0.5157385951816701
0 0.23071526432291675 0.8152476875000001 0.18477535739352535 0.7856367434624856 0.1810831933397453 0.7985252134742343 0.22702310026913666 0.8281361575117487
0 0.27852940104166674 0.7813919121093751 0.23259005663190793 0.7517797816594727 0.22889778776041672 0.764667943359375 0.2748371321701755 0.7942800738092776
0 0.25546876692708337 0.7984415468750001 0.209530795089385 0.7688302988301497 0.2058384049479168 0.7817188828125002 0.25177637678561515 0.8113301308573506
0 0.20596142447916668 0.83205490234375 0.16002175069007296 0.8024435131281137 0.15632961994837435 0.8153316076854671 0.20226929373746808 0.8449429969011033