0 0.12308595123389672 0.42006082548431467 0.11015279435236335 0.37020154808981565 0.047054047357852145 0.3794082022083931 0.05998720423938553 0.42926747960289213
0 0.091785663307337 0.32826508811764005 0.06600005978221073 0.23347893246024368 -0.025785603525126276 0.24752419199885367 1.850371707708594e-17 0.34231034765625007
0 0.792388004327223 0.2606145518200217 0.7614410221354166 0.18350214648437504 0.6296108758811102 0.21326203607060343 0.6605578580729167 0.29037444140625013
0 0.41206233444954105 0.8214474907865966 0.3769100893763105 0.7653789833722867 0.2896996905965968 0.7961346306486512 0.32485193566982734 0.8522031380629611
0 0.7017105881119646 0.9108277798900692 0.6989228216145832 0.8356481240234375 0.5676135980859519 0.8383870091724306 0.5704013645833333 0.9135666650390624
0 0.6994930595418304 0.8290510958917673 0.698915590830462 0.7898944925971458 0.5662230534240481 0.7909952521741285 0.5668005221354165 0.8301518554687499
0 0.6969644514206544 0.7882470811265277 0.6966101882658245 0.7346855205286956 0.5961411119791665 0.735059310546875 0.5964953751339963 0.7886208711447071
0 0.6981903958333334 0.636643736328125 0.5975016671810428 0.6365133482087022 0.5972858606770834 0.7302544150390624 0.6979745893293741 0.7303848031584852
0 0.7007941898073082 0.6274953639636938 0.6999038033854168 0.6032179306640625 0.6032844833697752 0.6052111829113062 0.6041748697916666 0.6294886162109374
0 0.835468920572917 0.8352146845703127 0.7146051270054555 0.8330743434967283 0.713792464245039 0.8588877975982907 0.8346562578125004 0.8610281386718751
0 0.8365032565104169 0.8022069306640627 0.7124775389786957 0.8012695005337949 0.7121326200257233 0.8269387059806195 0.8361583375574445 0.8278761361108873
0 0.8379249075520835 0.7595648154296876 0.8377163577318915 0.734131822330611 0.7157240647631413 0.734694509830611 0.7159326145833335 0.7601275029296876
0 0.7758513385416667 0.7018977802734376 0.7138622536406499 0.7014856211007449 0.7135497809843999 0.7279209550851197 0.7755388658854168 0.7283331142578124
0 0.7790793137071333 0.6589054464076751 0.7785255989583336 0.6353226542968751 0.7127279727512005 0.6361916619907625 0.7132816875000002 0.6597744541015625
0 0.837202631510417 0.6031015449218751 0.717445831920513 0.6008891667058942 0.7166535299479168 0.6250134306640627 0.8364103295378208 0.6272258088800435