0 0.14689662612410148 0.30318567387301426 0.10569034936542579 0.185303218191457 -0.04120627675867569 0.20812468233927606 0 0.3260071380208333
0 0.7543333958986939 0.2616289992025825 0.6572632324218749 0.1975858411458334 0.5867769771481809 0.24506849038075104 0.6838471406249998 0.30911164843750016
0 0.30314937710082795 0.9872208230580101 0.2890989569197794 0.9179211390965447 0.12277280401668264 0.9329088767458428 0.1368232241977312 1.0022085607073081
0 0.3496093750000002 0.9089399986979166 0.3028828554687502 0.9089399986979166 0.3028828554687502 0.9868928867187501 0.3496093750000002 0.9868928867187501
0 0.2874387160624023 0.9078183947055601 0.2794283367504638 0.7601997865849975 0.11399635701618649 0.7641895663586039 0.12200673632812499 0.9118081744791665
0 0.35504621483556037 0.8922925295233542 0.3446018464149856 0.6998192939223515 0.2953823878163534 0.7010063360986836 0.3058267562369282 0.8934795716996863
0 0.5836717011718753 0.9654568398437501 0.5536133281250002 0.9654568398437501 0.5536133281250002 1 0.5836717011718753 1
0 0.5393525319750627 0.9605613456235055 0.5083407374984289 0.9602958151108583 0.5075786031103812 0.9998562905949978 0.538590397587015 1.000121821107645
0 0.5037584547763074 0.956815029630079 0.4617984346264449 0.9520507526261875 0.4512771260386076 0.9932345059813232 0.49323714618847014 0.9979987829852147
0 0.44075659379811627 0.9501789959676489 0.42384286668470206 0.949318994139131 0.41944211434484 0.9877856431892602 0.43635584145825423 0.988645645017778
0 0.41616473539078175 0.9487524824173734 0.40006005491946467 0.9472028388038649 0.3924325040235094 0.9824336690519004 0.40853718449482646 0.983983312665409
0 0.45768815078735603 0.9440289974043395 0.455393132648959 0.9229708813145563 0.3894426102174505 0.9261653771685115 0.3917376283558476 0.9472234932582948
0 0.6404883451574255 0.9140052784336277 0.6402970527343751 0.9122500598958334 0.6250769419519496 0.9129872879726225 0.625268234375 0.9147425065104168
0 0.42217569852591413 0.9210513463384351 0.42198445507812504 0.9192965768229167 0.40929839131783596 0.9199110612136483 0.40948963476562505 0.9216658307291667
0 0.6374224289925393 0.9088612380757984 0.636848649560017 0.9035964838529723 0.5583101640625 0.9074007148437501 0.5588839434950224 0.9126654690665762
0 0.6481400386462577 0.9230970984904623 0.47422679128042095 0.9070399618299915 0.46583690348588663 0.9474266457418934 0.6397501508517234 0.9634837824023642
0 0.4688481998984526 0.8803736469682536 0.4086447165536985 0.8735379485082916 0.39814669064104746 0.9146305698003987 0.4583501739858016 0.9214662682603607
0 0.4657211302911419 0.873074121071033 0.46552988671875 0.8713193528645835 0.42243135213073313 0.8734069518456339 0.42262259570312505 0.8751617200520833
0 0.4808540865337526 0.8688130570785894 0.47645519935194147 0.8284506930974311 0.4026629526619388 0.8320250214355084 0.40706183984375 0.8723873854166667
0 0.4915320352164937 0.8241923393571488 0.4888544316303687 0.7996237902704751 0.40251611967904866 0.8038058266506775 0.40519372326517367 0.8283743757373512
0 0.45556635867234707 0.7977081275884409 0.45537511522411867 0.7959533592808916 0.3970700534267716 0.7987775272653673 0.397261296875 0.8005322955729167
0 0.6183978006884294 0.7951130257442123 0.6166765124583048 0.7793192147045375 0.6014564017941225 0.7800564429286999 0.6031776900242471 0.7958502539683746
0 0.4987577512806618 0.7639146390143502 0.38378273547249037 0.7615376496741418 0.3821951723051872 0.7956667421487703 0.49717018811335867 0.7980437314889787