0 0.07351397385072692 0.3672558439650462 0.02481642502387778 0.3613671232876712 0.022136628787808185 0.399041857106659 0.07083417761465732 0.4049305777840341
0 1 0.20586719551681212 0.9920264985673353 0.20586719551681212 0.9920264985673353 0.2478235043586552 1 0.2478235043586552
0 0.980147251005145 0.17227312019814187 0.9486788287316767 0.16638637963774708 0.9420699067131015 0.22644743699087805 0.9735383289865699 0.23233417755127284
0 0.9546519837147253 0.1700683451959106 0.8907259517644908 0.1361456235376669 0.873007008794614 0.19291147307380327 0.9369330407448486 0.226834194732047
0 0.8917781518389525 0.1381079778190794 0.8229065185425347 0.10764793401052068 0.8077669971165015 0.16584274722111983 0.8766386304129192 0.19630279102967854
0 0.8264357097606949 0.1109752235602704 0.7566624897849513 0.07680005568869606 0.7400465625141102 0.1344720493285783 0.8098197824898538 0.16864721720015266
0 0.9997919745498105 0.10319243298857249 0.9702907067624273 0.09767368337405026 0.9664272467447346 0.13278431838004265 0.9959285145321178 0.13830306799456488
0 0.7555269678307849 0.07877205608156376 0.620677771774932 0.01759869237224617 0.6053419543404268 0.07507054576127274 0.7401911503962797 0.13624390947059034
0 0.9716348276081471 0.093319480325955 0.8679445496264315 0.0459716673975594 0.8580653941922886 0.08275238574632646 0.9617556721740042 0.13010019867472206
0 0.6156978166622784 0.011502940732507749 0.5485044873529684 -0.005702599841775777 0.5395184811651168 0.05395789128319296 0.6067118104744268 0.07116343185747649
0 0.5434551910219675 7.07888155178182e-17 0.5198538727751404 -0.004415056196696093 0.515541189768965 0.034778063652808854 0.5391425080157921 0.03919311984950502
0 0.8649933011172943 0.04336014287394408 0.770434069782829 0.0001822289332338035 0.7598996919590439 0.03940275731604519 0.8544589232935093 0.08258067125675547
0 0.7661769837631327 0.0007664259028643912 0.6797367535808789 -0.011076688526337603 0.6770586937849535 0.022153479077967022 0.7634989239672073 0.033996593507169014
0 0.1811396790830946 0.7804683648816937 0.14163414066407 0.7688347145021341 0.13656526724977483 0.7980975021387222 0.17607080566879943 0.8097311525182816
0 0.3217503868194843 0.7737769041095892 0.21588919662250494 0.7492955158001573 0.2076730563514805 0.809694668742217 0.3135342465484599 0.8341760570516488
0 0.8089608359982465 0.8534179939621758 0.7444811091410541 0.7111964130284452 0.6467756157774533 0.7865040364067662 0.7112553426346457 0.9287256173404969