0 0.6810123847656249 0.38119100976562503 0.6602055468968006 0.350627370261579 0.533443095703125 0.4369235644531251 0.5542499335719493 0.46748720395717114
0 0.5251683417968751 0.42646198828125015 0.41254794869755224 0.29417435055250574 0.37546785675669386 0.32574173358417896 0.4880882498560167 0.4580293713129234
0 0.3462873105468751 0.9754283144531251 0.28834194140625014 0.9754283144531251 0.28834194140625014 1 0.3462873105468751 1
0 0.3395701618118232 0.9702353001712024 0.23908622845589475 0.7024727886782643 0.10719644675472359 0.7519674097172441 0.207680380110652 1.019729921210182
0 0.633632791015625 0.9098727910156252 0.46945144708186903 0.8284615973288809 0.4163728026384041 0.9355049016248724 0.58055414657216 1.0169160953116168
0 0.6680881185050955 0.8450324956539546 0.5030455164443064 0.7600048483861617 0.47452238671875 0.8153695644531249 0.6395649887795392 0.9003972117209178
0 0.7062829749372674 0.7663428700921353 0.5817873046875 0.7010734238281251 0.5422201794042865 0.7765442001859498 0.666715849654054 0.8418136464499602
0 0.7813535859375 0.6298676328125001 0.6571033458409188 0.5634795660962005 0.586789966796875 0.6950763222656251 0.7110402068934563 0.7614643889819247
0 0.8084341386718749 0.58404275390625 0.6877975731794924 0.5236341910103164 0.670498914700101 0.5581798025352005 0.7911354801924835 0.6185883654311343
0 0.8026366445312498 0.9989527968749999 0.6515919753837826 0.9199046501986468 0.6334446378358245 0.9545804612212818 0.7844893069832917 1.0336286078976349
0 0.8285660957031251 0.9532690820312499 0.6739840235601792 0.8727726588581207 0.6551398527223108 0.9089602416239815 0.8097219248652567 0.9894566647971106
0 0.8805519707031251 0.85826072265625 0.7285110060218554 0.7807246383467856 0.7101284298499805 0.8167711402999107 0.8621693945312501 0.8943072246093752
0 0.8285561406249999 0.7725350312500001 0.7524043996441592 0.7310233187812193 0.7322752726910342 0.7679494769843442 0.808427013671875 0.8094611894531251
0 0.8815810996093749 0.6807793261718752 0.7991369286107468 0.6394911703685493 0.7823483786197506 0.6730145394642748 0.8647925496183787 0.7143026952676007
0 0.9781310742187498 0.6740625234375 0.8315797594034489 0.5921465331677414 0.8128477812499999 0.6256588671875 0.9593990960653008 0.7075748574572585