0 1 0.2581862526041668 0.9470262031250001 0.2581862526041668 0.9470262031250001 0.3573766197916668 1 0.3573766197916668
0 0.9750120913131712 0.2487834287955845 0.7814679467838151 0.2072262231529262 0.7386109964138361 0.29593619580892305 0.9321551409431922 0.33749340145158135
0 0.8031680746426346 0.21465526371402296 0.5585179774436267 0.15635013716094243 0.5223542565494337 0.22379195082785683 0.7670043537484416 0.2820970773809374
0 0.5423303515625 0.1417018385416667 0.44921875 0.1417018385416667 0.44921875 0.20017688802083336 0.5423303515625 0.20017688802083342
0 0.4492187500000001 0.8073798190104166 0.2618926894531251 0.8073798190104166 0.2618926894531251 0.8769062252604166 0.4492187500000001 0.8769062252604166
0 0.350941943710802 0.9725776459264645 0.34399107377205107 0.8841573216116053 0.18795520818624906 0.8896089842788908 0.194906078125 0.9780293085937499
0 0.9915867998306782 0.6751869248851207 0.9893096464818738 0.6471957083025875 0.44694159665119565 0.6668059110216334 0.44921875000000006 0.6947971276041667
0 0.9953997761267619 0.6094579879602023 0.993184826171875 0.5795526080729168 0.4470038000451132 0.5975317386022978 0.44921875000000006 0.6274371184895834
0 0.9920739584355531 0.5402895899319023 0.9896295801529578 0.5104325045911081 0.44677437171740475 0.5301850240342056 0.44921875 0.560042109375
0 0.9886148783563957 0.47303813297184977 0.9861705009308935 0.443181058016286 0.4467743725744978 0.4628077141069363 0.44921875 0.49266478906250005
0 0.692100257404845 0.7529952707167732 0.689869912109375 0.7231299049479167 0.50380974454828 0.7293054480332269 0.50604008984375 0.7591708138020833