0 0.10355609870253116 0.35717448535095686 0.08800814527376458 0.30795266991593206 0.000055755555608411056 0.33573465331497515 0.015603708984374992 0.38495646874999995
0 0.27879717282322414 0.30744621340076544 0.2653000614090415 0.25940023361686154 0.09840205460144236 0.3062853424817211 0.111899166015625 0.354331322265625
0 0.3008851155740676 0.4180827363509599 0.28532613983972327 0.3698796692489189 0.11367297543753067 0.42528584110108403 0.12923195117187503 0.473488908203125
0 0.49602480809828353 0.3577801496651142 0.4813632292484533 0.31098998190085214 0.3042819445876698 0.366477947470113 0.3189435234375 0.413268115234375
0 0.5093392358387854 0.43766869331981517 0.4930450894296265 0.39096179129575226 0.3373344297627161 0.44528293391343715 0.35362857617187504 0.49198983593750006
0 0.5274675327725743 0.5541034857686257 0.5125086641241852 0.510997261918013 0.3546202504922359 0.5657882370868874 0.369579119140625 0.6088944609375001
0 0.3467786444013831 0.6985226484380214 0.33289663872320474 0.6533897687439111 0.15760273455619664 0.7073068019465146 0.171484740234375 0.7524396816406249
0 0.13415520202328335 0.5537749734113706 0.11753489163026942 0.5034959233415559 -0.01460257992426392 0.5471754636020603 0.0020177304687500064 0.597454513671875
0 0.15092071530411116 0.6701806754046034 0.13633169116336363 0.6231067090097028 -0.01458902414074753 0.6698796097769745 2.7755575615628914e-17 0.716953576171875
0 0.16462939149793016 0.7551429467039591 0.14858728780470773 0.7027422139716835 -0.016042103693222426 0.7531423063302243 0 0.8055430390624999
0 0.1838741776639598 0.8669907375590051 0.16979928710937503 0.8198393339843753 -0.008108779226459695 0.8729456335347453 0.005966111328125079 0.9200970371093752
0 0.3667451720814965 0.8114083983583114 0.351126981741672 0.7632444435613028 0.1770023780195505 0.8197080627811165 0.19262056835937497 0.867872017578125
0 0.5316124516943317 0.7597286093363744 0.5132382451154939 0.709392048353919 0.3645696840461622 0.7636600952675444 0.38294389062499995 0.8139966562499998
0 0.5342425518966334 0.640378026624052 0.5186539994303928 0.5927017220450201 0.3468577834712595 0.6488733223740932 0.3624463359375 0.6965496269531251
0 0.12263015494071908 0.4715346026506134 0.10622750740456288 0.4220096880383401 -0.008768549879906162 0.46009637249710184 0.007634097656250033 0.5096212871093752
0 0.1928425085896956 0.9524353371891868 0.180543689453125 0.9054532890625001 0.01241362696500753 0.9494658707274343 0.024712446101578134 0.996447918854121
0 0.3767294908623503 0.8971418173315684 0.363659326171875 0.8528062910156251 0.19279057749702472 0.9031785967309317 0.2058607421875 0.947514123046875
0 0.5258403082860916 0.853553313402793 0.510345146484375 0.8037342773437501 0.3796346799951583 0.8443890147222074 0.395129841796875 0.8942080507812502
0 0.5179865963725166 0.9781945908775458 0.5015876822933097 0.9308165609127054 0.3997272344543205 0.9660734243454135 0.4161261485335275 1.013451454310254
0 0.3841912167968751 0.970072486328125 0.2742363671875001 0.970072486328125 0.2742363671875001 1 0.3841912167968751 1
0 0.51953125 0.3196385605468751 0.51486448828125 0.3196385605468751 0.51486448828125 0.3455430214843751 0.51953125 0.3455430214843751
0 0.6954076579097737 0.6635524615633148 0.6602502871093752 0.6512445957031251 0.6547392030838823 0.6669869857159308 0.6898965738842808 0.6792948515761206
0 0.9525694433206331 0.6591427911457837 0.8929491972656249 0.6371856132812501 0.8798960536540374 0.6726287671653948 0.9395162997090457 0.6945859450299283