0 0.3484422796875001 0.12282982031250005 0.2777728715538922 0.1107762574734917 0.21966451562499997 0.34736393098958335 0.29033392375860784 0.35941749382859167
0 0.9659537809807949 0.5261597539046037 0.9214874257358033 0.5218102251795524 0.9190573515625001 0.5390625000000001 0.9635237068074917 0.5434120287250513
0 0.9193317624368698 0.5197731917533314 0.7501167867741142 0.47075392266262456 0.7390983651058407 0.4971675995501988 0.9083133407685964 0.5461868686409057
0 0.9732400103412233 0.47443128821449676 0.9395069406558247 0.47113164810253916 0.9320655990646014 0.5239613351484591 0.96579866875 0.5272609752604167
0 0.9573028493335926 0.3227198467683385 0.9143700975243183 0.31852032987948564 0.8869531260282326 0.5131667326941374 0.9298858778375069 0.5173662495829902
0 0.9022998620634558 0.2938543166508942 0.776568436468531 0.2815557470921859 0.7472361751591647 0.4897996483185616 0.8729676007540895 0.5020982178772699
0 1.0235980726236553 0.22528688453952506 0.8471219046874999 0.17794806510416672 0.8230960646772572 0.24014725529879824 0.9995722326134124 0.2874860747341566
0 0.8673855259666368 0.07822963883889444 0.8152527060397547 0.07313020593391002 0.8024362003856179 0.16412079495959905 0.8545690203125 0.16922022786458346
0 1.0066385351680673 0.03867477152937771 0.8809071084287152 0.026376204054838138 0.8565228644933575 0.1994917691568907 0.9822542912327096 0.2117903366314303
0 0.9406624493637009 0.02149970307154601 0.8823967713935004 0.015800376254984965 0.8714410032797995 0.09358067057927238 0.9297066812500001 0.09927999739583343
0 0.8775403773643629 0.006135421355561342 0.8269411636173867 0.0011860004948562135 0.816198203440524 0.07745549320179494 0.8667974171875 0.08240491406250007
0 0.3668392437500002 0.965313171875 0.08875936093750014 0.965313171875 0.08875936093750016 1 0.3668392437500002 1
0 0.7184870082772478 0.6584199903202744 0.6093750000000001 0.6407456354166667 0.5377543555701739 0.9477925305771593 0.6468663638474216 0.965466885480767