0 0.4296875 0.22618207031250007 0.20844840429687503 0.22618207031250004 0.20844840429687506 0.419921875 0.4296875 0.419921875
0 0.9194519601960184 0.13044682768276644 0.9185795310226842 0.12295448542779021 0.8471640965048117 0.13127029727666123 0.8480365256781459 0.13876263953163742
0 0.851527048828125 0.17850721679687503 0.8440978529982093 0.13103803542223846 0.729140033141394 0.14902958554306667 0.7365692289713097 0.19649876691770324
0 0.7312132128906249 0.19566015625000005 0.7218176216607302 0.14894645066543688 0.6927887466574526 0.15478506783317098 0.7021843378873474 0.20149877341773414
0 0.7211362521107929 0.14497328617877706 0.7086357296773373 0.10167116989642658 0.6813053172358771 0.10956095596628929 0.6938058396693326 0.15286307224863976
0 0.9555704100848987 0.11359194824894495 0.9481412176130619 0.06612277012320833 0.8355579062499999 0.08374268945312505 0.8429870987218367 0.13121186757886166
0 0.8398914224423186 0.13065304093154434 0.8337414507244304 0.08340510433333238 0.7162306190537222 0.09870076258537384 0.7223805907716104 0.14594869918358583
0 0.9462290332031249 0.06474517187500001 0.9387997708528382 0.01727557016468506 0.8238419021637268 0.03526712970910892 0.8312711645140135 0.08273673141942386
0 0.8276308886718748 0.07995231054687503 0.8204578560675155 0.034119895639812645 0.7035280660918536 0.052420070256775156 0.7107010986962129 0.09825248516383754
0 0.7086795452240703 0.10025763543369912 0.7021625299513116 0.05018716598912651 0.6130750508075477 0.0617825128798557 0.6195920660803064 0.11185298232442831
0 0.934512470703125 1.0718419922965044e-16 0.8159383417968751 9.992362785831421e-17 0.8159383417968751 0.0301129941406251 0.934512470703125 0.030112994140625106
0 0.8160670884896706 0.03267329366426633 0.8102325119100298 -0.013214536480726083 0.6912934781041385 0.0019084034982671388 0.6971280546837794 0.04779623364325955
0 0.6958678534777876 0.04691107789018775 0.6886948360704112 0.001078766963933997 0.6003982828654615 0.01489767987385765 0.6075713002728379 0.060729990800111405
0 0.38431993554687505 0.5398314433593749 0.3053168548182869 0.3690239057716158 0.1670801087123276 0.4329621193100861 0.2460831894409157 0.6037696568978452
0 0.45687620221157643 0.6894454292122453 0.39104551361455053 0.5508597846455804 0.2573540301529741 0.6143656581677104 0.32318471875 0.7529513027343753
0 0.4860151356310044 0.8333353312675256 0.42910679717490097 0.7156675272312131 0.32614295060639664 0.7654645084636876 0.3830512890625001 0.8831323125000001
0 0.15386791796875 0.433256025390625 0.1232001810901308 0.3647607961817054 -0.03066773687861915 0.43365290555670544 2.7755575615628914e-17 0.502148134765625
0 0.17692481249999997 0.4769302871093751 0.15737001512062937 0.4359244952038195 0.04240987591955267 0.4907465611685235 0.06196467329892327 0.5317523530740791
0 0.23365547395565317 0.6006528028658407 0.18309713830324237 0.4955735251580795 0.08856055301946417 0.5410593004172388 0.139118888671875 0.6461385781250001
0 0.313775658203125 0.76063403515625 0.2499202845643095 0.6226382135956081 0.07264765543524626 0.7046683058183428 0.13650302907406175 0.8426641273789848
0 0.3739183832306954 0.8875604546724667 0.3177587442123237 0.7665581502270141 0.15765271289062505 0.8408666269531251 0.21381235190899672 0.9618689313985777
0 0.40899777343750005 0.9534680996093751 0.383082996765286 0.8950003673349493 0.2220200509414927 0.9663886375623925 0.24793482761370675 1.0248563698368183
0 0.9404606795854681 0.7329133114954871 0.8326281877018611 0.6247847994063009 0.7589048522251249 0.698306304704279 0.8667373441087319 0.8064348167934652
0 0.8274609022782691 0.6244810859493803 0.7344528848953669 0.5278134890488031 0.6505011821929214 0.608587002352377 0.7435091995758236 0.7052545992529542
0 0.7304841899956322 0.5218778612105883 0.6609683142664349 0.4512316494741819 0.5773877175008194 0.5334749606910593 0.6469035932300168 0.6041211724274657
0 0.9773801722164894 0.4541036734335318 0.8856329130821754 0.3615906193796555 0.7397479355137777 0.5062680054810449 0.8314951946480917 0.5987810595349212
0 0.8005770683593749 0.4199218750000001 0.65991435546875 0.4199218750000001 0.65991435546875 0.4858784570312501 0.8005770683593749 0.4858784570312501