0 0.8486005630515363 0.5112117844405668 0.5733168354725717 0.26610497318527815 0.49618728665961104 0.35273051245518044 0.7714710142385757 0.597837323710469
0 0.19863656640625 1 0.18795140421135242 0.9571441559069879 0.07993022418999216 0.9840768614326891 0.09061538638488972 1.0269327055257014
0 0.0718227539062501 0.985488919921875 0.036342697265625126 0.985488919921875 0.036342697265625126 1 0.0718227539062501 1
0 0.33148884765625 0.9999999999999999 0.3120832769968453 0.922168510327391 0.21922306531979227 0.9453211623802593 0.23862863597919698 1.0231526520528682
0 0.4480029707167452 0.9748354961483776 0.42721280759504826 0.8914507070016866 0.332457122034553 0.915075953040809 0.35324728515625 0.9984607421875
0 0.4589843750000001 0.8493091875000001 0.4362360117187501 0.8493091875000001 0.4362360117187501 0.942628712890625 0.4589843750000001 0.942628712890625
0 0.30735818039360874 0.90321718047655 0.25727284742432577 0.7023358857885528 0.16251764755190873 0.725961010982773 0.21260298052119167 0.9268423056707702
0 0.182753833984375 0.9362978378906252 0.13219590346923726 0.733521068633695 0.02417472348889263 0.7604537756278065 0.07473265400403037 0.9632305448847366
0 0.4186972486966243 0.8734444446612855 0.36861191789251757 0.6725631500848733 0.2719612454803502 0.6966608686425432 0.32204657628445693 0.8975421632189553
0 0.06857470898437501 0.9627525859375 0.018016903971698417 0.7599763042816069 -0.019885273762676597 0.7694263785003569 0.030672531249999996 0.97220266015625
0 0.5033997896610398 0.8160934740394025 0.4589843746877891 0.6379530026540409 0.3828331755165669 0.6569396320572144 0.4272485904898177 0.835080103442576
0 0.8395916575161276 0.7380347411236795 0.7584823100186289 0.6852360540611473 0.553584556640625 1.0000000000000002 0.6346939041381239 1.0527986870625323