0 0.38886686328125 6.348205368004734e-17 0.30229354557291666 5.553042344831654e-17 0.30229354557291666 0.039293453125000065 0.38886686328125 0.03929345312500007
0 0.7279271804310405 0.3180712013342929 0.6971092944708678 0.2522789297118708 0.6715642730653592 0.27920151436355967 0.7023821590255318 0.34499378598598174
0 0.7763080753624805 0.3006588019653813 0.7665903352876158 0.2426036503547505 0.7080980860483654 0.26463318661718926 0.7178158261232301 0.32268833822782006
0 0.6999869810375335 0.2510760459355327 0.6963124788261984 0.2286582262169646 0.6589815064230912 0.24242578569996848 0.6626560086344263 0.2648436054185366
0 0.935598748305207 0.24546548861602258 0.9028669677982241 0.1800757727844039 0.8776832804815401 0.2084394161956986 0.9104150609885231 0.2738291320273173
0 0.7496236999835691 0.2357063022642421 0.7084138074828017 0.15236411604671068 0.6749397389904962 0.18960565433794369 0.7161496314912638 0.2729478405554751
0 0.962025471510264 0.2357891663909043 0.9312588674216057 0.1755140993703066 0.9147067792851192 0.19452388280719812 0.9454733833737775 0.25479894982779583
0 1.0044733028386894 0.21712382399998997 0.9748504054423979 0.1538826944737054 0.9493053837649322 0.18080527656645506 0.9789282811612239 0.24404640609273964
0 1 0.16211740820312517 0.9860117226562499 0.16211740820312517 0.9860117226562499 0.19455225585937516 1 0.19455225585937516
0 0.9080162208165076 0.1822518544727565 0.8709116861139852 0.11130720451114229 0.8456421873111291 0.14104347413041274 0.8827467220136516 0.21198812409202694
0 0.941483916987527 0.16619306593509187 0.9104269584639257 0.09989371197987718 0.8848828533639574 0.12681667384739803 0.9159398118875585 0.19311602780261272
0 0.9875587144427769 0.1549434248764474 0.9514847431039336 0.08475065081705413 0.9263103581871087 0.11386069978287505 0.9623843295259519 0.18405347384226833
0 1.007760433325468 0.14845836844098242 0.9985505218460697 0.08631675039509779 0.9640251642859287 0.09782988552218008 0.9732350757653268 0.15997150356806472
0 0.4791666666666667 0.43945312500000006 4.6819989382826164e-17 0.439453125 6.970238725751955e-17 1 0.47916666666666674 1
0 0.7224963337424533 0.7330008305162754 0.7130859575598137 0.6576586438666802 0.58641966015625 0.69325555859375 0.5958300363388893 0.7685977452433452
0 0.8665345964266851 0.7014145164326145 0.8596487990236904 0.633369884179514 0.7349223333333335 0.661768783203125 0.7418081307363279 0.7298134154562256
0 0.7271104250015973 0.790423705617773 0.7203959605426263 0.7318751719361003 0.599223156634779 0.7631419428808272 0.60593762109375 0.8216904765624998
0 0.8783455363320067 0.7604257656661265 0.8731518190104167 0.7077023144531249 0.7487477657513265 0.7352757909744982 0.7539414830729166 0.7879992421875
0 0.7210252102611822 0.8334989465738407 0.7161402165917975 0.793360729239807 0.5961476692708333 0.826218849609375 0.601032662940218 0.8663570669434086
0 0.8665248602023675 0.808175357994695 0.8629603041975972 0.7693808427812705 0.7345537851410632 0.7959271859584506 0.7381183411458334 0.834721701171875