0 0.25923860124588166 0.18412440636569785 0.02044817145401631 -0.016870352968084232 -0.047857922259945916 0.03948421709295881 0.19093250753191943 0.24047897642674088
0 0.8671288859375 0.30573388541666674 0.627752853125 0.30573388541666674 0.627752853125 0.38932291666666674 0.8671288859375 0.3893229166666668
0 1.068423988089077 0.2481801873918094 0.9930625215564831 0.16515904106262905 0.7984516921714807 0.2878366003523178 0.8738131587040744 0.3708577466814981
0 0.2941961265400859 0.7869310498985738 0.24541098832433295 0.7656538197732123 0.13055733644540063 0.9485289992910518 0.1793424746611536 0.9698062294164133
0 0.4036574403563916 0.8694516625525118 0.3346003108670606 0.8378162797462546 0.2286659199520212 0.9984031040431391 0.2977230494413523 1.0300384868493964
0 0.47142684740449087 0.8735049271823158 0.4296498149888075 0.8547170509438295 0.4082229675843168 0.887803920636514 0.4500000000000002 0.9065917968750002
0 0.5447114528463193 0.5554318389929426 0.496556870151257 0.5524817692944931 0.4888031126174378 0.6403749276973839 0.5369576953125001 0.6433249973958334
0 0.6088238407771216 0.5697326266804852 0.5591738550215168 0.5674558608676549 0.5532565408068953 0.6570671873121697 0.6029065265625 0.659343953125
0 0.6679995680425896 0.5810037800310952 0.6179705018056236 0.5784206340508292 0.6112686259505341 0.6685585128739007 0.6612976921875 0.6711416588541668
0 0.7312356044669176 0.5954938453983224 0.6807873899471213 0.5925541772436846 0.6733830776677039 0.6807950362724456 0.7238312921875002 0.6837347044270833
0 0.7908454215172199 0.6027460974166566 0.74032633225287 0.5997265360388134 0.7324442419856503 0.6913044112784067 0.7829633312500002 0.69432397265625
0 0.8495685398720493 0.6155452958717921 0.7993137385249964 0.6125878300181568 0.7919876361529473 0.6990384898755314 0.8422424375000002 0.7019959557291667
0 0.9131138080465423 0.6303917892169862 0.8644605390625001 0.6270911979166668 0.8561073763284577 0.7125995870850974 0.9047606453124999 0.7159001783854168
0 0.937903822303265 0.6720133534190867 0.919899209375 0.67030215234375 0.9132229870717351 0.7190831908517467 0.9312276 0.7207943919270834
0 0.5333724087947777 0.6750182565961801 0.4817350073132676 0.6691159662307289 0.46798535008098996 0.7526518723949653 0.5196227515625 0.7585541627604165
0 0.5940744145824453 0.6930509480238806 0.5452734608489054 0.6875844822447713 0.5324684181414602 0.7669698050542243 0.5812693718750002 0.7724362708333334
0 0.6577884449046449 0.7000670693483525 0.6061794060788122 0.6945264176125527 0.5931421986741674 0.7788573690975337 0.6447512375000002 0.7843980208333333
0 0.7143963364176018 0.7139971413128622 0.6671598296875001 0.70755888671875 0.6512337620198985 0.7887027519163046 0.6984702687500002 0.7951410065104166
0 0.7775869082335685 0.725816508406211 0.7280625733486377 0.7187374558633256 0.7117213260525694 0.7981275333946146 0.7612456609375001 0.8052065859375
0 0.8336582599427441 0.7375592130166216 0.7837202384834357 0.7321593379931065 0.7715435722906919 0.8103605585702353 0.8214815937500003 0.8157604335937503
0 0.8976564904791399 0.7485572930713987 0.8498274959386836 0.7429395083642536 0.8360215600238117 0.8245656974228694 0.8838505545642681 0.8301834821300146
0 0.4619880656250002 0.76660576171875 0.4500000000000002 0.76660576171875 0.4500000000000002 0.8059854505208334 0.4619880656250002 0.8059854505208334
0 0.5160002030047232 0.7707601591212793 0.46925745851424877 0.7687085679355848 0.4661746680095257 0.8174844244393054 0.5129174125 0.8195360156249998
0 0.49531915445915303 0.8277483675872451 0.48013248437500017 0.8265503411458335 0.47495048554752495 0.8721677878487792 0.49013715563167787 0.8733658142901909
0 0.5826761603384132 0.7850874388683237 0.5323713125000001 0.7799927526041667 0.525435459974087 0.8275514283191767 0.5757403078125002 0.8326461145833336
0 0.5741382066951637 0.8398612037790975 0.544115134375 0.8386904570312499 0.5411352121366705 0.8917586880996767 0.5711582844568341 0.8929294348475243
0 0.6388883254110569 0.7959473117856443 0.5950601234375 0.7935225494791668 0.5911707188159849 0.8423433746899024 0.6349989207895418 0.8447681369963801
0 0.6181851156017214 0.8530854379456937 0.6006855156250002 0.8512257526041668 0.5939011422107787 0.8955596492938896 0.6114007421875001 0.8974193346354166
0 0.890574094176652 0.8501210401341619 0.6532917984375002 0.8039309557291667 0.6412269375935175 0.8469713662251358 0.8785092333326693 0.893161450630131
0 0.7131905095737712 0.8681616858815177 0.6617446921875001 0.8611392669270833 0.6528201716762292 0.9065423909413991 0.7042659890625002 0.9135648098958334
0 0.8265784051890241 0.8864829793333006 0.7789932437232957 0.8840475458355747 0.7758242025967718 0.9270467735335242 0.8234093640625002 0.9294822070312501