0 0.4127000567821687 0.3630296571861233 0.10204844774470612 0.32169914957090884 0.09913750385332037 0.3908490643238301 0.40978911289078296 0.43217957193904455
0 0.8346822275910301 0.151109054499366 0.824935202823517 0.07760910357445104 0.8024270286458333 0.08704276388888896 0.8121740534133463 0.16054271481380392
0 0.9156319278471504 0.10520549801853016 0.8645225697034901 0.08026551479460577 0.8586507475338433 0.11829602139694599 0.9097601056775038 0.14323600462087038
0 0.9358868282978153 0.21013013418525406 0.8844196062570586 0.18116464367921942 0.87790990625 0.2177212407407409 0.9293771282907566 0.24668673124677554
0 0.9533272076964979 0.31350348305262044 0.9040839276109254 0.2799896825196134 0.895466689771835 0.3200068476357279 0.9447099698574074 0.3535206481687349
0 0.9789780855426429 0.4179026829183242 0.9271110746937224 0.3892041657576898 0.9200573388950647 0.42949496640868756 0.9719243497439851 0.45819348356932205
0 0.9620044508767411 0.5122490358551844 0.9354872853017817 0.48946568811125574 0.917316525 0.5563058675925928 0.9438336905749595 0.5790892153365216
0 0.8945885088541666 0.6059748888888892 0.8657212765625 0.6059748888888892 0.8657212765625 0.6296296296296299 0.8945885088541666 0.6296296296296299
0 0.8308736254644733 0.4463663255567295 0.8249113133911181 0.39089930670878054 0.7635323541666666 0.4117516250000002 0.7694946662400217 0.4672186438479491
0 0.8148156994791667 0.36106172129629643 0.8077050066387866 0.30860205629675663 0.7471003711842207 0.3345645973119445 0.7542110640246006 0.3870242623114843
0 0.7891666079410361 0.31558850472853184 0.779272027704146 0.22903767393959074 0.7397200527271293 0.2433282341604613 0.7496146329640193 0.3298790649494024
0 0.7735870824107104 0.22484168784583808 0.7659770013490749 0.14547167926475119 0.724965669514896 0.15789940542400238 0.7325757505765316 0.2372694140050893
0 0.7611713854166666 0.7870527111111113 0.7329358925710371 0.7518215934055821 0.687239523162818 0.8675674875780357 0.7154750160084477 0.9027986052835649
0 0.6853472983667092 0.791049761045782 0.6112114266593643 0.7866859810041444 0.609660393935777 0.8699661224016234 0.6837962656431219 0.8743299024432609