0 0.4730141187500001 0.5598958333333334 0.4279264364174192 0.21658896662239166 0.3407376931013021 0.22454091125350173 0.38582537543388307 0.5678477779644434
0 0.9280078141615128 0.127667555080648 0.7942631949784171 0.04360622182999685 0.4930969146833192 0.3763606913548598 0.626841533866415 0.4604220246055109
0 0.3327344052873078 0.9180640868541463 0.28890856224618167 0.9147930913351123 0.2807546558039881 0.9906602049953626 0.3245804988451143 0.9939312005143965
0 0.47687565156415196 0.9600082290736381 0.4514259969151082 0.8012797623094775 0.4027972160639971 0.8066942573688278 0.4282468707130409 0.9654227241329885
0 0.4252681550636949 0.9653337876451528 0.3997729738865265 0.8078789399770105 0.30351320080591215 0.818702855844836 0.3290083819830806 0.9761577035129783
0 0.3156338986478352 0.905218296473764 0.299127168116593 0.8209753744829622 0.20465272329508893 0.8338305939639891 0.22115945382633115 0.9180735159547909
0 0.2064816094323046 0.8629661252873163 0.2008420920326739 0.8341845693265979 0.1762787952846441 0.837526918628542 0.18191831268427477 0.8663084745892604
0 0.20369102117856355 0.8289224883950378 0.1863270359375 0.7403045247395833 0.15042653263085087 0.7451895373250167 0.16779051787191446 0.8338075009804712
0 0.30122951044900537 0.8156186258305892 0.28355076974143534 0.719652279743733 0.18751596721609723 0.7319379405941318 0.20519470792366729 0.8279042866809879
0 0.39977824848740334 0.803967324583891 0.3753664006828023 0.6581594482892451 0.2788898681989086 0.6693765036418635 0.30330171600350964 0.8151843799365093
0 0.45006743916294223 0.7970294262407918 0.4191789213445933 0.6056548803978926 0.37173953023971035 0.6109721601528186 0.4026280480580594 0.8023467059957179
0 0.5729467390624999 0.8532836940104168 0.554173976304117 0.7810309980293391 0.4977055594682806 0.7912196623703425 0.5164783222266636 0.8634723583514202
0 0.651819890625 0.8432728111979165 0.6337056237453927 0.7707413251024939 0.5738180406250001 0.7811278072916669 0.5919323075046072 0.8536592933870893
0 0.7207443328125 0.8324337838541669 0.694331158744531 0.7570679111837335 0.6375521081420018 0.7708867482286362 0.6639652822099709 0.8462526208990696
0 0.7945425921875 0.82079133984375 0.7696351321822688 0.7468361189295395 0.7122005188421869 0.7602690817432379 0.737107978847418 0.8342243026574484
0 0.8638235046875 0.8086901484375 0.8382037342273208 0.7319190880617977 0.7806485395981174 0.7452573649895351 0.8062683100582966 0.8220284253652373
0 0.9321538984375 0.7941213059895835 0.9143141893121053 0.7235783489970492 0.8557874875 0.7338567526041667 0.8736271966253945 0.8043997095967009
0 1.006324835915675 0.7832218281457641 0.983726981072126 0.7119955714557595 0.9280956500000002 0.7242525677083332 0.9506935048435489 0.7954788243983378
0 0.59777419375 0.9548208085937501 0.5828085477617226 0.8846686599909505 0.5225886274492227 0.8935900428034506 0.5375542734375001 0.9637421914062502
0 0.6710855328124999 0.9445588606770833 0.655356178125 0.8761445963541666 0.5985923370614465 0.885207628651577 0.6143216917489465 0.9536218929744936
0 0.7456892312499999 0.9320589726562499 0.7286515406249999 0.8607457213541667 0.6687168158911192 0.8706896159851861 0.6857545065161192 0.9420028672872695
0 0.8090564859375 0.92199552734375 0.7962146578124999 0.8521111367187499 0.7408560078065254 0.8591754454197473 0.7536978359315254 0.9290598360447474
0 0.8826358690328135 0.9109669176907339 0.8704421515625 0.8398053554687501 0.8122955934671865 0.8467244963717661 0.8244893109374999 0.9178860585937499
0 0.9526427843749999 0.8956546744791668 0.9387332938740942 0.8299174740103265 0.8804849938740942 0.8384764297394929 0.8943944843749998 0.9042136302083333
0 1.0078547900678092 0.8895561854652069 1 0.81801614453125 0.958491471926566 0.8211810463294454 0.9663462619943752 0.8927210872634023
0 0.5419151046875001 1 0.5382388938681277 0.983730304327657 0.5201756359375 0.9865646614583333 0.5238518467568725 1.0028343571306764
0 0.6108201796875001 0.9729140794270833 0.5472276656250001 0.9729140794270833 0.5472276656250001 1 0.6108201796875001 1
0 0.6881675331867717 0.9972288947155117 0.6783121858393634 0.9579237090643332 0.6200175875000001 0.968074220052083 0.6298729348474085 1.0073794057032615
0 0.7585038668831043 0.9870869685197792 0.7441734835432327 0.9452889406129831 0.6943444140624999 0.9571526992187498 0.7086747974023716 0.9989507271255459
0 1.0089058010135867 0.9454236035158331 1 0.9065582382812499 0.7623687694547334 0.9443721197745293 0.7712745704683202 0.9832374850091122
0 0.8529394374999999 0.9791570117187499 0.7937109828125002 0.9791570117187499 0.7937109828125002 1 0.8529394374999999 1
0 0.9981482374999999 0.9891450013020834 0.988511052319707 0.9557883751003797 0.9322530703125 0.9670756666666666 0.9418902554927928 1.0004322928683702