0 0.36732480661410033 0.3989055806702249 0.30661906598775285 0.23844734833972256 0.2528886510589391 0.24352926994798296 0.3135943916852866 0.4039875022784853
0 0.2746438125 0.4061715546875 0.21299346716300532 0.24848498222712034 0.16131855078125 0.25353578710937497 0.22296889611824466 0.4112223595697546
0 0.406887921875 0.47185940136718757 0.3808681876973169 0.40626818537025894 0.04404842833353048 0.4396718983188315 0.07006816251121353 0.5052631143157601
0 0.753253010016043 0.16839616643076177 0.702727248365863 0.1655311298262387 0.6617178217206706 0.3463344494779283 0.7122435833708506 0.34919948608245144
0 0.7451473419727558 0.13027042637126066 0.7348502223378273 0.12950691635257935 0.7251674780213215 0.16215363158288124 0.73546459765625 0.16291714160156254
0 0.757875077148313 0.13880415327261372 0.74773702026018 0.13779842610159918 0.735279859127492 0.16919148474304802 0.7454179160156251 0.17019721191406256
0 0.7695436574904259 0.1412467762954268 0.759250039479003 0.14029461674916738 0.7258199601135772 0.23064619396936553 0.736113578125 0.23159835351562502
0 0.7780413183435261 0.14850285900583388 0.7668263889238885 0.14752679817415026 0.7364987639397376 0.23464282686362897 0.7477136933593751 0.23561888769531258
0 0.32644250094073524 0.8244777083281886 0.31655014062399495 0.7112262833011131 0.24426195690577984 0.7128048523120822 0.25415431722252013 0.8260562773391577
0 0.43424758203125 0.8222970224609375 0.4262225406934541 0.7603715060296714 0.39548766694257587 0.7613672532053792 0.40351270828037183 0.8232927696366453
0 0.819996681120712 0.8253631377893956 0.8138803188793295 0.7115320069675585 0.7693601424710559 0.7121300453161132 0.7754765047124383 0.8259611761379504
0 0.88626453125 0.8222970224609375 0.8813480690215522 0.7606233589990652 0.8623924966328234 0.7610011310918703 0.8673089588612712 0.8226747945537426