0 0.4831588285929975 0.3062243174361316 0.3356277598967585 0.28520435358778057 0.2254451835937501 0.62890625 0.37297625228998904 0.649926213848351
0 0.7960106199656386 0.2698054415280488 0.7230373671875001 0.2512932070312501 0.6726329112843616 0.33959942305528473 0.7456061640625001 0.35811165755208346
0 0.7491693661041161 0.4016509591380466 0.6721863574218749 0.34682925911458334 0.6309057413177587 0.3725928286223701 0.7078887499999998 0.42741452864583335
0 0.7741129529450149 0.5388991077674542 0.6258125703124999 0.4261397005208334 0.5551973224456099 0.4674164469200459 0.7034977050781249 0.5801758541666667
0 0.6390947178438072 0.5720567208887897 0.55496178515625 0.5148057591145833 0.5048478700468179 0.547536742652877 0.588980802734375 0.6047877044270834
0 0.5774228906250001 0.6095626575520834 0.522748505859375 0.57124190234375 0.5100036591338932 0.5793235878122774 0.5646780438995183 0.6176443430206108
0 0.6922072589292776 0.5743372456296113 0.607848889562723 0.5615538004499988 0.5908552845744612 0.6113944006716868 0.6752136539410158 0.6241778458512993
0 0.31978795858046016 0.8185228739105712 0.18699658007812514 0.7871504414062499 0.15832603051069943 0.8410860005447965 0.29111740901303446 0.8724584330491179
0 0.8730279152742388 0.7803257248622312 0.8404636763415358 0.7797677258470066 0.838738064131256 0.8245254697677362 0.871302303063959 0.8250834687829608
0 0.8004099120283199 0.7815504621422423 0.7680784117898174 0.7810649122978174 0.7666591333730738 0.8230676035617811 0.7989906336115763 0.823553153406206
0 0.9144960156250002 0.9890935911458333 0.9093081552168057 0.9469314563378165 0.874181305912133 0.9488524342389816 0.8793691663203274 0.9910145690469984
0 0.8263617688928196 0.9959803913243207 0.821479571221395 0.9527931217972571 0.788071779437945 0.9544716353966859 0.7929539771093697 0.9976589049237495