0 0.2908404182291667 0.1729715907407408 0.2745291561680554 0.1466390554510211 0.22468929158862838 0.24421138870933123 0.24100055364973957 0.27054392399905103
0 0.2416534614583333 0.16730132685185192 0.2255801963582022 0.14205896931930528 0.1774464120823973 0.2389267048889595 0.1935196771825284 0.2641690624215062
0 0.2508995935051468 0.25288452413201534 0.07059599057299129 0.23498822495872754 0.06954343038932682 0.2685035208366479 0.24984703332148234 0.2863998200099357
0 0.7523898291666665 0.28111180555555565 0.5296875000000001 0.2232834000000001 0.5127142316969754 0.4298708637330911 0.7354165608636419 0.4876992692886466
0 0.5304372425690411 0.9962655214053185 0.4801693360695162 0.9643701296636937 0.4775885067708333 0.9772252777777777 0.5278564132703584 1.0091206695194026
0 0.5331664405274146 0.9744372191038916 0.48435131337774145 0.9441653434414562 0.48087237285032697 0.9618956826708981 0.5296875000000001 0.9921675583333335
0 0.533161326252735 0.9520354232728976 0.48877056538472186 0.9243300966774142 0.4852967391319869 0.941921170626739 0.5296875000000001 0.9696264972222223
0 0.27086203179786966 0.9604069695231016 0.21205664635416668 0.960141038888889 0.21201979975940563 0.9858924502258953 0.2708251852031086 0.986158380860108
0 0.2710673867828517 0.9546684338156528 0.2710557630208334 0.9283031916666667 0.21254265287843424 0.928384722724003 0.2125542766404526 0.954749964872989
0 0.8632245525414806 0.7796224323180897 0.847400377420895 0.6930697728769126 0.6802709714132436 0.7896411623037939 0.696095146533829 0.8761938217449711
0 0.7627707130652742 0.5730431199916516 0.7547602518154231 0.5381909664459306 0.7410193646727705 0.5481725081185141 0.7490298259226217 0.5830246616642352