0 0.6074429811354359 0.4938063775497348 0.47443345117187496 0.4653307648437499 0.4460521753015865 0.4865417860905999 0.5790617052651474 0.5150173987965847
0 0.586172527572286 0.572990570137681 0.45503168750000006 0.5450007781250001 0.4270683502914169 0.5659634807051225 0.5582091903637029 0.5939532727178033
0 0.39004112766474175 0.4434635734234586 0.34057082812500006 0.44125151328124995 0.29954581764775845 0.5880482132952912 0.34901611718750014 0.5902602734374999
0 0.653657656251003 0.5883239548858581 0.606115130925674 0.5864664603042633 0.5761341002407456 0.7092446519386291 0.6236766255660746 0.7111021465202237
0 1.0015264102749513 0.01116216261905226 0.9044107235774551 0.009899520649074449 0.855277422677504 0.6145509572487721 0.9523931093750001 0.61581359921875
0 0.9329200405192345 0.5665404733329086 0.8579682997087348 0.5655508710475073 0.8461301473204881 0.7090089276940642 0.9210818881309878 0.7099985299794654
0 0.8583527297434626 0.6761620789059535 0.7918855859375001 0.62754269375 0.7530399713232686 0.6360395747188174 0.819507115129231 0.6846589598747708
0 0.8484810376835922 0.6379775809916224 0.7834922441406251 0.5926225101562501 0.7632581259630036 0.597261430231291 0.8282469195059707 0.6426165010666633
0 0.8658773239027697 0.6065441722966921 0.7968521796875001 0.5621685046875 0.7615920002306059 0.5709439047324174 0.8306171444458755 0.6153195723416095
0 0.8535277029860017 0.5691884461170245 0.784199662109375 0.52429072578125 0.7640088370155261 0.5292790961019544 0.8333368778921528 0.574176816437729
0 0.8835525839843753 4.718447854656915e-17 0.8259654929970998 -0.0007427554083247037 0.7824009422158495 0.5396786477166753 0.8399880332031251 0.5404214031250001
0 0.801752974255944 0.7681711380155025 0.3150047374491297 0.7165024346438579 0.12692044531250046 0.9999999999999998 0.6136686821193148 1.0516687033716443
0 0.9651967050781252 1 0.8639854238281253 0.9749909945312499 0.8367411495264814 0.9926321784623191 0.9379524307764813 1.0176411839310693
0 0.88220189102309 0.7115539230559927 0.7739576039079412 0.7083872261152454 0.7228583369488959 0.9878559003879712 0.8311026240640447 0.9910225973287184