0 0.23828125000000006 0.04457671328125001 5.3781354426303765e-17 0.044576713281250006 1.0962498619687321e-16 0.409375 0.2382812500000001 0.409375
0 0.6167534590909937 0.1722268904106566 0.5598720290224062 0.12823976609118665 0.3501949348602331 0.1716223991797195 0.40707636492882054 0.21560952349918944
0 0.972844151945573 0.09822294074536704 0.9166450522493357 0.054761281861820964 0.5610689203294545 0.12832702785752442 0.6172680200256919 0.1717886867410705
0 1 0.03891891484375005 0.9609992265625 0.03891891484375005 0.9609992265625 0.07035606093750005 1 0.07035606093750005
0 0.16257422245551423 0.7780019903168386 0.0854690996093751 0.6981980531250002 0.05806998848198597 0.7024336573394117 0.1351751113281251 0.7822375945312501
0 0.16379604453668 0.743314191785308 0.09176025585937492 0.6679257960937499 0.0665332682704104 0.6717826144918677 0.13856905694771549 0.7471710101834257
0 0.17108539802382927 0.7081835908000312 0.0954896816406251 0.62666485390625 0.07131178361679591 0.6302522412312189 0.14690750000000008 0.7117709781250001
0 0.16611066371831934 0.6746734798562309 0.09864482617187503 0.605346253125 0.08572929917230565 0.607357253737519 0.15319513671874996 0.67668448046875
0 0.13081943345505598 0.8329824517468707 0.08323895507812507 0.7850389406250001 0.06058451954554589 0.7886362036698679 0.1081649979224768 0.8365797147917384
0 0.12665512566072878 0.8704580493317883 0.07670661132812517 0.8227886421875 0.0507484466048963 0.8271405209807117 0.10069696093749991 0.8748099281249999
0 0.11450101574880323 0.9043035576223071 0.0712638281250001 0.8542166703125 0.04959600309519541 0.8572094083053198 0.09283319071899854 0.9072962956151269
0 0.11113160953504886 0.9385509910391414 0.06456585351562505 0.8918169140625001 0.04039231684323985 0.8956707494944073 0.08695807286266366 0.9424048264710487
0 0.0830769007104033 0.9087722553436285 0.03471876953124997 0.85812145078125 0.009359349289596475 0.8619952977813714 0.057717480468749804 0.9126461023437498
0 0.08353765332879737 0.8705635099275323 0.040862343749999974 0.8227295656250002 0.02094667836366959 0.8255724244298823 0.06362198794246698 0.8734063687324145
0 0.09189512114135856 0.8395246843329985 0.04540975781250012 0.78862828515625 0.024228831983641563 0.7917235234795015 0.0707141953125 0.8426199226562499
0 0.10127953658500488 0.799256831106704 0.05328876367187507 0.7497648718750001 0.02868522712467514 0.7535820341086267 0.07667600003780495 0.8030739933403307
0 0.5620832699510334 0.6157909277085827 0.4563637983517841 0.6093931676131688 0.4264169669148876 0.6885699581989828 0.532136438514137 0.6949677182943967
0 0.795240094459839 0.776075263278815 0.43540872250533014 0.7532805352753861 0.4176651633308354 0.7980957345804465 0.7774965352853442 0.8208904625838755