0 0.7983972769765189 0.09528638402969906 0.7839510573083966 0.07534438962939964 0.7416845713475028 0.0889525446622006 0.756130791015625 0.10889453906250002
0 0.8689478879310091 0.06998429002169182 0.8617033800890687 0.06009796509462358 0.8075500116893095 0.07773465033334848 0.8147945195312499 0.08762097526041672
0 0.9759933144947357 0.3637375136403351 0.97518201171875 0.3517089921874999 0.9448223437083891 0.35261908401591485 0.9456336464843749 0.36464760546874997
0 0.8635622064580271 0.23679762726753817 0.8529826972656249 0.21676340364583335 0.8037992681513477 0.22830668523246192 0.81437877734375 0.24834090885416674
0 0.6263023681151573 0.9449916333056264 0.5048131264778711 0.42539449786195055 0.32462849680935835 0.4441188282837672 0.4461177384466446 0.963715963727443
0 0.4396390270632238 0.9865438582977402 0.3134817466537154 0.43255930028081946 0.05660918468856301 0.4585578940525788 0.18276646509807135 1.0125424520694994
0 0.16294668554687503 1 0.04816563509968267 0.49060047038281573 -0.05639895535730667 0.5010720880724627 0.05838209508988568 1.010471617689647
0 0.9437505105413446 0.879209619868556 0.9069758342795389 0.6488723914807158 0.8638506247347227 0.6519324759988869 0.9006253009965286 0.8822697043867271
0 1.0239483339788387 0.8320421496210955 0.9856192500351992 0.6161890895326901 0.9019992821403982 0.6227883870517043 0.9403283660840375 0.8386414471401095
0 0.8755236064366776 0.5965941578175602 0.8417952489111585 0.56870686918894 0.7608201793793513 0.6122337666892285 0.7945485369048704 0.6401210553178488
0 0.7855158881399094 0.6587093460864927 0.7728694286950468 0.5874899146480201 0.7199668178639864 0.5916649969496988 0.732613277308849 0.6628844283881713
0 0.7812657393195346 0.5470686922924577 0.7757621515147951 0.516074852965155 0.7552837618046353 0.517691010933114 0.7607873496093748 0.5486848502604167
0 0.7836050011527476 0.5115173578787603 0.7733694313708684 0.4538749988844619 0.7051081365584039 0.45926218874232716 0.715343706340283 0.5169045477366255
0 0.8361786077844028 0.4859979440727977 0.8273733156609988 0.4364102995273516 0.776177128452662 0.44045070908327766 0.7849824205760658 0.4900383536287238
0 0.92314593652863 0.5774027372238658 0.9021880409232202 0.4366278904380257 0.8591530195237398 0.439475379828068 0.8801109151291495 0.5802502266139081
0 0.878250597341669 0.5900061287719994 0.8542903791876413 0.43731647053080985 0.8323872893562558 0.43884405069760013 0.8563475075102834 0.5915337089387898
0 0.7668565126847393 0.4433705190506673 0.7630664119033643 0.43775861212796197 0.747764282031125 0.4423517519314614 0.7515543828125 0.4479636588541667