0 0.988399923828125 0.19547680273437518 0.9532531369010641 0.18621109497480465 0.9347779492187499 0.2562913847656252 0.9699247361458109 0.26555709252519566
0 0.9408021779189945 0.19076751521718052 0.8501578057656073 0.18232602841002205 0.8439507057843275 0.2489776377235948 0.9345950779377147 0.2574191245307533
0 0.8524047109374999 0.1829300175781251 0.7617153790427935 0.1742999374560128 0.755395429527841 0.24071322574643922 0.8460847614225474 0.2493433058685515
0 0.7638081679687501 0.1751134531250001 0.6733079665036564 0.1662705352575946 0.6667473643692001 0.23341305809941532 0.7572475658342938 0.2422559759668208
0 0.675516423828125 0.16614072851562509 0.583140662266063 0.1592197100071928 0.5781347407503467 0.22603441535306076 0.6705105023124087 0.23295543386149306
0 0.58691932421875 0.15832412109375005 0.49568875394396295 0.15006626161163816 0.48957440760329846 0.21761588566672377 0.5808049778780855 0.22587374514883568
0 0.498018064453125 0.15166341992187504 0.43955926844930926 0.14514497895101788 0.43217666696217727 0.21135375436882534 0.49063546296599303 0.2178721953396825
0 1.0063733865061404 0.1272996715464293 0.9732939323938331 0.11857897257811376 0.9558398839197969 0.1847858669645154 0.9889193380321041 0.19350656593283094
0 0.964536650390625 0.11824768945312514 0.8741113810759976 0.10932195108035236 0.8674825938002921 0.17647716554008747 0.9579078631149195 0.18540290391286024
0 0.8781083730468751 0.11059327343750011 0.7843314382534174 0.10013669474997088 0.7766605455503768 0.16893097501284254 0.8704374803438344 0.1793875537003718
0 0.787343087890625 0.10261422070312506 0.6966537690452799 0.09398412349650669 0.690354498046875 0.1601799707031251 0.7810438168922201 0.16881006790974346
0 0.6981457269316612 0.09707667978131308 0.6216496236325251 0.07691009908506156 0.6017580324145466 0.15236310916710807 0.6782541357136828 0.1725296898633596
0 0.6083744269212998 0.08449037272255866 0.5181668610179179 0.07773179551807075 0.5130731178255091 0.1457186159421965 0.6032806837288911 0.15247719314668443
0 0.521553537109375 0.07916422851562505 0.45952930304336237 0.06281284151405109 0.4394387928855973 0.13902035249834124 0.5014630269516099 0.15537173949991517
0 1.0036007356825145 0.06459354835816222 0.9834971600421902 0.06308734490375992 0.9798964243596756 0.11114702896747283 1 0.11265323242187512
0 0.9835883109234126 0.061915174833716904 0.8953345094612507 0.05530298265321168 0.8918215775281525 0.1021905486691842 0.9800753789903144 0.10880274084968944
0 0.8949040078124999 0.0552707285156251 0.807782371067634 0.04623221934463928 0.8027912326574513 0.09434149702409717 0.8899128694023173 0.10338000619508299
0 0.8063952824125685 0.046282049685089366 0.7179245787542611 0.03965360522365436 0.7144116461534038 0.08654117000755993 0.8028823498117112 0.09316961446899494
0 0.7155421777343749 0.03947511132812507 0.6286038586328002 0.030454936211178098 0.6236187247567022 0.07850269072428231 0.7105570438582769 0.08752286584122929
0 0.6294186210937499 0.03066483203125006 0.5395526020044565 0.021966763619551244 0.5347465534385446 0.0716215181840724 0.624612572527838 0.08031958659577122
0 0.5389586093749998 0.021529958984375056 0.4626299317180978 0.015811224528605908 0.4589413632703475 0.06504301772364121 0.5352700409272496 0.07076175217941036
0 0.46468829028120034 0.5796712538907566 0.2239634289027843 0.44685319640453686 0.034223160158517396 0.7907461937562412 0.27494802153693343 0.9235642512424609
0 0.10935482411059963 0.3817702791118266 0.08101104687500002 0.36649866601562503 -0.028343777235599582 0.5694588087787985 2.7755575615628914e-17 0.584730421875
0 0.07150116015625005 0.36316812304687507 0.04140584411415632 0.3471754771962721 -0.030095316042093673 0.4817279478993971 5.551115123125783e-17 0.49772059375000005
0 1 0.5642444316406252 0.9735079765625 0.5642444316406252 0.9735079765625 0.7249399316406252 1 0.7249399316406252
0 1.0048779116344715 0.8119086828434219 0.9753016108447892 0.6589896696357658 0.46402857281650234 0.7578757717703973 0.49360487360618477 0.9107947849780534