0 0.10439790625000006 0.361722841796875 4.6117834074324957e-17 0.361722841796875 5.147541327029734e-17 0.44921875 0.10439790625000006 0.44921875
0 0.8538985414769461 0.1399194972611278 0.7529063203399439 -0.021589648455647925 0.6622993218317478 0.03506721756447434 0.76329154296875 0.19657636328125005
0 0.41160809428130746 0.7348118510300561 0.3491981231359172 0.7105737522181861 0.29686003599956345 0.8453375607717311 0.3592700071449537 0.8695756595836011
0 0.4797578429579238 0.7090668161067539 0.42806913305786276 0.6906532952771045 0.3777002199136628 0.8320441875229683 0.42938892981372384 0.8504577083526177
0 0.4667867255146029 0.645063206361761 0.37771007878361773 0.6169935692769446 0.34804300548273703 0.7111395462975836 0.4371196522137222 0.7392091833823999
0 0.3791162557527002 0.6180755906950026 0.3296270124798817 0.5994204625272634 0.29320586182844033 0.696040285701794 0.3426951051012588 0.7146954138695332
0 0.48583943917107747 0.5734301951574553 0.40890777006898177 0.5478257601550605 0.39125863744831213 0.6008547463672289 0.46819030655040783 0.6264591813696238
0 0.4068467936537835 0.5485761508202353 0.3699679904147779 0.5350511949961448 0.3516094043352229 0.5851099672819899 0.3884882075742284 0.5986349231060805
0 0.3034930468338406 0.5027589303933897 0.15961303845018665 0.4518342156002406 0.1340229804044816 0.5241350184836681 0.2779029887881356 0.5750597332768173
0 0.15493984885924908 0.454025976533316 0.0503381975361781 0.4271881187136019 0.03438188631400518 0.4893784959812731 0.13898353763707616 0.5162163538009872
0 0.77963029296875 1.0000000000000002 0.5765655859375 0.6834501816406251 0.46161067915549253 0.7571930275170731 0.6646753861867425 1.0737428458764482