0 0.22990296420009337 0.2650486768680813 0.06502286204109688 0.24679348765249307 0.058572780653503555 0.30505035180003676 0.22345288281250006 0.32330554101562503
0 0.8671407800032984 0.31448782544939036 0.7986848241801876 0.30388397780397447 0.757544550932491 0.5694759423596463 0.8260005067556018 0.5800797900050622
0 1.001008519182189 0.3204240277855761 0.8680665986857256 0.3030351988409681 0.8367649818769645 0.5423438415596278 0.9697069023734277 0.5597326705042357
0 0.8110901660653126 0.24261353980205494 0.8090783326108499 0.1927716485264829 0.6945622514649674 0.19739401090533915 0.6965740849194301 0.24723590218091118
0 0.6896818769287174 0.1689260282452697 0.6055754759397358 0.15792489874856924 0.5948505957031249 0.23991930468750006 0.6789569966921065 0.2509204341842005
0 0.7236034366874303 0.09946099541066081 0.6910461862579507 0.09520249588069564 0.6866579794293 0.12875138972263142 0.7192152298587796 0.1330098892525966
0 0.753140158569093 0.04051027594155596 0.6409797238363734 0.000017917604046208124 0.6187870787334905 0.061489682272850704 0.7309475134662101 0.10198204061036045
0 0.8386072871093749 0.0219253613281251 0.7560724059440065 0.012412377075608647 0.7484113019936273 0.07888030000660896 0.8309461831589957 0.08839328425912542
0 0.9568322844499606 0.033005428371871814 0.888268977234474 0.022080075339805327 0.8555837697061754 0.2271998475418746 0.9241470769216621 0.2381252005739411
0 0.8817956539122629 0.02440288862459468 0.8470380660511216 0.01888988970664736 0.8141557088454086 0.22620199636030683 0.8489132967065498 0.23171499527825415
0 0.7383546933593751 0.007779816406250098 0.7164889852711424 0.005259570450219506 0.715605009765625 0.012928960937500095 0.7374707178538578 0.015449206893530687
0 0.6269343692556986 0.807649957345805 0.6191543767176675 0.7627384637881673 0.4066700224449054 0.7995470078765284 0.41445001498293654 0.8444585014341661
0 0.9594184990820146 0.739894837334427 0.9506154287668754 0.6953202241989244 0.6073604567906292 0.7631098793809521 0.6161635271057684 0.8076844925164548
0 1 0.6844894921875002 0.95932030859375 0.6844894921875002 0.95932030859375 0.7142230937500003 1 0.7142230937500003