0 0.3998418379512961 0.1431326567345016 0.049577848461848595 0.003275292647997946 0.0162843011643133 0.19088389122221688 0.36654829065376077 0.33074125530872056
0 0.7606394296875001 0.43858868554687513 0.6146233041091939 0.4204670296511369 0.6119276549119944 0.4693377604168761 0.7579437804903008 0.48745941631261425
0 0.5198938802083334 0.29137557617187504 0.4477946499443473 0.28242753962806305 0.4463431666666667 0.30874217968750006 0.5184423969306527 0.31769021623131205
0 0.9905263515625001 0.29300917187500014 0.7646652670533925 0.264978181569374 0.7569930595449416 0.4040713584951321 0.9828541440540493 0.4321023488007582
0 0.7737662174479168 0.2661076757812501 0.5461570554229833 0.237859737170083 0.5384848481319943 0.3769529137358877 0.7660940101569279 0.4052008523470548
0 0.6969997596858662 0.19142747210607047 0.5132041627432921 0.15126520164109708 0.5006603575122104 0.2804253891328536 0.6844559544547847 0.320587659597827
0 0.5587033255208333 0.09937195117187511 0.4787889164649443 0.08945399663491684 0.47433076953125003 0.1702779101562501 0.5542451785871391 0.18019586469320836
0 1.0051437606610054 0.15288604797919514 0.7891494303126919 0.12607959571249827 0.7815809216967783 0.26329277862169204 0.9975752520450918 0.2900992308883889
0 0.9600146496147346 0.031842367642544944 0.8156855461640019 0.013930083652478123 0.8095685260416666 0.12482850781250013 0.9538976294923992 0.14274079180256696
0 0.8245170065104165 0.015026132812500148 0.4881891040616328 -0.02671458452961601 0.47429620587155646 0.2251565286339957 0.8106241083203402 0.26689724597611186
0 0.34404941811604584 0.959201828857734 0.04887273043873582 0.8827862381369104 0.03580236090677841 0.9963841804511631 0.3309790485840884 1.0727997711719865
0 0.6775682123594984 0.7056582888471774 0.6694520687045808 0.63809628380101 0.48482047263014055 0.6880003275145442 0.4929366162850581 0.7555623325607116
0 0.9701728941828924 0.6112460972299576 0.9609135572880189 0.5444152061861944 0.6620138888747756 0.637592605736828 0.6712732257696493 0.7044234967805911
0 1 0.5325559628906252 0.9728114231770834 0.5325559628906252 0.9728114231770834 0.5722489687500002 1 0.5722489687500002