0 0.6624747656686657 0.305189717785406 0.5509916796393908 0.20119728903775763 0.5063178339456506 0.24908902733746935 0.6178009199749255 0.3530814560851177
0 0.531430400390625 0.29773608007812513 0.396535791015625 0.2977360800781251 0.396535791015625 0.38867187500000006 0.531430400390625 0.3886718750000001
0 0.39372047177966907 0.2425133938765115 0.37120609808398075 0.06151560456423051 0.25188413563567913 0.07635810215976147 0.27439850933136745 0.25735589147204246
0 0.6187488327000558 0.21723914838942576 0.5950251351194645 -0.013160033015419896 0.4360360910449736 0.0032107195942557842 0.4597597886255649 0.23360990099910145
0 0.9165257826320701 0.22720667701153585 0.8940247104946953 0.018469621343508796 0.6436305751222514 0.0454611705189049 0.6661316472596261 0.25419822618693194
0 1 1.1969518782028503e-16 0.95477076171875 1.1692569572583473e-16 0.95477076171875 0.15836658007812512 1 0.15836658007812512
0 0.892460087890625 9.495073701110272e-17 0.658203125 8.060663502200352e-17 0.658203125 0.03272313671875008 0.892460087890625 0.032723136718750094
0 0.6600601670144064 0.9573919344689248 0.6578936442731308 0.9407942984805666 0.55281315234375 0.954510666015625 0.5549796750850255 0.9711083020039831
0 0.50967939954279 0.5955548397629473 0.3592116276384808 0.589034310718238 0.3414465593743741 0.9989811449550985 0.4919143312786832 1.005501673999808
0 0.6823239269163356 0.8749074842724639 0.6256852901499843 0.4410017055470702 0.5314436662558394 0.45330326354819017 0.5880823030221907 0.8872090422735839
0 0.7787446230468751 0.7170693183593753 0.6859733378906252 0.7006548261718752 0.6810371519559869 0.7285531191982855 0.7738084371122369 0.7449676113857855