0 0.21943650781250001 0.5000000000000001 0.2030199895251519 0.3132194192599101 0.17316078472959776 0.3191242858374023 0.18957730301694586 0.5059048665774923
0 0.3826386563152187 0.4892042178654407 0.3600669871282323 0.3446230641126508 0.2553544235215804 0.3814048914063846 0.2779260927085668 0.5259860451591745
0 0.6232011158854166 0.33792925976562505 0.6197738505849982 0.3120106438723852 0.58820421484375 0.321403291015625 0.5916314801441683 0.34732190690886483
0 0.6638741317776636 0.04265414720161259 0.658895115750956 0.006102459056941956 0.63273506640625 0.014120294921874998 0.6377140824329575 0.050671983066545634
0 0.8860050049647156 0.4181734437469912 0.8831210976562499 0.378261931640625 0.8420471104862446 0.38493971763408347 0.8449310177947101 0.4248512297404497
0 0.9387834765624999 0.41312114062499994 0.9359943333333334 0.39501791992187496 0.916257487666436 0.4018597964757367 0.9190466308956026 0.4199630171788617
0 0.9376342418057976 0.4052807518767269 0.93622200390625 0.3800832890625 0.9025079165788993 0.38433481638898453 0.9039201544784468 0.40953227920321145
0 0.20022192078166245 0.7305356244688017 0.1750667925830772 0.7050262947380106 0.13667601129655327 0.7902061614366063 0.16183113949513853 0.8157154911673974
0 0.518189075883101 0.6371445635135338 0.49028356219578967 0.6078350871908385 0.412124957552646 0.7752681717053319 0.44003047123995737 0.8045776480280272
0 0.4293773921361756 0.8276791778096402 0.38217118483948914 0.7768157441164679 0.3291463795293774 0.8875431268661124 0.3763525868260638 0.9384065605592846
0 0.36098936197916665 0.728303767578125 0.25287219455262294 0.610376562661122 0.18452120886705592 0.751372939864819 0.2926383762935996 0.869300144781822