0 0.6344729042968749 0.2890625 0.6055503868133442 0.0832680881643299 0.5052874715080043 0.09735912151650875 0.534209988991535 0.30315353335217887
0 0.1541551727254868 0.5751016137221158 0.14947429540129967 0.5507624882832304 0.07723447423831288 0.5646555815923646 0.0819153515625 0.58899470703125
0 0.14700307888799163 0.5372152539848019 0.1454428745681114 0.5291026715824373 0.07640094411761979 0.5423807515820104 0.0779611484375 0.5504933339843749
0 0.14559095581022777 0.5234650525294944 0.14403061891879532 0.515351780096554 0.0752262720525643 0.5285841671011386 0.07678660894399675 0.536697439534079
0 0.14505854958544837 0.49832809952685464 0.14349821289062498 0.490214826171875 0.07244667893017662 0.5038793868012703 0.074007015625 0.5119926601562499
0 0.1438840098912837 0.4845322066343656 0.14180360546875 0.473714740234375 0.07051442760871632 0.4874250043031344 0.07259483203124999 0.498242470703125
0 0.13909487609045224 0.4602139008813475 0.1375345390625 0.452100626953125 0.06873025465239824 0.4653330006652202 0.07029059168035048 0.47344627459344274
0 0.13969209992454468 0.4460765450944862 0.13761169499098894 0.43525907893611665 0.06656022201956929 0.44892363149788056 0.06864062695312502 0.4597410976562501
0 0.1371502141407407 0.4213260527975101 0.1355898769477763 0.4132127792690634 0.0647759888616835 0.4268316401359795 0.0663363260546479 0.4349449136644262
0 0.13396613292123766 0.40791663267297035 0.13188572828588013 0.39709916677414714 0.0626060914583925 0.4104229598824268 0.06468649609375002 0.42124042578125
0 0.13319596131423939 0.38282468735614067 0.13163573046494204 0.37471196677707475 0.06082188106595539 0.3883308201953589 0.06238211191525274 0.39644354077442484
0 0.13202148635768374 0.3690289249001263 0.12994108152969858 0.3582114583295867 0.058651903765764804 0.37192172483571045 0.06073230859374999 0.38273919140625007
0 0.6627199358280381 0.5749718236654996 0.657688863814876 0.550778711853825 0.5902564787680877 0.5648015952195754 0.59528755078125 0.58899470703125
0 0.6557154992013167 0.5371665858475407 0.6540385700041368 0.5291026723452874 0.5899537270528201 0.5424294204821216 0.59163065625 0.550493333984375
0 0.6544095697210576 0.5234163805257336 0.6527324979460232 0.5153517807650301 0.5889453673954459 0.52861661714018 0.5906224391704803 0.5366812169008834
0 0.6539171946964715 0.4982794268385075 0.6522401230468751 0.490214826171875 0.5862967564754037 0.5039280594896176 0.5879738281250001 0.5119926601562501
0 0.6529089774181447 0.4844673112551296 0.6506729296875001 0.47371474023437504 0.5844317764881054 0.4874898996823705 0.58666782421875 0.49824247070312505
0 0.64840191962752 0.4601652281311148 0.6467248476562499 0.45210062695312503 0.582937793516838 0.4653654466591572 0.584614865488108 0.473430047837147
0 0.6489542193656463 0.4460278761614142 0.6467181711025689 0.435275305529543 0.5807748794712975 0.44898852702437886 0.583010927734375 0.45974109765625004
0 0.6466034723949722 0.4212773800483335 0.644926400390625 0.41321277929687494 0.5792808222614692 0.42686408885112453 0.5809578942658162 0.4349286896025831
0 0.6437368074572285 0.4078517372036252 0.6415007593458464 0.3970991659501447 0.577118053451118 0.4104878545277696 0.5793541015625 0.4212404257812501
0 0.6429465164376169 0.3827760178043028 0.6412695584508293 0.37471196610960705 0.5756240252592477 0.38836326763275564 0.5773009832460352 0.3964273193274514
0 0.6419383718711307 0.3689640301851719 0.6397023238294249 0.358211459065337 0.5734611707082942 0.3719866202864152 0.5756972187499999 0.38273919140625007