0 0.31492846354166665 0.38365064062500004 0.3136201120816375 0.3075250722300269 0.028546687602470824 0.318548917933152 0.0298550390625 0.39467448632812513
0 0.7574257708333333 0.22166794335937506 0.754983082600341 0.21437895921790057 0.6849072129809873 0.26721765008763704 0.6873499012139797 0.27450663422911153
0 0.7355729479166667 0.21558789453125 0.7309439534085711 0.20204295944068545 0.6768157939271627 0.24366424742909593 0.6814447884352584 0.25720918251966046
0 0.6466808606770833 0.34603538281250007 0.6416943020649176 0.3310987615279745 0.5894916699509256 0.37031116636311073 0.5944782285630913 0.3852477876476363
0 0.7859362161458335 0.26153482421875 0.7820217558567307 0.25042659608582035 0.7381498962800325 0.2852118888121383 0.7420643565691353 0.296320116945068
0 1.0035865439546277 0.33743600643262384 0.9999999999999999 0.3260811738281253 0.9780748262508757 0.3416630942959884 0.9816613702055036 0.35301792690048694
0 0.9541461575520832 0.3750117734375001 0.9504735269975472 0.363901704743324 0.9203222109374999 0.38632757421875 0.9239948414920359 0.3974376429129261
0 0.3436427578125001 0.9017603750000001 0.11916025000000008 0.9017603750000001 0.11916025000000008 1 0.34364275781250014 1
0 0.07327329971839465 0.8783174772339035 0.044698340377007005 0.8611140501874138 0.007584312436734593 0.9998187764129263 0.03615927177812225 1.0170222034594159
0 0.4713767027366414 0.9148158901905096 0.15345575775734796 0.8026191675181766 0.1398898594783015 0.8891099933613423 0.457810804457595 1.0013067160336753
0 0.472440673205252 0.8098595088313268 0.1842471961914014 0.6982940452929849 0.16997605255576032 0.7812400874056367 0.45816952956961104 0.8928055509439786
0 0.47066258963009594 0.6681538243490625 0.207726072402328 0.6000900342109413 0.19552318250284492 0.7061569615520266 0.4584596997306128 0.7742207516901477
0 0.15612698903540803 0.6146638083404423 0.1096645175128021 0.5857458723584774 0.03760053063606502 0.8462627230544119 0.08406300215867095 0.8751806590363768
0 0.4619875788731925 0.5244425990036072 0.24010598999867128 0.48694540820876553 0.23181294126931098 0.5973581691857609 0.4536945301438322 0.6348553599806026
0 0.17587174012509021 0.551864488836929 0.1752060530456665 0.5116502562064983 0.12901695161567708 0.5133705886248261 0.12968263869510083 0.5535848212552568
0 0.5627734216859234 0.8146634945814595 0.5003048811598454 0.7563786794365354 0.416117644072133 0.9593967569943085 0.4785861845982109 1.0176815721392325