0 0.18841564713541667 1.384455715041991e-17 0 0 3.816809239785012e-18 0.07479987031250002 0.18841564713541667 0.07479987031250003
0 0.6762009671248427 0.27800238535443356 0.6752605058758597 0.17616823409349575 0.5426900755208334 0.17793125156249998 0.5436305367698163 0.27976540282343776
0 0.8211545872395835 0.3255891515625 0.8200758652968451 0.1733533852362326 0.6805559440104166 0.17477699687499998 0.681634665953155 0.3270127632012674
0 0.07784754166666667 1.0000000000000002 0.07617076672667518 0.9321214494959144 0.005912878228234597 0.9346206425236128 0.007589653168226085 1.0024991930276985
0 0.07753585142540849 0.9179560502245024 0.07555069437188773 0.8375935697907787 0.03271064902967393 0.8391174609589502 0.034695806083194676 0.919479941392674
0 0.17045646582307086 0.9996952083694083 0.16574789589563674 0.8090846031413408 0.0852081312414874 0.8119495384015668 0.08991670116892155 1.0025601436296343
0 0.08370264001312615 0.8129220918941324 0.08278987548496901 0.7862966961405828 0.041491889117676206 0.7883353995589503 0.04240465364583334 0.8149607953124999
0 0.24806062712073162 0.4614170297089224 0.24601494544572833 0.37860456998184333 0.15176630362571367 0.3819571562586525 0.15381198530071696 0.4647696159857316
0 0.14596127229791095 0.4631345974500324 0.1432229960882385 0.38325903108923015 0.02428313559321513 0.38913058725475314 0.027021411802887585 0.4690061536155553
0 1.0369165172344892 0.7556927670788891 0.8783726731770832 0.5759876234375001 0.7816293191122959 0.6988934602915982 0.9401731631697019 0.8785986039329872
0 0.656314015787437 0.4606045177221166 0.6547235442708333 0.40595033125 0.5917853461917297 0.4085877510278834 0.5933758177083334 0.4632419375
0 0.8621566832788027 0.9253004398434321 0.7140141500868015 0.7678833597888423 0.64099160546875 0.8668405531250001 0.7891341386607512 1.0242576331795898