0 0.4008382192424039 0.3497458645928785 0.3986034537627614 0.31411074123437854 0.33942369035741804 0.3247780028974799 0.34165845583706056 0.3604131262559798
0 0.21409396582031254 0.5423422442052981 0.19942294010902326 0.4787745635356102 0.17595744667176133 0.4943406643652047 0.1906284723830506 0.5579083450348924
0 0.3322202838093938 0.44237411890122597 0.29942628011451367 0.3417636147976279 0.2700791255665318 0.3692579454596831 0.3028731292614119 0.46986844956328117
0 0.4274113123928121 0.38331814117886953 0.3362608136877294 0.3536675739275085 0.32841129834909666 0.4230253119939436 0.41956179705417934 0.4526758792453046
0 0.4011808530273438 0.47130023261589415 0.39904163510145413 0.43978540382601783 0.3278104430220209 0.45368289239842613 0.32994966094791056 0.48519772118830246
0 0.1916297535761133 0.5721105333829902 0.19024459176070171 0.5515347886455586 0.13837253769476232 0.5615718003211504 0.1397576995101739 0.582147545058582
0 0.23358062792968748 0.31044883029801335 0.23234995177836382 0.2921637523392841 0.1625148861885414 0.3056734786168632 0.16374556233986506 0.32395855657559247
0 0.3166631549987048 0.3134509450910583 0.2982709394054076 0.25630669020792346 0.2843125600585937 0.26921955215231796 0.30270477565189086 0.32636380703545276
0 0.314068619140625 0.37346379056291384 0.29034951920780383 0.3013513136923455 0.2748700835786767 0.31598551250198115 0.2985891835114979 0.38809798937254947
0 0.7392171219686593 0.15188253993048312 0.7373111230214519 0.10677530788355076 0.7017088291857305 0.1110992562048653 0.703614828132938 0.15620648825179764
0 0.8436609966369857 0.3311173196093361 0.7967678829674982 0.20677993630980399 0.727502185212487 0.2818646616986025 0.7743952988819743 0.4062020449981346
0 0.9231248779296872 0.4366591249999999 0.9085502842548986 0.3957020136461302 0.8722229483304802 0.43285782275394874 0.886797542005269 0.47381493410781844
0 0.22824608360412352 0.9402408750041296 0.20637763508342283 0.8864963439632869 0.11826630961271067 0.9895447943664096 0.14013475813341136 1.043289325407252
0 0.7996316850585936 0.8404244933774835 0.7569575758427318 0.8115396847594393 0.7548808988586506 0.8203580880334083 0.7975550080745124 0.8492428966514526