0 0.02043238020833335 0.175718720703125 1.4346224590623317e-17 0.175718720703125 1.767075691169873e-17 0.2571593203125 0.020432380208333354 0.2571593203125
0 0.3346807606094751 0.059525876667452376 0.3051784427133269 0.0339761192737906 0.23704575654812077 0.21099002608458026 0.266548074444269 0.23653978347824203
0 0.25727782227536206 0.26094612075732837 0.20729588873112428 0.21644767621079455 0.1609065434928693 0.3336858333553119 0.21088847703710703 0.37818427790184567
0 0.1833759375 0.170889478515625 0.0688181678150132 0.06754556935085325 0.008919705426789529 0.216941186441189 0.12347747511177631 0.32028509560596075
0 0.8982669574307435 0.3205256662787961 0.8740947709919773 0.1345219222014413 0.7182381471354167 0.18009433593749996 0.7424103335741826 0.3660980800148548
0 0.9376956938165942 0.1181502497244496 0.9125008377026714 -0.015400368197920788 0.8742173332826616 0.0008498869555893518 0.8994121893965844 0.13440050487795974
0 0.8893124101562501 1.5074748382477666e-16 0.7392808854166667 1.369673118340121e-16 0.7392808854166667 0.14408861328125014 0.8893124101562501 0.14408861328125017
0 0.7681931166545585 0.1433543370785348 0.7280440749028458 -0.02015666239735775 0.6761126508232618 0.00853402551128768 0.7162616925749744 0.17204502498718022
0 0.4627177380837046 0.7547594082172122 0.4512181344254688 0.6475637462236468 0.29720403125 0.684738548828125 0.30870363490823577 0.7919342108216906
0 0.3121778726904678 0.7940429952946176 0.2794116412092946 0.6688328921368796 0.2197551997301366 0.7039587535769098 0.2525214312113098 0.8291688567346479
0 0.27067448964392543 0.6824138451487705 0.26611117167582216 0.6398760359839477 0.20703819573956275 0.6541346390967268 0.21160151370766603 0.6966724482615495
0 0.4215080619447235 0.639024885912268 0.41037351257865445 0.5352321297169073 0.2563630166865885 0.5724060563721969 0.2674975660526575 0.6761988125675578
0 0.2592198676896424 0.6363030193262084 0.2524661156265462 0.5733466627793777 0.18916645280403263 0.5886254696642931 0.1959202048671288 0.6515818262111237
0 0.8889667907642531 0.5689195273593161 0.8532900790080039 0.5005966011424272 0.7074658821742443 0.671925440268418 0.7431425939304935 0.740248366485307