0 0.4259265927845577 0.3362100232653972 0.3287620854890948 0.23429539690315077 0.2829521375616417 0.3325636990260148 0.38011664485710456 0.4344783253882612
0 0.7084385481770834 0.7715180742187502 0.6620105872395833 0.7715180742187502 0.6620105872395833 0.8085937500000002 0.7084385481770834 0.8085937500000002
0 0.6535778945312499 0.8051784199218749 0.6463170913456313 0.7506547953511323 0.6206950716145833 0.7583318710937501 0.6279558748002018 0.8128554956644927
0 0.57894258984375 0.769301609375 0.52202766015625 0.769301609375 0.52202766015625 0.80859375 0.57894258984375 0.80859375
0 0.6869338254804408 0.7653181543813095 0.6830345938083773 0.7277409764147029 0.6562114166666667 0.734003474609375 0.6601106483387302 0.7715806525759814
0 0.6288487265625 0.7219144433593752 0.5726096953125 0.721914443359375 0.5726096953125 0.8085937500000001 0.6288487265625 0.8085937500000002
0 0.5727924372505014 0.7631016846057823 0.5688932044330661 0.7255245071636703 0.513879421875 0.738368765625 0.5177786546924353 0.775945943067112
0 0.5059971966145834 0.788317869140625 0.4957372401518298 0.7112726957411958 0.45846831722084636 0.7224395138179398 0.46872827368360004 0.799484687217369
0 0.46371147265624996 0.7981904648437501 0.4531368205386179 0.7187821411474207 0.4275143233310584 0.7264593619842433 0.43808897544869047 0.8058676856805728
0 0.5202204891930231 0.6950395753037948 0.5071803019831242 0.5971167816540253 0.48155768722519926 0.604794037191713 0.4945978744350981 0.7027168308414825
0 0.5652898645833332 0.6878782480468749 0.5501586529932717 0.5742532976487086 0.5105598472512853 0.5861182119053592 0.5256910588413467 0.6997431623035255
0 0.4785272930828344 0.6911733410341251 0.46422459732087384 0.5837699670620963 0.42462620833333337 0.5956347558593751 0.43892890409529395 0.7030381298314039
0 0.4368019228522037 0.7047673239663819 0.4197636613179034 0.5956809792051017 0.40822275148013026 0.5997367878521661 0.4252610130144306 0.7088231326134463
0 0.2034447200520834 0.9912236328125 0.1738456575520834 0.9912236328125 0.1738456575520834 1 0.2034447200520834 1
0 0.16846959244791668 0.9991915410156251 0.1679739759945087 0.9863279023016753 0.14750591528592252 0.988102259677123 0.1480015317393305 1.0009658983910728
0 0.12088759635416674 0.9906989609375 0.08460281119791674 0.9906989609375 0.08460281119791674 1 0.12088759635416674 1
0 0.18955689696315262 0.9897714477319867 0.1892070485658699 0.9806911982568878 0.17014853122073273 0.9823433644747487 0.17049837961801548 0.9914236139498476
0 0.15270408854166675 0.979481708984375 0.11685020572916675 0.979481708984375 0.11685020572916675 1 0.15270408854166675 1
0 0.11678871853155258 0.9892467757340642 0.1164388697083828 0.9801665257342429 0.07940809244301225 0.983376695185207 0.07975794126618203 0.9924569451850282
0 0.07498063613274085 0.9796879021208822 0.04418174956458762 0.9770179702247133 0.04353421991224173 0.993824459845909 0.07433310648039496 0.9964943917420779
0 0.04742468619791667 0.9975373867187501 0.04669583613203615 0.978620246691729 0.024348040355377725 0.9805575603079458 0.02507689042125824 0.999474700334967
0 0.08319924442667015 0.9724189367438029 0.0719761797017235 0.9411265424631015 0.05880212369791663 0.9517575566406249 0.07002518842286327 0.9830499509213264
0 0.11218361848958336 0.9714248339843751 0.11113407297932014 0.9441840830174002 0.07768547297416034 0.9470837135380776 0.07873501848442356 0.9743244645050525
0 0.05671138140026788 0.9724374569512745 0.05572014762275717 0.9467101773224874 0.022506790326635755 0.9495894150307028 0.023498024104146465 0.9753166946594899
0 0.029987867187500055 0.9747540957031251 0.017961708349898298 0.9461650662665027 0.01241041213826688 0.9514192401734282 0.024436570975868637 0.9800082696100506
0 0.9357056424969771 0.9046409394309675 0.9347558593508408 0.8659736176864952 0.8209289295232192 0.872264447073194 0.8218787126693554 0.9109317688176662
0 0.8530745103600808 0.8955419111482067 0.8521060987387467 0.8561162598604389 0.7351388352578713 0.8625806560221772 0.7361072468792053 0.9020063073099449
0 0.7676802001059935 0.8858362422554062 0.766730411758183 0.8471687280733498 0.6505543146435919 0.8535893911998068 0.6515041029914025 0.8922569053818633
0 0.9000765776932577 0.8542242619187315 0.8991081682324041 0.8147986491634303 0.7848849536308654 0.8211113828500436 0.7858533630917189 0.8605369956053448
0 0.8150777507002291 0.8444967295821246 0.8141279649905436 0.8058293702039069 0.6995091676312549 0.8121639743629032 0.7004589533409403 0.850831333741121