0 0.4319577519531251 5.551115123125783e-17 0.3174281187253 -0.020747395837403017 0.2939873798386252 0.10865001135141725 0.4085170130664503 0.1293974071888203
0 0.90505369921875 1.000625181134225e-16 0.729091234375 8.928792464637365e-17 0.729091234375 0.10550167773437509 0.90505369921875 0.1055016777343751
0 0.2185945596119125 0.6738000746129813 0.1647247479510805 0.516925559248218 0.054128286208317944 0.5549037518857155 0.10799809786914993 0.7117782672504788
0 0.08193990769453341 0.8476112616096001 0.04046481054687509 0.8366460585937501 0.02113625111537662 0.9097549539773475 0.06261134826303494 0.9207201569931975
0 0.702781721262203 0.6934363859426127 0.6988947613196562 0.6775876939819669 0.6739850830262034 0.6836968998362292 0.6778720429687501 0.6995455917968749
0 0.8011712887712249 0.7065646244869084 0.801123091796875 0.690497501953125 0.7769807463850251 0.6905699223880918 0.777028943359375 0.7066370449218752
0 0.7101786290229175 0.7865976986895485 0.7062896350002082 0.7707469759026414 0.6813791290241658 0.7768587986974679 0.6852681230468751 0.792709521484375
0 0.8085132683508057 0.76759418223805 0.8084650722656249 0.7515273574218748 0.7843211457116941 0.7515997826056997 0.7843693417968749 0.7676666074218749
0 0.708435349200008 0.7541492431589079 0.7045463535211212 0.7382985210272615 0.6796351488523631 0.7444105181027286 0.6835241445312499 0.760261240234375
0 0.7956209929011229 0.8051992289710689 0.7923675914015367 0.7898141348492248 0.7028133035785389 0.8087516890812809 0.706066705078125 0.824136783203125
0 0.7408993789062501 0.738878455078125 0.7301253476562501 0.645084294921875 0.7107135931017977 0.6473141016586548 0.7214876243517977 0.7411082618149047
0 0.8048433647481511 0.7370784949661559 0.8047939651474796 0.7210116793999681 0.7806488406337034 0.7210859168556873 0.780698240234375 0.7371527324218751
0 0.7557035041811898 0.7312151073952871 0.7472546328125002 0.6459958671875001 0.7348508001488475 0.6472256174926944 0.7432996715175372 0.7324448577004813
0 0.7753872436297922 0.7854486226251989 0.7723074453125003 0.767703693359375 0.7181347466045831 0.7771058715154264 0.721214544921875 0.79485080078125
0 0.8142760598671432 0.8247236970204774 0.810523731096381 0.807257585288337 0.6874037786511126 0.8337080367053598 0.6911561074218749 0.8511741484375002
0 0.7064534273990497 0.7239497515348207 0.7025644333763404 0.7080990287479134 0.6776539278522908 0.7142108514318427 0.681542921875 0.73006157421875
0 0.7991900680719847 0.676364960418533 0.7991418710937501 0.6602978378906251 0.7749995256780154 0.6603702583314671 0.77504772265625 0.676437380859375
0 0.7938320893595322 0.6455329500442797 0.79378268976286 0.6294661344780739 0.7696375632939527 0.6295403719337941 0.7696869628906249 0.6456071874999999