0 0.45347340000000014 0.32968749999999997 0.4368096394617659 0.27113277698078014 0.3757347347471473 0.28851374190697093 0.39239849528538157 0.34706846492619076
0 0.7688577328124998 0.14251013593750012 0.766193970964909 0.13786610196452628 0.7027752844425557 0.17424229528388455 0.7054390462901464 0.17888632925685838
0 0.7479043484375001 0.13928108125 0.742862018786641 0.1306579398633198 0.6938989338603003 0.15928880695115066 0.6989412635111593 0.16791194833783085
0 0.6708111109374999 0.2263699328125001 0.6653720684013095 0.2168519447559339 0.6180887999249449 0.2438719102113057 0.6235278424611354 0.2533898982678719
0 0.7978698875000001 0.16734806406249997 0.7936132393242655 0.16028531427984483 0.7539898408258585 0.18416593756751282 0.7582464890015931 0.191228687350168
0 1.0039096102744969 0.21129092941295857 0.9999999999999998 0.20406818124999998 0.9835154897954521 0.21299110213990038 0.9874251000699491 0.22021385030285895
0 0.962654084375 0.2352667906250001 0.9586459346625043 0.22818448742346686 0.9313095293084551 0.24365521808023693 0.935317679020951 0.2507375212817702
0 0.3295619140625001 0.3296875000000001 0.31227423295083395 0.3278924033099348 0.2987042916582482 0.4585777413580593 0.3159919727699144 0.46037283804812457
0 0.4102634689559873 0.4175320371028863 0.21031093750000002 0.3779828312500001 0.20728089597382154 0.3933020888813626 0.4072334274298089 0.43285129473424877
0 0.45696994779814587 0.37213679489134954 0.3203655105723096 0.34456080002693135 0.24662182042689137 0.7098682110850039 0.38322625765272766 0.7374442059494221
0 0.34216771032234583 0.6663861492352577 0.17488119954464298 0.6296503493319898 0.17142959207420483 0.6453681878389578 0.3387161028519076 0.6821039877422257
0 0.4320444761070796 0.7021198314533101 0.16313658868477815 0.682200190303306 0.16171044062500012 0.7014526687500001 0.43061832804730144 0.7213723099000042
0 0.31655423216126155 0.6366438841625359 0.29880336093750015 0.6331050875 0.24751832345032154 0.8903547073434706 0.26526919467408294 0.8938935040060064
0 0.3095650765625001 0.6796505125000001 0.28961340642810723 0.6771682478538186 0.255870227206269 0.9483854132577832 0.2758218973406618 0.9508676779039646
0 0.7111758815187079 0.7092261870826108 0.7035661587934177 0.6958428921283578 0.6792563460247101 0.7096654175457473 0.6868660687500001 0.7230487125000002
0 0.8097887094896897 0.6928960342804859 0.805249196875 0.6780608125000003 0.7799903061353101 0.6857899219695143 0.7845298187499999 0.7006251437499998
0 0.7340802988644375 0.7963117220636191 0.7264683764727684 0.7829271379389389 0.702158649483331 0.7967522783753198 0.7097705718750001 0.8101368625
0 0.8272221581384975 0.7492097153772287 0.8226827296874999 0.7343747718750002 0.7974223324865022 0.7421043439977716 0.8019617609375 0.7569392875000001
0 0.726913086655957 0.765733968249323 0.7193011635928453 0.7523493829439977 0.6949906441243884 0.7661749740696745 0.7026025671875 0.7795595593749999
0 0.820449403642528 0.7889433355382324 0.8134775593750001 0.7758037078125002 0.7283324604199718 0.8209814238367681 0.7353043046874999 0.8341210515625
0 0.7551898039988798 0.7433953057846846 0.7285193140625001 0.6554677312500001 0.7093871146833312 0.6612709748138453 0.7360576046197108 0.7491985493485298
0 0.8185059667691628 0.7210516603885179 0.813965522224515 0.7062171661871322 0.7887046195178522 0.7139488573611145 0.7932450640625 0.7287833515625002
0 0.7683092660531697 0.7317991134216768 0.7453378015625001 0.651293715625 0.7330953148424078 0.6547869950406036 0.7560667793330774 0.7352923928372803
0 0.7977348203898125 0.7758851125457298 0.7902332046875 0.7605290874999999 0.7376016546101875 0.7862402765167703 0.7451032703125 0.8015963015625001
0 0.8418801307694557 0.8021552663243334 0.8339181679697258 0.7872554487333311 0.7173950325127703 0.8495215042839975 0.7253569953125 0.8644213218749999
0 0.7198926318617567 0.7373815936292379 0.7122807093664094 0.7239970103803064 0.6879709837546527 0.7378221511260685 0.69558290625 0.7512067343750001
0 0.8027690497269528 0.6645432124407662 0.7982295359375 0.6497079890624999 0.772970644023047 0.6574371000592338 0.7775101578125 0.6722723234375001
0 0.7923571896355488 0.6365794944600809 0.7878167452247394 0.6217450006959707 0.7625558415266905 0.6294766921733899 0.7670962859374999 0.6443111859375001