0 0.22534775465313397 0.42329920901980156 0.20035501882897155 0.21974970644139175 0.08016388284576557 0.23450732201884622 0.10515661866992798 0.43805682459725603
0 0.20550861946708954 0.15392968630600548 0.18888422647371336 -0.015022441987938843 0.03621257421875 0 0.0528369672121262 0.16895212829394432
0 0.789347091796875 0.24724776953125016 0.7105368052776138 0.15233627110074988 0.606713095703125 0.23854686132812505 0.6855233822223863 0.33345835975862537
0 0.5619469326226997 0.9280838600974505 0.5347517929307537 0.7346842841056366 0.48690266770598656 0.7414126527587304 0.5140978073979325 0.9348122287505443
0 0.5295745273437501 0.6978659238281252 0.5139269344114598 0.5865872857477422 0.4598365039062501 0.594193283203125 0.4754840968385404 0.705471921283508
0 0.9227044375764979 0.9825262924372353 0.9142795868137354 0.893549229012178 0.8595326547411019 0.8987329776624077 0.8679575055038643 0.987710041087465
0 0.8638265553734562 0.9969759780786289 0.854650051832277 0.9008290482266199 0.7975510027163263 0.9062787243339797 0.8067275062575054 1.0024256541859886
0 0.8022913645066487 0.9999179599505199 0.7942307800920688 0.9082402533462328 0.7393168675894334 0.9130684525198108 0.7473774520040133 1.004746159124098
0 0.8531726339172973 0.8931244157094865 0.837700955910626 0.7671177032664528 0.7834215842265767 0.7737823717179824 0.798893262233248 0.8997890841610161
0 0.7934800055299055 0.900017204322249 0.7815814674775866 0.7732828645019847 0.7266558230182214 0.778439595278937 0.7385543610705403 0.9051739350992013
0 0.9753493491724081 0.8851885546783701 0.9553266849796656 0.631377553274959 0.83565241466472 0.6408184274442354 0.8556750788574625 0.8946294288476465
0 0.9062071104432585 0.7484408141511201 0.8955232763555094 0.636500809771924 0.838108566931247 0.6419806132888796 0.8487924010189961 0.7539206176680757
0 0.9542074170390021 0.626626158988767 0.9460083543562747 0.5367110287817152 0.8903578932273969 0.5417856098679867 0.8985569559101243 0.6317007400750385
0 0.7783984672300839 0.6977203265387373 0.7643962332741192 0.5498390531636532 0.7087855119793058 0.5551045902547148 0.7227877459352705 0.7029858636297989
0 0.8938563011362408 0.6317974844972717 0.8834884211460181 0.5239782720936559 0.8273832134600276 0.5293733408123675 0.8377510934502503 0.6371925532159833
0 0.8373228229338036 0.6935033310245526 0.8212896520634833 0.524173145703172 0.7657863961217201 0.5294285181264906 0.7818195669920404 0.6987587034478713