0 0.5917629510828248 0.4649637197133006 0.5683251269873351 0.2928500631952332 0.3812649039811897 0.31832325742500606 0.40470272807667956 0.4904369139430734
0 0.2298574151417969 0.5247960320398084 0.16074519540218987 0.037494281054574204 0.02697224856940628 0.056466807375338955 0.0960844683090133 0.5437685583605731
0 0.3965188507461702 0.5042974010683529 0.32112621158850485 0.014199226489345788 0.18707075322392652 0.03482120658196254 0.26246339238159194 0.5249193811609696
0 0.7708719140625 0.23498565039062513 0.7646202923503207 0.22887102369396362 0.6938220657878207 0.30125544752208866 0.7000736875 0.3073700742187502
0 0.7448762871093749 0.23066706250000013 0.733147275143256 0.21941279098730365 0.6806428610807559 0.2741320058310536 0.692371873046875 0.2853862773437501
0 0.6625366857605218 0.4017187547741845 0.6497497441406249 0.38916552734375 0.5998412857446378 0.44000317426643065 0.6126282273645347 0.4525564016968652
0 0.8095588964843748 0.2794814902343752 0.7997960484229779 0.2703922217346506 0.7582374161014452 0.31503064483843246 0.7680002641628422 0.32411991333815704
0 1.0094649842152186 0.40410829416105537 0.9999999981751742 0.39472655092559833 0.9824810410156251 0.41240095117187514 0.9919460270556695 0.4217826944073322
0 0.30293152929687506 0.9561273652343751 0.2828753240328892 0.9259665651989506 0.23530177190728196 0.9576018310223853 0.25535797717126785 0.9877626310578098
0 0.27091090234375004 0.8072192031250001 0.23394273849477856 0.7522167657745544 0.2099134330626659 0.7683673100628271 0.24688159691163736 0.8233697474132728
0 0.882960640625 1 0.880705515625 0.9857617070312499 0.878776560395344 0.9860672236526473 0.881031685395344 1.0003055166213974
0 0.87307290625 1 0.8710597518103991 0.987289446364489 0.8691307952250642 0.9875949631519494 0.8711439496646652 1.0003055167874604
0 0.8631856777343749 1.0000000000000002 0.8614144803092442 0.9888171064147959 0.8594855237574689 0.9891226233055418 0.8612567211825997 1.0003055168907462
0 0.9763566973871562 0.9903870116995015 0.972384669921875 0.9653086171875 0.8971504739814304 0.977224543163574 0.9011225014467117 1.0023029376755754
0 1.0039720294969012 0.986013171294372 0.9999999999629794 0.9609347771100116 0.987817298591078 0.9628643284718894 0.9917893281249999 0.9879427226562498
0 0.9750023671259892 0.9431356291566766 0.9714559280710555 0.9247348654745309 0.8504445236080076 0.9480577871909016 0.8539909626629412 0.9664585508730473
0 0.6357763906250002 0.970245083984375 0.5683593750000002 0.970245083984375 0.5683593750000002 1 0.6357763906250002 1
0 0.8275914547144103 0.9999999997482621 0.8172197510135941 0.934515644665091 0.6339571414757544 0.9635415926667276 0.6443288451765705 1.0290259477498986