0 0.36821526171874996 0.3997373398437499 0.3610613702550692 0.34657162483003967 0.07231506640625 0.38542485416666666 0.07946895786993075 0.43859056918037687
0 0.8163235580223324 0.20577456236935024 0.6823085585937498 0.19823818229166676 0.6807617104731117 0.22574486956945963 0.8147767099016942 0.23328124964714317
0 0.812619846354167 0.23748699739583348 0.6812117910618186 0.2329424801497683 0.6803285614260378 0.25848171402879694 0.811736616718386 0.26302623127486213
0 0.8176864887510019 0.2794350706342446 0.6793498424479169 0.2680880546875001 0.6773133222505959 0.29291620118417255 0.815649968553681 0.30426321713091703
0 0.8167543567708333 0.3117555390625001 0.6769241770833335 0.3032141341145835 0.6761354489422904 0.3161262953291794 0.8159656286297902 0.32466770027709607
0 0.7928466322203342 0.13299197080276307 0.7205449700520834 0.13146463932291677 0.7200706789775825 0.15391689247848714 0.7923723411458333 0.15544422395833343
0 0.7953996844317529 0.09431538345211037 0.7269213372395833 0.09165305468750007 0.7259550119549562 0.11650812113191299 0.7944333591471259 0.1191704498965233
0 0.7975127984256059 0.06318574845375219 0.7289873424479166 0.059488074218750096 0.7277284073035607 0.08281871378583133 0.79625386328125 0.08651638802083343
0 0.8019537916666666 0.0251038789062501 0.7326664322916668 0.023770764322916752 0.7322074816051352 0.04762428865659477 0.8014948409801349 0.04895740323992812
0 0.8748772903873837 0.02979857255533769 0.8068631302083333 0.02562981901041678 0.8052908430444313 0.05128204091818297 0.8733050032234817 0.05545079446310388
0 0.8726690581738129 0.06905097531591038 0.8018207043377502 0.0636536564855558 0.8002214620620158 0.08464624302381962 0.8710698158980784 0.09004356185417417
0 0.8742150925021571 0.10479154562130266 0.8010654934895833 0.09608312369791676 0.7984582652390989 0.11798349815554698 0.8716078642516728 0.1266919200789329
0 0.8711714375 0.13798544401041676 0.7999215820312501 0.13515391276041674 0.7989406840147196 0.1598362615451501 0.8701905394834696 0.1626677927951501
0 0.3626565623651287 0.9668081039804046 0.35172593880208325 0.9446671640625001 0.25918449669061067 0.9903533757342945 0.2701151202536561 1.012494315652199
0 0.7613306737652197 0.7875605109714998 0.7570560153525693 0.7707160690391327 0.7374522838541666 0.7756909596354168 0.741726942266817 0.7925354015677839
0 0.7984795618078983 0.7422746806862245 0.7942049049479164 0.7254302408854167 0.7750238926191849 0.730297855772109 0.7792985494791665 0.7471422955729169
0 0.806089588913517 0.7156906311742056 0.8044865585937501 0.7093738294270834 0.7860684215031499 0.7140478453882947 0.7876714518229169 0.7203646471354169
0 0.7845369274235322 0.721160102153482 0.7829338970566352 0.7148433030749762 0.7734961870810197 0.7172383350360775 0.7750992174479165 0.7235551341145833
0 0.7820937410724378 0.7083329075073683 0.7810251458333332 0.7041220651041669 0.7717400427817286 0.7064783672322154 0.7728086380208331 0.7106892096354168
0 0.8020026476696026 0.7032805715122575 0.8003996168770594 0.6969637709121148 0.7837778403012067 0.7011819220561074 0.78538087109375 0.7074987226562501
0 0.8015850857817419 0.6921809114437764 0.7999820552884523 0.6858641121640834 0.7818690892983771 0.6904606863973903 0.7834721197916666 0.6967774856770833
0 0.7803375973152464 0.6975729405375862 0.7787345664062499 0.6912561393229169 0.7692968558097534 0.6936511714415808 0.77089988671875 0.6999679726562502
0 0.7748744314198529 0.7644677386454001 0.7627113651633236 0.6961491969355663 0.7245021857905106 0.7029517540260414 0.7366652520470399 0.7712702957358751
0 0.7356172552100911 0.7970158961479797 0.719466125 0.7062968424479167 0.6721596108636683 0.7147190386507952 0.6883107410737596 0.8054380923508583
0 0.7963892439049841 0.6822938482466318 0.7921145871812625 0.6654494063024256 0.7647164786929451 0.6724022937328771 0.7689911354166666 0.6892467356770834
0 0.7189373937602072 0.7033270233818959 0.7137398697916666 0.6741331302083333 0.6955451999897925 0.6773724115139373 0.7007427239583333 0.7065663046875
0 0.7623000071222572 0.693838645354839 0.755692732509015 0.6567263279175973 0.7174835527477693 0.6635288819175248 0.7240908273610113 0.7006411993547664
0 0.5764376799332106 0.6546480932403782 0.5651612419927741 0.6517864450141532 0.5437832344487754 0.7360273286947082 0.5550596723892119 0.7388889769209331
0 0.5836877037182527 0.6255382249921686 0.5724754996173494 0.6226928756209882 0.566614429202843 0.6457886396782327 0.5778266333037463 0.6486339890494132
0 0.5533583699141763 0.6151429739074076 0.5407589470888489 0.6119056104456156 0.5184220515292028 0.6988380772763199 0.5310214743545302 0.7020754407381117
0 0.6044957889264974 0.5565294139930681 0.5935887314971522 0.5521585297825955 0.5740305938656992 0.6009636959881374 0.5849376512950443 0.60533458019861
0 0.6717225587026702 0.5251115303588204 0.6206778259969009 0.5104209729588729 0.5927520958150962 0.6074534676379887 0.6437968285208654 0.6221440250379361
0 0.6215281784247714 0.48951222887072915 0.6107263330299948 0.48621817711103815 0.5932336120768261 0.5435802591469991 0.6040354574716026 0.5468743109066901
0 0.6922914518730066 0.4517193581008991 0.6437776823164002 0.4369255494295985 0.6212580727550895 0.5107747638568213 0.6697718423116958 0.5255685725281217
0 0.6248537480252324 0.47705660883808393 0.6227164190561957 0.4686343884771291 0.61133024004138 0.4715238890140452 0.6134675690104168 0.479946109375
0 0.5931854228207821 0.47666263477776916 0.5820796440863422 0.47355643951207593 0.547483161080636 0.5972514594275194 0.5585889398150761 0.6003576546932127