0 0.673727453974883 0.37330528780514927 0.6634598612844662 0.3119858284555764 0.49382823932762804 0.3403896731753801 0.5040958320180449 0.40170913252495294
0 0.38740841563922007 0.2773692967481588 0.3217451631102526 0.22813527232477185 0.1927713270320313 0.4001472430547343 0.25843457956099875 0.44938126747812124
0 0.6154328501345795 0.3141917915114232 0.5984094129572528 0.23041074658012164 0.42368895320849936 0.265912127263132 0.44071239038582605 0.3496931721944336
0 0.88153208932244 0.2488535977478834 0.8610436549479165 0.18110520963541665 0.8312252903431688 0.19012286486502597 0.8517137247176922 0.25787125297749275
0 0.2000141093750002 0.7872809544270836 0.1651286085756898 0.765916408429936 0.15542722916666693 0.78175748828125 0.19031272996597728 0.8031220342783976
0 0.26030193098958343 0.7384782369791668 0.2254134287153512 0.7171152466572083 0.2157133971354168 0.7329566419270835 0.250601899409649 0.7543196322490422
0 0.17783367838541672 0.5219168164062501 0.14951350481447664 0.49010950860299207 0.0888740980023049 0.5441008283582479 0.11719427157324495 0.5759081361615058
0 0.23213591536458342 0.7617203111979167 0.19724763063535186 0.7403558985449387 0.18754698177083337 0.7561971484374999 0.22243526650006493 0.7775615610904779
0 0.8030554106464113 0.7547404052921197 0.6692708333333334 0.6581441796875 0.5944964937588558 0.7617057148429444 0.7282810710719337 0.8583019404475638
0 0.9797325093220891 0.9310543516764556 0.7879824727794245 0.7868695967330946 0.7178236302083333 0.8801732239583334 0.9095736667509979 1.0243579789016943
0 0.8365385901460117 0.5467995800477696 0.7854446367644923 0.5024025131409547 0.742592693607477 0.5517182751611699 0.7936866469889966 0.5961153420679849