0 1.012600433032541 0.42143041218818755 0.99999999995182 0.29518962061104537 0.9332462737206262 0.3101810759239631 0.9458467068013472 0.4364218675011053
0 0.43813863802083336 0.8737848085937501 0.41661664230991197 0.6992050132837897 0.3048134040232466 0.7302167052373246 0.326335399734168 0.904796500547285
0 0.32116383686554667 0.8957340606318805 0.30089310323144564 0.7313041094577297 0.22415306766833631 0.7525900602224314 0.24442380130243735 0.9170200113965822
0 0.15838304947916668 0.829616650390625 0.15137589741932952 0.7727768003305963 0.09445666927083333 0.78856491015625 0.10146382133067049 0.8454047602162788
0 0.4984568363866832 0.8482141584778222 0.4584322287272154 0.6696245977388 0.4143490561070866 0.6918539278447078 0.45437366376655436 0.87044348858373
0 0.39641803182535257 0.6876277213025392 0.36443603773060235 0.5449242625218804 0.3118754826084163 0.5714283893333139 0.3438574767031666 0.7141318481139727
0 0.45823962109375 0.6687651855468751 0.41953183299881447 0.49605127763007495 0.3754486615226511 0.5182806086748368 0.41415644961758663 0.690994516591637
0 0.3344187080486747 0.7052095854294895 0.31239623368667574 0.5265700589812148 0.1697691314497227 0.56613159371418 0.1917916058117216 0.7447711201624547
0 0.1768330230146005 0.7435348626170706 0.13448653759297366 0.5545851071216483 0.04971184181445112 0.5973335003194306 0.09205832723607793 0.7862832558148528
0 0.07493234765625 0.760389958984375 0.03769027796143983 0.5942160610029078 -0.02428498322619334 0.6254676342356242 0.012957086468616819 0.7916415322170914
0 0.3240857930285503 0.4925055707677846 0.3191740302234017 0.449398019989342 0.18295211936187405 0.4843211791946354 0.18786388216702266 0.5274287299730781
0 0.12391277734375002 0.5326642578125 0.12015894307822983 0.5022143126281554 0.06574457682291666 0.5173076289062501 0.06949841108843685 0.5477575740905948
0 0.06972199609375 0.5518943222656248 0.06546765689458171 0.5173844384412073 -0.0014012721028223984 0.5359323707204586 0.0028530670963458904 0.5704422545448762
0 0.9824707126031726 0.7079296898354746 0.9684568300597239 0.579096561915858 0.8003850703081231 0.6202312480066379 0.8143989528515717 0.7490643759262543
0 0.8146778182642533 0.7527393939212186 0.782552682544841 0.6076758742199955 0.7140777642356283 0.6417952283438104 0.7462028999550409 0.7868587480450336
0 0.7711395866757104 0.6168914753136038 0.7655785422512681 0.5657674010619894 0.701034551046304 0.5815642055473661 0.7065955954707461 0.6326882797989805
0 0.9394445944226333 0.567302607592358 0.9258755822964521 0.4425592613505538 0.757467953239475 0.4837761419837587 0.7710369653656562 0.6085194882255629
0 0.7593756566139857 0.560987698736537 0.7511452625716051 0.4853235892678543 0.6826870176042051 0.5020783790201956 0.6909174116465856 0.5777424884888783