0 0.33167118821820735 0.14951386429516128 0.32893064631638375 0.11074929955692822 0.17389120942257683 0.13993809480224825 0.17663175132440045 0.1787026595404813
0 0.6812290688476563 1.3588068253579604e-16 0.621863374846331 -0.005781123577984621 0.6203302808997775 0.0361430507305858 0.6796959749011028 0.04192417430857056
0 0.7318893540039062 1.4181820512822745e-16 0.6854653515625 1.3717936224875967e-16 0.6854653515625 0.044645728286852725 0.7318893540039062 0.04464572828685273
0 0.7297091845703126 0.07324983984063763 0.683626813523945 0.06810175917792802 0.6753336023787038 0.2657917353538538 0.7214159734250714 0.2709398160165634
0 0.6794880069910499 0.06736169406005466 0.6176961696061877 0.05953064172253689 0.6115414404471691 0.18885858829993257 0.6733332778320313 0.19668964063745034
0 0.2341567552730106 0.7671821934224254 0.0021624102400331704 0.7534058163726646 -0.0029892290215609053 0.9844315061720748 0.22900511601141654 0.9982078832218357
0 0.7747665312500002 0.9714880270916337 0.7725419333932717 0.9713265555330909 0.7717627502533174 0.9999134828160297 0.7739873481100459 1.0000749543745724
0 0.7636339731445312 0.9709899569721115 0.7614093752821399 0.9708284855636595 0.7606301928710937 0.9994154127490041 0.7628547907334849 0.9995768841574563
0 0.7547271486555277 0.9706534231354591 0.7502773839409452 0.9703304406857867 0.7494982055664063 0.9989173673306775 0.7539479702809888 0.9992403497803499
0 0.8818682333984376 0.9662175752988048 0.7940515214843751 0.9662175752988048 0.7940515214843751 1 0.8818682333984376 1
0 0.9799087260742187 0.9672501019920322 0.8988212958984375 0.967250101992032 0.8988212958984375 1.0000000000000002 0.9799087260742187 1.0000000000000004
0 0.4990071616173054 0.9420152170891002 0.4297354424562506 0.9389159955493686 0.4289683138973566 0.9845768409663647 0.4982400330584114 0.9876760625060964
0 0.88974826427901 0.9108950004134984 0.7492226409688755 0.9084400801815278 0.7490470006877022 0.9352141697458934 0.8895726239978368 0.9376690899778639
0 0.5003003926329594 0.8792418551971602 0.4297354423781176 0.8760847774921597 0.4287765325978797 0.9331608353535119 0.49934148285272145 0.9363179130585124
0 0.7146571528198297 0.8795000022342443 0.502498260707546 0.8773559303946573 0.5020531619872974 0.9946431536584863 0.7142120540995811 0.9967872254980733