0 0.326247241665964 0.18452149350564195 2.7755575615628914e-17 0.16931254166666665 -0.006721084421251973 0.2333898700615378 0.319526157244712 0.2485988219005131
0 1 7.841138866166007e-17 0.9068273417968751 7.460793540710983e-17 0.9068273417968751 0.09740815104166674 1 0.09740815104166674
0 0.44001531174082914 0.7022254498556785 0.36444015429687504 0.7007601223958336 0.35691405739979604 0.8732770280089049 0.43248921484375014 0.8747423554687499
0 0.172155660893004 0.6730168322422796 0.10361074370748853 0.6716878155269751 0.09379429765823469 0.8967054624513621 0.16233921484375013 0.8980344791666667
0 0.01234773632812512 0.6599116328125 1.2122380032658975e-16 0.6599116328125 1.4121536856440504e-16 0.8775696901041666 0.01234773632812514 0.8775696901041666
0 0.35960141667074563 0.690718638371583 0.2875411562500001 0.6893214622395835 0.28113796058487006 0.8360987722679886 0.3531982210056156 0.8374959483999881
0 0.24929237918241892 0.6790062622565017 0.18426235698375895 0.6777453958248388 0.1735961653013402 0.9222413549225038 0.2386261875000002 0.9235022213541667
0 0.09175546614780065 0.6611857692900752 0.024968355911684063 0.6598908346061355 0.015159014335767391 0.884745616961729 0.08194612457188398 0.8860405516456688
0 0.45122939373840837 0.5661381367918715 0.38444192463140114 0.5648431952902057 0.3792769195648679 0.6832381157900008 0.44606438867187514 0.6845330572916666
0 0.38070486386329394 0.5295485050283331 0.3086446054687501 0.5281513294270833 0.3022413806208758 0.6749293600271286 0.3743016390154196 0.6763265356283781
0 0.024199129262626008 0.43559198842531655 0.008381117187500075 0.43528529296875 -0.0004957698876258132 0.6387657654809334 0.01532224218750012 0.6390724609374999
0 0.10177862090200979 0.4314298079481819 0.03674904782123008 0.4301689504616994 0.02743637418484539 0.6436389094406009 0.0924659472656251 0.6448997669270834
0 0.2892880326759017 0.4476724737993018 0.19437961400163664 0.4458322962014385 0.18475141674939632 0.6665349010792584 0.27965983542366135 0.6683750786771218
0 0.1824306845664396 0.43748743341050206 0.1174011113281251 0.4362265755208334 0.10795896387106065 0.6526643322144979 0.17298853710937512 0.6539251901041666
0 0.7414864805772804 0.7003161180198672 0.5680232496706166 0.6927513344393557 0.5566278685171382 0.808884766634744 0.730091099423802 0.8164495502152554