0 0.17144312191319536 0.3248962649073059 0.07356327458973404 0.15116169464715054 0.01824569962120326 0.22128343561247066 0.1161255469446646 0.395018005872626
0 0.7559914088541667 0.261363390625 0.7555531323057617 0.2555290883663026 0.7132333750000001 0.26268203515625 0.7136716515484051 0.26851633741494746
0 0.7308286312680607 0.30345694909121435 0.726095854367066 0.21623505366799006 0.6233258672777627 0.22878203733495014 0.6280586441787573 0.3160039327581744
0 0.7738349218749999 0.3235713671875 0.7733966454959061 0.31773706537875535 0.7310768893229168 0.32489000976562504 0.7315151657020106 0.3307243115743697
0 0.7104180013020831 0.3352154121093751 0.7101024829096906 0.32940061983204927 0.6672687604166666 0.3346301035156251 0.667584278809059 0.3404448957929509
0 0.7817572682291667 0.31284923046875 0.7805764583830999 0.29922159705862483 0.7254779633752432 0.3099635137043206 0.72665877322131 0.3235911471144458
0 0.05421452343750008 0.8828385898437501 7.240679511512703e-17 0.8828385898437501 7.718950664617509e-17 1 0.05421452343750008 1
0 0.03271166019089699 0.8712643636093785 0.026600911903699943 0.813391752277786 -0.00549966296791643 0.821018100716245 0.0006110853192806132 0.8788907120478375
0 0.03234431119791673 0.73815805078125 6.044646664557037e-17 0.73815805078125 6.232394713986818e-17 0.7841504257812499 0.03234431119791673 0.7841504257812499
0 0.017434843749999995 0.72658333203125 0.014347644242841953 0.6973455931408521 -0.0024761151069583043 0.7013425225538235 0.000611084400199737 0.7305802614442214
0 0.72492857421875 0.822770435546875 0.566532979170325 0.7092889910012722 0.5498193699514791 0.7617783182081062 0.7082149649999042 0.8752597627537091
0 0.3885444921875001 0.9175096250000001 0.3281018663288157 0.874095272157817 0.3194402525307153 0.9012278667418419 0.3798828783893997 0.944642219584025
0 0.4235206927083334 0.9048117910156251 0.37127540437539314 0.8624937938640059 0.3618616838587321 0.8886434416618975 0.41410697219167236 0.9309614388135167
0 0.4474980781250002 0.8926872578125 0.4004554160538402 0.8589304833496341 0.394830222539937 0.8765685481227861 0.441872884611097 0.9103253225856521