0 0.05556505859375005 0.38761396484375 4.746902013507131e-17 0.38761396484375 5.602237698373074e-17 0.5273008828125 0.055565058593750064 0.5273008828125
0 0.7329407949218748 0.36990907421875024 0.653075143982726 0.30075330808283884 0.6436781431650208 0.3116055859060184 0.7235437941041696 0.38076135204192973
0 0.74747367578125 0.35970684570312506 0.667608029012615 0.29055108145811215 0.6582110280323712 0.30140335919903494 0.7380766748010064 0.37055912344404784
0 0.1515053351765964 0.7820272090468566 0.10664489801653482 0.7796761738060632 0.1063382617187501 0.7855271445312499 0.15119869887881168 0.7878781797720433
0 0.0950441722053525 0.7771125254079381 0.05213455859375011 0.774863728515625 0.051930134435272744 0.778764374982687 0.09483974804687512 0.7810131718750001
0 0.04238244182342404 0.7743526406468632 9.71445146547012e-17 0.772131470703125 -0.00020442432074228162 0.7760321186051834 0.04217801750268166 0.7782532885489215
0 0.1520164472656251 0.77227459375 0.10715601081451484 0.7699235585463612 0.10684934836408366 0.7757750282939079 0.15170978481519393 0.7781260634975466
0 0.09555528515625011 0.7673599101562499 0.05264567124568934 0.7651111112951441 0.05244122070312509 0.7690122578124999 0.09535083461368588 0.7712610566736058
0 0.04299576684120654 0.7626497012116857 9.71445146547012e-17 0.7603963886718749 -0.0003066625688996488 0.7662478593748452 0.042689104272306794 0.7685011719146561
0 0.24809937695312512 0.767531185546875 0.20518926367187512 0.7652823613281251 0.20498481320304718 0.7691835078493452 0.24789492648429717 0.7714323320680951
0 0.1505767120788818 0.7624202383410672 0.1076670976562501 0.76017144140625 0.10746264729611843 0.7640725878308079 0.15037226171875012 0.7663213847656251
0 0.0960663710937501 0.75760779296875 0.053156757183189345 0.7553589941076442 0.05295230664062509 0.7592601406249999 0.09586192055118584 0.7615089394861058
0 0.30096553147701677 0.7663904218868974 0.2795109728886165 0.765266037019194 0.2793065488281251 0.7691666835937502 0.3007611074165254 0.7702910684614536
0 0.04350685401508235 0.7528975839948988 9.020562075079397e-17 0.750617486328125 -0.000306662633434332 0.7564689577888147 0.04320019138164793 0.7587490554555886
0 0.25066299966559163 0.7559309562720705 0.20775288671875008 0.7536821328124998 0.2074462503344085 0.7595331042748044 0.25035636328125005 0.761781927734375
0 0.16874442034578674 0.7516377851784664 0.10242892693251213 0.7481623386126257 0.10222450268047548 0.7520629870279095 0.1685399960937501 0.7555384335937502
0 0.09657745736160248 0.747855675798563 0.05366784375000009 0.74560687890625 0.05346341959152272 0.749507525373312 0.09637303320312511 0.751756322265625
0 0.044120178909575446 0.7411946445928396 9.71445146547012e-17 0.7388824042968749 -0.00030666254214315597 0.7447338749454222 0.04381351636743219 0.7470461152413869
0 0.3037341039522693 0.7508890742416335 0.2608239902343752 0.74864025 0.26051732758627744 0.7544917206748918 0.30342744130417154 0.7567405449165253
0 0.2511741118685289 0.7461783428981912 0.20826400000000006 0.7439295175781249 0.20795733729414195 0.7497809862968646 0.2508674491626708 0.7520298116169309
0 0.1692555332031251 0.741885169921875 0.10294004024553335 0.7384097226158912 0.10273558984375009 0.7423108691406252 0.16905108280134185 0.745786316446609
0 0.09719078366290104 0.736152736442306 0.05428116918863493 0.7339039381602124 0.05397450654921103 0.7397554081369189 0.09688412102347714 0.7420042064190125
0 0.04463126600383507 0.7314425292915273 9.71445146547012e-17 0.72910350390625 -0.0002044242069598884 0.7330041503959727 0.04442684179687508 0.73534317578125
0 0.3042451894531251 0.7411369570312502 0.26133507699385244 0.7388881308529411 0.2610284402751024 0.744739101556066 0.3039385527343751 0.7469879277343751
0 0.23023014257812505 0.7353018124999999 0.21072590947421205 0.7342796386361309 0.21052145898437508 0.73818078515625 0.23002569208828808 0.739202959020119
0 0.12695871938866954 0.7279339062834713 0.10355333984375006 0.72670728125 0.10324667699362695 0.732558751914304 0.12665205653854644 0.7337853769477753
0 0.0977018695243346 0.7264006191607345 0.05479225585937509 0.7241518222656251 0.054485593366290594 0.7300032929486406 0.09739520703125011 0.73225208984375
0 0.04524459038088872 0.71973958959315 8.326672684688674e-17 0.7173684199218751 -0.00030666267258486896 0.7232198894199456 0.044937927708303765 0.7255910590912206
0 0.30670662618499955 0.7314865539392996 0.2618461894531251 0.7291355175781249 0.2615395268418725 0.7349869875499696 0.30639996357374694 0.7373380239111443
0 0.2326920531680608 0.7256519336164784 0.21123699609375007 0.7245275214843748 0.21103257183193938 0.7284281679460215 0.23248762890625008 0.7295525800781251
0 0.30721771289062505 0.7217344375 0.2623572767109756 0.7193834003574626 0.26215282617187513 0.723284546875 0.3070132623515246 0.7256355840175374
0 0.10057215462722746 0.7089489218923132 0.057662541015625096 0.7067001250000001 0.05745811685714774 0.710600771467062 0.10036773046875011 0.7128495683593751
0 0.1514885117187501 0.7077054746093749 0.10662807421875009 0.7053544375 0.10632141149625877 0.7112059078324098 0.1511818489962588 0.7135569449417847
0 0.046368976562500074 0.6982850312500001 9.020562075079397e-17 0.6958549355468752 -0.00020442437786648976 0.6997555840579234 0.046164552184633494 0.7021856797610483
0 0.3079332512447283 0.7080811738933585 0.28647819335937513 0.70695676171875 0.28627374289589685 0.7108579081378916 0.30772880078125003 0.7119823203125001
0 0.10118548046875009 0.697245982421875 0.05827586555154219 0.6949971853007919 0.05796920312500008 0.7008486542968749 0.10087881804220797 0.703097451417958
0 0.17345465429687512 0.6990777695312501 0.10713916145386528 0.6956023202781463 0.1069347109375001 0.6995034667968751 0.17325020378050995 0.702978916049979
0 0.04492926678718587 0.6884301777952826 7.632783294297951e-17 0.6860755351562501 -0.000204450387014235 0.6899766816957027 0.044724816400171556 0.6923313243347352
0 0.3084443378906251 0.6983290566406253 0.28893960351562514 0.6973068574218753 0.2887351794100691 0.7012075039940694 0.30823991378506904 0.7022297032128194
0 0.10169656691597367 0.6874938652610885 0.05878695358778355 0.6852450674570123 0.05848029096868495 0.6910965381334239 0.10138990429687508 0.6933453359375
0 0.17396574059917216 0.6893256523628681 0.1096010703125001 0.685952443359375 0.10939664611957803 0.6898530898246319 0.1737613164062501 0.693226298828125
0 0.04739117585432526 0.6787802988012631 9.020562075079397e-17 0.6762966328125 -0.00020445040330864528 0.6801977793678453 0.04718672545101652 0.6826814453566085
0 0.3087981743756046 0.6885686997653371 0.28945069140625007 0.6875547402343749 0.2892462670035782 0.6914553866886393 0.3085937499729327 0.6924693462196014
0 0.10230989100902474 0.6757909256388884 0.05940027762255365 0.6735421288185026 0.05909361512915398 0.6793935996639893 0.10200322851562507 0.6816423964843751
0 0.26039879211914496 0.682120334042208 0.24089405774949474 0.6810981347213795 0.24068960742187512 0.6849992812500001 0.26019434179152534 0.6860214805708286
0 0.024598595114002482 0.6658512095432597 8.326672684688674e-17 0.6645620527343747 -0.0003066361296273218 0.6704130228786152 0.024291958984375077 0.6717021796875
0 0.3087982003985217 0.674877937446132 0.26871167110094957 0.6727770917563088 0.26850722070242794 0.676678238294552 0.3085937500000001 0.6787790839843751
0 0.2609098789062501 0.6723682167968751 0.2414051445312501 0.6713460175781251 0.24120069422404722 0.6752471641078156 0.2607054285990472 0.6762693633265656
0 0.17724492700664474 0.6640716621735953 0.11092993287136942 0.6605962401965166 0.11072548242187505 0.66449738671875 0.17704047655715036 0.6679728086958286
0 0.10507846420562579 0.6602895781939163 0.06021802734375008 0.657938541015625 0.059911364555089074 0.6637900123558664 0.1047718014169648 0.6661410495341578
0 0.3089003863726321 0.6631487107553877 0.27127529296875014 0.66117686328125 0.2709686565504418 0.6670278350380433 0.30859374995432376 0.668999682512181
0 0.26347350018164806 0.6607679882907698 0.24201844335937506 0.6596435781249999 0.24171180739366985 0.6654945498328673 0.2631668642159428 0.6666189599986372
0 0.10363872851562508 0.6504352226562501 0.06072911442798147 0.6481864257389888 0.06052466406250008 0.6520875722656251 0.1034342781501437 0.6543363691828864
0 0.04707585208904328 0.6474708878421765 7.632783294297951e-17 0.64500374609375 -0.0003066627339431277 0.6508552175438759 0.04676918935510008 0.6533223592923024
0 0.17590790150227817 0.6522670096736041 0.11154323164703406 0.6488938007406424 0.11123656914817881 0.6547452706282406 0.17560123900342292 0.6581184795612023
0 0.104149814885556 0.6406831054914126 0.06124020117187507 0.63843430859375 0.06103577691131916 0.6423349570085874 0.10394539062500008 0.64458375390625
0 0.047586937880181465 0.6377187715042996 8.326672684688674e-17 0.635224845703125 -0.00030666253058738574 0.6410763152161202 0.047280275349593996 0.6435702410172948
0 0.17836931168758974 0.6426171050624702 0.11205431835937509 0.63914168359375 0.11174768199084727 0.6449926541641189 0.17806267531906195 0.648468075632839
0 0.3087981740917561 0.6474969106676243 0.27209304209623053 0.6455732781293703 0.27188861800447456 0.6494739260554961 0.3085937500000001 0.6513975585937501
0 0.26624157421875005 0.6452666152343749 0.22333196077577047 0.643017816397774 0.22302532421027413 0.6488687872711044 0.2659349376532537 0.6511175861077053
0 0.0480980258007604 0.6279666543183692 7.632783294297951e-17 0.6254459433593749 -0.00020442431372302144 0.629346591262171 0.0478936014870373 0.6318673022211653
0 0.17693010156250008 0.6327622773437501 0.1125654316406251 0.6293890664062501 0.11236098112263981 0.6332902129248941 0.1767256510445148 0.636663423862394
0 0.10476313912207859 0.628980166833371 0.06185352539062508 0.6267313691406249 0.06154686283104655 0.6325828390260039 0.10445647656250007 0.63483163671875
0 0.30879820034087047 0.6377175097056975 0.2745544785156251 0.635922873046875 0.2743500281747546 0.6398240195911776 0.30859375000000006 0.6416186562500001
0 0.2667526866882568 0.6355139981066924 0.2238430722656251 0.6332652011718751 0.22363862190549344 0.6371663475964328 0.26654823632812513 0.63941514453125
0 0.04860911132812508 0.618214537109375 6.938893903907228e-17 0.615667041015625 -0.0003066365037672075 0.6215180128720524 0.0483024748243578 0.6240655089658025
0 0.17744118868201786 0.6230101602181969 0.11307651876549257 0.6196369511317433 0.11287206835937508 0.62353809765625 0.17723673827590036 0.6269113067427036
0 0.10722504990178727 0.6193302870806022 0.062364612361093724 0.6169792527008314 0.062160162068681545 0.6208803992139792 0.1070205996093751 0.62323143359375
0 0.30879820031932703 0.6279386073596831 0.27506556555278683 0.6261707558146469 0.2748611152334598 0.6300719023612138 0.30859375 0.63183975390625
0 0.26931680782613776 0.6239138057149655 0.22640669531250007 0.6216649726562501 0.22610003145676466 0.6275164432678518 0.26901014397040235 0.6297652763265672
0 0.049120224609375075 0.6084619218749999 8.326672684688674e-17 0.6058876406249999 -0.00020445037604860383 0.6097887871656051 0.04891577423332639 0.6123630684156052
0 0.1077361367187501 0.609578171875 0.06287569921875008 0.607227134765625 0.06267127479347309 0.6111277831718297 0.10753171229347311 0.6134788202812047
0 0.18000481036789573 0.6114099350557505 0.11368981835937504 0.607934509765625 0.11338318164062507 0.61378548046875 0.17969817364914575 0.6172609057588755
0 0.3089003863964948 0.6162093835812723 0.27567886491602656 0.6144683171004768 0.27537222851562504 0.6203192871093751 0.3085937499960933 0.6220603535901706
0 0.2698278946192018 0.6141616839955909 0.22691778125000012 0.6119128554687499 0.22661114422372947 0.6177638260533993 0.26952125759293116 0.6200126545802404
0 0.05158213476562508 0.59881204296875 6.591949208711867e-17 0.59610873828125 -0.0002044503930079336 0.6000098848200727 0.051377684372617076 0.6027131895075727
0 0.308798200327826 0.6083803046262015 0.2780380889988092 0.6067682362838437 0.27783363867098326 0.6106693828295173 0.30859375000000006 0.6122814511718752
0 0.2703390081482851 0.6044090644707227 0.2274288949303516 0.6021602409969448 0.22712223242187501 0.6080117109375001 0.2700323456398085 0.610260534411278
0 0.18472320703125006 0.59601076953125 0.16326864964258098 0.5948863835833036 0.16296201319526332 0.6007373543006538 0.1844165705839324 0.6018617402486002
0 0.1852343203125001 0.586258154296875 0.12086964973673538 0.5828849433251061 0.12066519921875007 0.58678608984375 0.1850298697945148 0.5901593008155189
0 0.11306785742187506 0.5824760703124999 0.07015824351131432 0.5802272714513941 0.06995379296875007 0.58412841796875 0.1128634068793108 0.5863772168298559
0 0.30879820034569916 0.590778181581205 0.28090887304687506 0.589316564453125 0.2807044227011759 0.59321771099692 0.30859375000000006 0.594679328125
0 0.273107081255611 0.5889076895148343 0.23214729101562506 0.5867610781249999 0.23194284061938913 0.5906622245476656 0.27290263085937505 0.5928088359375
0 0.054656869693267815 0.5774591992477128 0.011746756417367537 0.5752103749268843 0.011440093750000074 0.581061845703125 0.054350207025900356 0.5833106700239535
0 0.1857454074258309 0.5765060371709977 0.12138073632812506 0.573132828125 0.12117628593354425 0.5770339745477524 0.18554095703125006 0.5804071835937501
0 0.11357894450075678 0.5727239531848173 0.07066933007812506 0.57047515625 0.0704648797179934 0.5743763026745577 0.11337449414062509 0.576625099609375
0 0.3087982003192088 0.5809992792346708 0.28141996015623677 0.5795644472246807 0.28121550979699933 0.5834655945350534 0.30859374995997135 0.5849004265450435
0 0.27556849148078444 0.5792577852215717 0.23265837821248345 0.5770089609011413 0.23245392773437507 0.5809101074218751 0.2753640410026761 0.5831589317423055
0 0.05516795730436292 0.5677070820455632 0.012257843750000073 0.565458259765625 0.011951181367512224 0.5713097304544368 0.05486129492187507 0.573558552734375
0 0.170652906682431 0.5659361699445378 0.1277432929687501 0.563687373046875 0.1275388687081942 0.5675880214617123 0.1704484824218751 0.569836818359375
0 0.11419224893001055 0.561021412155658 0.07128263476562507 0.558772615234375 0.07097599325748957 0.564623685500592 0.11388560742187505 0.566872482421875
0 0.05567904882812508 0.557954865234375 0.012768935546875072 0.55570604296875 0.012462294143978935 0.5615571133428411 0.055372407425228934 0.563805935608466
0 0.3089004045931132 0.5692698054629437 0.28398359570312504 0.567963970703125 0.2836769410702954 0.5738152890448935 0.30859374996028355 0.5751211238047123
0 0.27618180309189383 0.5675550943811201 0.23327168919689334 0.5653062714709465 0.23296503454249956 0.5711575931054513 0.27587514843750005 0.5734064160156249
0 0.17126621928457725 0.554233483122169 0.12835660546875005 0.5519846835937501 0.12804995050008305 0.5578360038710429 0.17095956431591025 0.5600848033994619
0 0.11470334375000009 0.551269146484375 0.07179373023072946 0.5490203495969008 0.07158929296875007 0.5529212460937502 0.11449890648802069 0.5551700429812243
0 0.30594974668389757 0.5593361152653034 0.28449469004862227 0.5582117030538497 0.2842902500000001 0.5621126503906251 0.3057453066352754 0.5632370626020787
0 0.2786432211756081 0.5579050410403869 0.23378278515625012 0.555554005859375 0.2335783452306421 0.5594549531002383 0.27843878125000004 0.5618059882812502
0 0.17177731445312505 0.54448121484375 0.1288677005107377 0.5422324159809763 0.12856104296875007 0.548083787109375 0.17147065691113741 0.5503325859721487
0 0.11521443786475695 0.541516878925366 0.07035450000000006 0.53916587109375 0.07015006018211817 0.5430668183402589 0.11500999804687506 0.545417826171875
0 0.3064608397222793 0.5495838985334929 0.28500578308700397 0.5484594863220392 0.28469912566963823 0.5543108566559705 0.30615418230491354 0.5554352688674241
0 0.2791543125000001 0.5481528242187501 0.23429387671934104 0.545801789050248 0.23408943945312502 0.5497026855468751 0.2789498752337841 0.5520537207153772
0 0.35868507421875007 0.9863822578125 0.3316356751578966 0.9854371935644763 0.3315727615776756 0.9872378907565493 0.3586221606385291 0.988182955004573
0 0.38393004676467646 0.8142637668053768 0.35356700177356937 0.8101822225960602 0.3307580990425648 0.9798600955536695 0.3611211440336719 0.9839416397629861
0 0.40543324023437505 0.701337171875 0.36511509351825533 0.6981676963342879 0.35663747656250006 0.8060094511718751 0.3969556232786198 0.8091789267125872