0 0.31245959796741113 0.6411026818817885 0.10308095909489345 0.5560408764593502 0.07916127973736593 0.6149188873512403 0.2885399186098836 0.6999806927736788
0 0.9651354288771964 0.6717738799038157 0.9646809544270831 0.6690572578124999 0.9261068146123868 0.6755104781691009 0.9265612890625 0.6782271002604167
0 0.9106131125934854 0.6808951346574491 0.9097040475523289 0.6754611960122956 0.8327628281880101 0.68833299625068 0.8336718932291666 0.6937669348958334
0 0.8159111054992086 0.6967382087185761 0.8145475662255096 0.6885876491925362 0.7373999235972607 0.7014939828326802 0.7387634628709598 0.70964454235872
0 0.72441331640625 0.7037552174479167 0.6913260377604167 0.7037552174479167 0.6913260377604167 0.7096354166666666 0.72441331640625 0.7096354166666666
0 0.9662349446760459 0.663557045533733 0.9555036894369087 0.5444758241912288 0.914838257781696 0.548140475272079 0.9255695130208332 0.6672216966145831
0 0.9196534434935718 0.6698118148111658 0.9088497643229166 0.5499269101562501 0.8214194766329875 0.5578058735730287 0.8322231558036427 0.6776907782279444
0 0.8267250943687703 0.6849193858747293 0.8157124388020836 0.5627155716145833 0.7282816295895632 0.570594584177354 0.73929428515625 0.6927983984375
0 0.7356209161718216 0.697524819567623 0.7245943255208331 0.5751664296875 0.6351303689844281 0.5832286674115436 0.6461569596354166 0.7055870572916666
0 0.6381908227579253 0.7081725523409127 0.6276659908854166 0.5913819544270833 0.5382019356620532 0.5994441970791285 0.5487267675345618 0.7162347949929577
0 0.6293295084853439 0.588561269894957 0.6179889731796434 0.43661804175597707 0.5150992473072847 0.4442973874111981 0.5264397826129853 0.596240615550178
0 0.7264826702892743 0.5733763954705334 0.712054490515186 0.4132716768684548 0.6225905350696617 0.42133391290833816 0.6370187148437502 0.5814386315104167
0 0.8175868492891823 0.5607709586291039 0.8023591028645831 0.39179364453124993 0.7149282929940943 0.39967265603947016 0.7301560394186936 0.5686499701373241
0 0.9104767628051778 0.5452310367426509 0.8947670919585583 0.3709059927478104 0.8073362822783805 0.3787850054843261 0.823045953125 0.5531100494791666
0 0.9589353268095532 0.5370610535492886 0.9429693984375002 0.35989243359374995 0.9002708222642722 0.3637403069301313 0.9162367506363253 0.5409089268856699
0 0.37388127083333345 0.882369359375 0.27178849226091095 0.8743459624508853 0.26196274624909166 0.9993725218223335 0.3640555248215142 1.0073959187464483
0 0.8010849960937501 0.8322300117187499 0.7184431981530964 0.7190512176828433 0.6771640863429041 0.749192730025741 0.7598058842835577 0.8623715240616477
0 0.554065287210855 0.9453473095896666 0.5252018569149502 0.9057155288070992 0.5038581725686785 0.9212599210403493 0.5327216028645834 0.9608917018229167
0 0.5808861612303661 0.9315026939776901 0.5546035286458334 0.8906860390625 0.5338066421550506 0.9040775560223099 0.5600892747395833 0.9448942109375
0 0.5977076653645833 0.9149523854166669 0.5715311236979168 0.8790454309895837 0.5576576889467003 0.8891593086107691 0.5838342306133668 0.9250662630378522