0 0.28294109849673144 0.401293667498862 0.2540494109805296 0.2993149140727369 -0.028891687516201803 0.37947519774575 0 0.48145395117187506
0 1.0163619542620317 0.3323259390837995 0.99918033418054 0.3238746861240488 0.9381549591541252 0.44794088246534813 0.9553365792356169 0.45639213542509877
0 0.4008285914721604 0.8860173173958434 0.36721756321396604 0.7126383903096246 0.2659439978221655 0.7322711607125652 0.2995550260803598 0.9056500877987839
0 0.305571667610638 0.9011425852106285 0.27397236914062495 0.7381408964843749 0.20424274307393736 0.7516585924266793 0.2358420415439504 0.914660281152933
0 0.14568011126218233 0.8316631418117959 0.13495940820312496 0.7763615390624999 0.08515247192339381 0.786017052602624 0.09587317498245118 0.84131865535192
0 0.4571714191504529 0.8656474073557358 0.422168177734375 0.685086869140625 0.379002136753273 0.6934549841693793 0.41400537816935085 0.8740155223844901
0 0.36494027133292584 0.7008912277603201 0.33774215039062494 0.5605926074218751 0.2862750978076991 0.5705699480209301 0.31347321875 0.7108685683593751
0 0.42167962092393024 0.6825667084374244 0.38894176367187494 0.513691939453125 0.34577572477919466 0.5220600552344505 0.37851358203124996 0.69093482421875
0 0.32031221866575676 0.7194884568225204 0.28515325390625 0.538124642578125 0.1556555613599226 0.5632289051215803 0.19081452611942934 0.7445927193659757
0 0.16384851042745058 0.7565517609544509 0.12940805859375004 0.5788943496093751 0.04639706638605608 0.5949867605994444 0.08083751821975661 0.7726441719445202
0 0.06882755718973599 0.7640088388029589 0.03822530704861343 0.6061503704678022 -0.022551980898546764 0.6179325813828931 0.008050269242575792 0.7757910497180498
0 0.3017231126880501 0.5034751986473996 0.2914339471227814 0.4627477991855394 0.16906073091910637 0.4936635536631397 0.179349896484375 0.534390953125
0 0.11877539928873215 0.5387366561327288 0.11090940575074254 0.5101271192778923 0.06127870958701037 0.5237727346295384 0.06914470312499998 0.5523822714843749
0 0.0691251962901413 0.5564905426962308 0.06021041992187501 0.5240664531250001 -0.002621988863331093 0.5413417839178375 0.006292787504935199 0.5737658734890682
0 0.9430291989936832 0.5189362587259033 0.9375470153886278 0.46318665994846286 0.42601079552858767 0.5134890036317601 0.43149297913364304 0.5692386024092005