0 0.49636855632213833 0.06092886103850773 0.3372403102686732 -0.0605332990697362 -0.0487597090491521 0.1642225919681171 0.11036853700431307 0.285684752076361
0 0.708683939453125 0.38026948828125 0.6564495703125 0.38026948828125 0.6564495703125 0.4088541666666667 0.708683939453125 0.4088541666666667
0 0.8691094092740062 0.289925328008687 0.8239636934217122 0.26545045138618156 0.6754892308554654 0.3871713854548057 0.7206349467077594 0.41164626207731114
0 0.8575819437242336 0.22940615671898748 0.7142291561537819 0.15082152409862418 0.5015448903685898 0.32325491134013196 0.6448976779390415 0.4018395439604952
0 0.9549164372390667 0.19177112143957978 0.8647687118478822 0.039282642831437085 0.7390995363385224 0.07230164838330055 0.8292472617297071 0.22479012699144327
0 0.8531905496394407 0.02788130842021913 0.8464953378549307 0.012655761637577609 0.8095119386061149 0.01988372144652519 0.816207150390625 0.03510926822916671
0 0.7924176109331782 0.046372349208556186 0.7763489297592224 0.009830648396006373 0.7179506862724467 0.02124388295441722 0.7340193674464024 0.05778558376696704
0 0.7577367193222249 0.0055489223054866295 0.7531286695617357 -0.007675559998708725 0.70356606640625 -1.850371707708594e-17 0.7081741161667391 0.013224482304195337
0 0.3396734625205247 0.4101671892781365 0.30265551188784534 0.36620113057208625 0.08712370568128569 0.4468547175206496 0.12414165631396507 0.49082077622669984
0 0.748722204036284 0.9294783774738402 0.648249396085087 0.8683039239531998 0.4957890198763514 0.9795930957301024 0.5962618278275483 1.0407675492507427
0 1.0858013817318628 0.9045922898638431 0.9685512948107153 0.7201775935751646 0.6393668845541678 0.8131971762932317 0.7566169714753153 0.9976118725819102
0 0.9311738488822373 0.7323889903481925 0.8579710611099735 0.6558500387777121 0.6079329801183163 0.7621342492047929 0.6811357678905802 0.8386732007752732