0 0.3113855547207413 0.4499651436612584 0.128438456217387 0.4267889419939404 0.11244815936870299 0.49778959088152785 0.2953952578720573 0.5209657925488459
0 0.11369170504224456 0.427097626973176 0.012195043861371472 0.41428112930458866 -0.012492259542547235 0.5242522306374451 0.08900440163832585 0.5370687283060324
0 0.9266156042498489 0.3596237689369097 0.9103199034844005 0.32205228206484876 0.7458108604324684 0.36218762347950156 0.7621065611979168 0.39975911035156253
0 0.7803218176525752 0.45110352386571334 0.7378898229166668 0.44981900976562517 0.7345625548432175 0.5116441189796233 0.776994549579126 0.5129286330797115
0 0.17478079427083337 1 0.1484362583650695 0.8737959032179294 0.010434639294097789 0.8899999619174463 0.03677917519986166 1.016204058699517
0 0.13317960899052533 0.8789432472764737 0.13286804191733456 0.8380968382786357 0.00020997577808643553 0.8386660238229499 0.0005215428512771991 0.8795124328207878
0 0.1372397614985949 0.7864032420140228 0.00023507901249401886 0.7836274244959739 -0.0009015606100615942 0.8151839962579687 0.1361031218760393 0.8179598137760176
0 0.1124847936350914 0.7789221256748757 0.11232146002796016 0.7575071749772827 0.00837414988281619 0.7579531332829313 0.00853748348994744 0.7793680839805244
0 0.9067059500007396 0.9899763050092052 0.9015735493932208 0.9561027361516707 0.7463340643393543 0.9693334815537333 0.7514664649468732 1.0032070504112678
0 1.0062593425558894 0.9789037369181853 0.9906678274012007 0.8259134598172969 0.7330540092040878 0.8406812723702062 0.7486455243587765 0.9936715494710946
0 0.7443482916880347 0.9981866341407538 0.7223834700074928 0.817823590713795 0.5779299496277325 0.8277189321470498 0.5998947713082744 1.0080819755740087