0 0.31621340202082526 0.385849557209204 0.0032621443911314274 0.3222025887245243 -0.041562142493149656 0.37730268731039235 0.2713891151365442 0.44094965579507206
0 0.7384051409295846 0.4238306664213511 0.73026916796875 0.37497096093749993 0.6824495797735401 0.3769616548677113 0.6905855527343748 0.4258213603515625
0 0.8559076037242925 0.4535109583816627 0.848896435546875 0.32610030566406256 0.7488064543675846 0.32747724643776294 0.7558176225450022 0.4548878991553631
0 0.5097656250000002 0.927429580078125 0.4690783925781252 0.927429580078125 0.4690783925781252 0.9715961679687499 0.5097656250000002 0.9715961679687499
0 0.47360250346486493 0.9224025757250766 0.444736597043534 0.8726566322969184 0.28858568661773987 0.8953089193847396 0.3174515930390708 0.9450548628128977
0 0.29330339619832724 0.9388509824139996 0.2639899453125 0.8590687363281251 0.17898228788951726 0.866877076883321 0.20829573877534452 0.9466593229691955
0 0.20874167908351632 0.9502160508273692 0.17667945703125 0.8717345712890625 0.09478006310398368 0.8800992089382558 0.12684228515625 0.9585806884765624
0 0.12544126948087184 0.9714544849211048 0.09324919335937501 0.8838375166015625 0.012195144938490332 0.8912827014406578 0.04438722105998716 0.9788996697602
0 0.45112959192059915 0.8588877338197345 0.4332602600711642 0.8280926848887848 0.2695877347649761 0.8518361012078275 0.28745706661441106 0.8826311501387771
0 0.23766389444361577 0.8500466018063805 0.23354009365245434 0.84293986506627 0.15255443944321356 0.8546881792755147 0.156678240234375 0.8617949160156251
0 0.15173809491953588 0.8650362826973098 0.14107608499204688 0.8360175578430806 0.09362974007251101 0.8403757214348333 0.10429175000000002 0.8693944462890625
0 0.10586042393290007 0.8704509336885397 0.08524177340650002 0.8349178585064123 -0.0012492677139000485 0.8474648203256853 0.019369382812500002 0.8829978955078126
0 0.013622091637977563 0.8840420295746118 5.551115123125783e-17 0.8469668681640625 -0.003953863122352463 0.8473300485503884 0.009668228515625044 0.8844052099609376
0 1.0336377927949632 0.8069730021230819 0.8066038131927041 0.7566271738835966 0.731249010956669 0.8415800946718313 0.958282990558928 0.8919259229113166