0 0.5907142246373599 0.09440479543336514 0.5848608437499999 0.08487708984375 0.52344349411264 0.1226090639416349 0.529296875 0.13213676953125003
0 0.5983922352410159 0.11046312634397712 0.5925397695312501 0.10093691015624998 0.5234444092902342 0.14338589709352287 0.529296875 0.15291211328125
0 0.6762452467469929 0.23540243870563302 0.67039323828125 0.2258769667968751 0.5663983470030071 0.28976660816936717 0.57225035546875 0.29929208007812513
0 0.6978298894601802 0.2669749502071455 0.6919769667968749 0.2574479902343751 0.5879813312429448 0.32133808885535464 0.59383425390625 0.33086504882812506
0 0.7055079010438678 0.283033280502508 0.699655892578125 0.2735078085937501 0.595661001299882 0.3373974499662422 0.6015130097656248 0.34692292187500007
0 0.6861802000892304 0.25335564977819525 0.680327734375 0.2438294335937501 0.5763343311607696 0.30771816076867997 0.5821867968749999 0.31724437695312513
0 0.6274733238033549 0.1560178655778689 0.6216207929687501 0.14649169726562505 0.5335037367435201 0.2006276070783812 0.539356267578125 0.21015377539062505
0 0.6687480939632482 0.22141857050593244 0.6628954860848035 0.2118924588331011 0.5747788100903052 0.26602916957716877 0.5806314179687498 0.2755552812500001
0 0.6177200798463273 0.14014065159974268 0.6118666317446455 0.1306131725342263 0.5237499561951932 0.18474988421573377 0.529603404296875 0.19427736328125014
0 0.658811652703746 0.20346627352301097 0.6529595019531249 0.19394090624999996 0.564842825811879 0.248077619055114 0.5706949765625 0.257602986328125
0 0.6081467314712752 0.1263385192496787 0.602294580078125 0.11681315039062506 0.5234447236068498 0.1652565549690714 0.529296875 0.17478192382812505
0 0.6313881709535414 0.1995247625482534 0.625433857421875 0.19007521484375006 0.5551673134214586 0.23435130581112168 0.561121626953125 0.24380085351562503
0 0.6214532955383217 0.1815714652640497 0.6154988845293261 0.17212199138130543 0.5452327218035042 0.21639891283600568 0.5511871328125 0.22584838671874993