0 0.4201296594559596 0.22621710458062264 0.4121595833333334 0.11332051692708334 0.34886747520960637 0.11778870263749332 0.35683755133223255 0.23068529029103266
0 0.13358967837439867 0.31279333446589636 0.12198116101776739 0.25671846607504956 0.05709550419107449 0.2701509768429578 0.06870402154770579 0.32622584523380455
0 0.42004164347058087 0.22304059584279692 0.41019205859374996 0.11318280989583335 0.35036901493930156 0.11854640011372937 0.36021859981613247 0.228404186060693
0 0.20625925199127218 0.29655430493268536 0.19700671484375 0.23773226302083328 0.1351945266894751 0.24745514152824913 0.14444706383699726 0.3062771834401012
0 0.27562214513044486 0.2854226688980626 0.26762938932291663 0.22104647916666667 0.20555631335550098 0.22875328723498792 0.2135490691630292 0.29312947696638386
0 1 0.22110697265625015 0.4927226419270833 0.22110697265625012 0.4927226419270833 0.45963541666666674 1 0.4596354166666668
0 0.35400828776041665 0.63999459765625 0.3466784364604026 0.5441498677746145 0.13577142631736375 0.5602792577200834 0.14310127761737781 0.6561239876017189
0 0.32249513151041664 0.7798381015624999 0.3123284415815126 0.664027561107261 0.14612010807291664 0.67861853515625 0.15628679800182074 0.7944290756114888
0 0.35482760651049056 0.9074712788815532 0.3335764953671528 0.6632825892484324 0.3233072846899956 0.6641762921377125 0.34455839583333336 0.9083649817708332
0 0.3057904700520833 0.7968347916666666 0.30480710455520593 0.784517167534967 0.16587819439895593 0.7956084214412171 0.16686155989583332 0.8079260455729167
0 0.3363555467838322 0.9315971609532948 0.32336213378111983 0.7988687705365011 0.157261926343665 0.8151291093253152 0.17025533934637746 0.947857499742109
0 0.4920876544924416 0.7005424947529288 0.478695438463462 0.6672899330755868 0.4435637123564371 0.6814389682705748 0.4569559283854167 0.7146915299479168
0 0.49024457977529856 0.6403819319079392 0.4787622775862517 0.6077214861488899 0.42843875119636987 0.6254135268972005 0.4399210533854167 0.65807397265625
0 0.49680248181932324 0.579162467490108 0.4791666666666667 0.5293937252604168 0.4068595103681767 0.5550161457911421 0.42449532552083324 0.6047848880208333
0 0.631336611194019 0.9998631716584154 0.6136504993489739 0.7374550672066501 0.47965420976252937 0.7464863178587523 0.49734032160757446 1.0088944223105176