0 0.8388936709843767 0.15822681360646787 0.8239861767437049 0.1556857839752516 0.8200828075844686 0.17858573466676625 0.8349903018251404 0.18112676429798252
0 0.8002613828125003 0.14948232910156262 0.7776053221317574 0.14685699607151292 0.7761589541015627 0.1593388417968751 0.7988150147823055 0.16196417482692482
0 0.7155877158203126 0.009287378906250088 0.701826291022496 0.006941699412853608 0.6990984560546875 0.022945120117187565 0.712859880852504 0.025290799610584044
0 0.8181259960937501 0.15544478710937515 0.8043645713050643 0.15309910788030112 0.8003356640625 0.17673554687500012 0.8140970888511858 0.17908122610407415
0 0.5435573457031252 0.9517962412109375 0.4097195029296876 0.9517962412109375 0.4097195029296876 1 0.5435573457031252 1
0 0.40545228880123807 0.9291836461377391 0.2863860034928499 0.8910762058920122 0.2547489749588348 0.9899257597180018 0.37381526026722295 1.0280331999637287
0 0.5937555140190551 0.8431980585589564 0.4732557535312706 0.8046312319650335 0.4300679652914928 0.9395689128296145 0.5505677257792774 0.9781357394235373
0 0.44445617722486364 0.820739185316083 0.32153040886454176 0.7784047344810475 0.287492387292075 0.8772403133708044 0.41041815565239687 0.91957476420584
0 0.9378832565968414 0.4695320101391411 0.8917857179497248 0.4674328438913152 0.8849712434527491 0.6170782099072137 0.9310687820998657 0.6191773761550395
0 0.8253820879246233 0.5556161163561807 0.7719137607421875 0.535026263671875 0.7653431418352792 0.5520890375970847 0.818811469017715 0.5726788902813903
0 0.8271229100434064 0.5838674071508753 0.770748269265547 0.5597675468875186 0.757317783654609 0.5911842768401006 0.8136924244324686 0.6152841371034572