0 0.49551178489583325 0.2080109111111112 0.42691179012624586 0.20542366310022664 0.42592396809443644 0.2882025677637443 0.49452396286402384 0.29078981577462887
0 0.20807105217089086 0.3190673592502544 0.20774636437457472 0.27610840424331534 0.1462623278447421 0.2775770923415258 0.14658701564105822 0.32053604734846486
0 0.4945376561626115 0.28470547621177417 0.49373262343749996 0.2076529574074074 0.4288160190974192 0.20979652625109993 0.4296210518225308 0.28684904505546666
0 0.2784408302083333 0.27188147222222225 0.22018723317306957 0.2715305798666586 0.2201025852794726 0.31594458539369275 0.27835618231473636 0.3162954777492564
0 0.3457940989583333 0.2687548796296297 0.2850817445610698 0.2678608271841356 0.2848558480412704 0.31634260825504457 0.3455682024385338 0.31723666070053863
0 0.85147052458554 0.36573013086018846 0.8178076591624094 0.35677177100801816 0.8142679098264475 0.39881054408615824 0.847930775249578 0.4077689039383285
0 0.8577939135920721 0.32336097443573664 0.780211682525173 0.30376388811634375 0.7767698355456072 0.34682817537022237 0.8543520666125063 0.3664252616896152
0 0.8350858828802501 0.2590286570495469 0.7912092266761838 0.24270054133696936 0.7854351128292283 0.2917391051467002 0.8293117690332946 0.3080672208592778
0 0.7884925328276987 0.23381996879711117 0.6884042571661632 0.17401227055057727 0.6781475412321021 0.22826097772359347 0.7782358168936376 0.2880686759701273
0 0.8842042713379935 0.162089447889405 0.80792127545139 0.13946302031425178 0.7987256075205317 0.23744584998405519 0.8750086034071352 0.26007227755920836
0 0.8031982083333333 0.14695232407407421 0.6910577409021348 0.12311980725224012 0.6861829900915616 0.1956134328291963 0.7983234575227602 0.21944594965103043
0 0.8740921036458335 0.11943731666666685 0.8562976007166042 0.11697777423195502 0.855443876766053 0.13649885924943944 0.8732383796952823 0.1389584016841513
0 0.9074144974791103 0.08935205717581995 0.892331687118777 0.07720263404387445 0.8737160001502846 0.15024261089160135 0.8887988105106179 0.16239203402354688
0 0.8784365727554473 0.0836298731832116 0.8269289645911215 0.07119861588417752 0.8216986760416667 0.13969015462962983 0.8732062842059924 0.15212141192866394
0 0.7400619203125 0.04003125370370387 0.6935840741725138 0.0336071211639196 0.6906814388867485 0.09997820630912004 0.7371592850267346 0.10640233884890431
0 0.9178490791666666 0.039074607407407605 0.8439607966451119 0.023214183079792044 0.8408885938935933 0.06844824517181294 0.9147768764151479 0.08430866949942852
0 0.7057612223866181 0.002071862862079775 0.6398895285138815 -0.01456711290004412 0.6309046518867901 0.09785178070809623 0.6967763457595267 0.11449075647022013
0 0.8873722828124999 0.009331667592592784 0.852980735058217 0.004578094182801114 0.852468507214295 0.016290595287687098 0.8868600549685779 0.021044168697478768
0 0.8445374687499998 0.003411072222222397 0.801353668181493 -0.0025577626163467006 0.8009268125 0.00720263055555574 0.8441106130685068 0.013171465394124837
0 0.7985159203125001 1.6913452338317556e-16 0.755138459375 1.6441256172164236e-16 0.755138459375 0.006794341666666836 0.7985159203125001 0.00679434166666684
0 0.5416579364583335 0.8685255592592593 0.43521451639294473 0.8432397784832693 0.432747376999061 0.8760637469042355 0.5391907970644497 0.9013495276802256
0 0.5882235697916667 0.654614777777778 0.5348827127625927 0.6430111388112006 0.533939515625 0.656714376851852 0.587280372654074 0.6683180158184293
0 0.8085311859375001 1.0000000000000002 0.7852933973958334 0.9374661472222223 0.7751680216507405 0.9493578953890979 0.7984058101924073 1.0118917481668759
0 0.8246797523617253 0.9986291873549611 0.8099552869585553 0.9228803765233591 0.7856353171874999 0.9378214462962963 0.8003597825906699 1.0135702571278982