0 0.709736970703125 0.3583036015625 0.7096741022032192 0.3554955011913813 0.6789476132802714 0.3561834140187947 0.6790104817801772 0.35899151438991345
0 0.7133534482566253 0.34838989604131104 0.7130076915233471 0.33294623804898527 0.6802729814851958 0.33367911146623036 0.680618738218474 0.34912276945855614
0 0.7185879652193313 0.3229889284761157 0.7183679381386786 0.3131611144430948 0.6855882576945255 0.3138949925332401 0.6858082847751782 0.323722806566261
0 0.7239212436856307 0.28956842915082376 0.6914527837487318 0.28884151761254245 0.6911056848131875 0.30434514809487523 0.7235741447500864 0.30507205963315653
0 0.7293079090684746 0.2834179656564864 0.7289621594695899 0.26797466770866885 0.6963179829657626 0.2687055161951943 0.6966637325646474 0.28414881414301185
0 0.7347402430821948 0.26082171745263805 0.7344259246877568 0.2467822913861204 0.699727982921003 0.24755911810928932 0.700042301315441 0.26159854417580697
0 0.7381958062987438 0.2396746593422279 0.7378814807552254 0.2256348757642738 0.7051467688504722 0.22636774718314218 0.7054610943939906 0.24040753076109628
0 1 0.21485484960937512 0.8923037421875 0.21485484960937512 0.8923037421875 0.30748103710937513 1 0.30748103710937513
0 0.8866564733851247 0.3085410799680557 0.8865229823554415 0.2103506249914251 0.7432362554837499 0.21054542491077144 0.7433697465134331 0.30873587988740203
0 0.7455328486857107 0.21844034292814588 0.7451870925178758 0.20299668590872325 0.7105341329917827 0.20377250438713196 0.7108798891596175 0.2192161614065546
0 0.999169447265625 0.20152455468750002 0.9932281401782512 0.0924473093646419 0.9560919501226073 0.09447007321903324 0.962033257209981 0.20354731854189134
0 0.9527808348333773 0.0934361500634365 0.7793645863783857 0.09325961396969511 0.77926054281436 0.19546446152718644 0.9526767912693516 0.19564099762092785
0 0.7757845660070557 0.07875461728717252 0.7586566805418422 0.07480579052451498 0.7330636942607869 0.1858143923401302 0.7501915797260004 0.18976321910278773
0 0.4984025479858072 0.07579232542375318 0.43946478806936623 0.074472811897007 0.4388442527338038 0.10218981660042335 0.49778201265024474 0.10350933012716954
0 0.9929032265624999 0.08648219335937501 0.9907445011921173 0.04684987055434963 0.9776372818906588 0.047563805162230806 0.9797960072610413 0.0871961279672562
0 0.6103362494628719 0.10214383520180233 0.606523010918271 0.0321361599826281 0.5562796033329368 0.034872861320255355 0.5600928418775377 0.10488053653942958
0 0.5429100727180846 0.07099266445079636 0.5404915761283021 0.026591150969982845 0.5033553866266692 0.02861391417389988 0.5057738832164517 0.0730154276547134
0 0.48783593359375 0.06548274609375 0.48689296464836934 0.023363821573191845 0.43863588493519556 0.024444213061869877 0.4395788538805762 0.06656313758242803
0 0.97320864453125 1.1044179475654569e-16 0.797762375 9.969880913635624e-17 0.797762375 0.08811685351562511 0.97320864453125 0.08811685351562511
0 0.5922076452804494 0.0027646982824941126 0.5786601748668179 0.00246139413431048 0.5785347522426184 0.00806355717994144 0.59208222265625 0.008366861328125072
0 0.190315453125 0.63914383984375 0.187968375 0.581043740234375 0.037513493748310464 0.5871216878275721 0.039860571873310484 0.6452217874369471
0 0.19352401757812498 0.7114784882812499 0.19161491685944168 0.6522445753786644 0.039971645375066686 0.6571320167849145 0.04188074609374999 0.7163659296875
0 0.07200696875 0.908581056640625 0.06667812207480715 0.8190906549281343 0.0474861885800069 0.8202334687834443 0.052815035255199747 0.9097238704959351
0 0.08437698437500002 0.908112337890625 0.07813685176895735 0.8182221280439888 0.07110998988166504 0.8187099292189539 0.07735012248770771 0.9086001390655901
0 0.0939154102482205 0.9077927576034309 0.09026930931312448 0.8186938056466547 0.084273779296875 0.818939154296875 0.08791988023197103 0.9080381062536512
0 0.113917029296875 0.9164274140625 0.10828747732295937 0.8171615188409731 0.09669659898527817 0.8178188589262027 0.10232615095919381 0.9170847541477295
0 0.12683299208593668 0.9148212296829334 0.12147863016115934 0.8168978393759078 0.11153194921875001 0.8174417148437501 0.11688631114352735 0.9153651051507757
0 0.1414645546875 0.91386408203125 0.13684660277634775 0.8158801681123868 0.125573607421875 0.8164114609374999 0.13019155933302723 0.9143953748563631
0 0.15579695636650398 0.9123287173342649 0.15108568225404134 0.8157376407765016 0.140638537109375 0.816247205078125 0.14534981122183763 0.9128382816358883
0 0.1701571228588996 0.9141729969708848 0.1643990472583986 0.8150763037145791 0.154918617758874 0.8156271700249441 0.160676693359375 0.9147238632812499
0 0.18484176953125003 0.9119606367187502 0.17992211952391973 0.8139869344291941 0.1691452890625 0.8145280820312499 0.1740649390698303 0.912501784320806
0 0.19954435156249997 0.911407638671875 0.19432306189732007 0.812746531395036 0.18409513755653398 0.8132878080655578 0.18931642722171388 0.9119489153423967
0 0.213558138671875 0.9110256835937501 0.20909714466078205 0.8122036095243361 0.19817285755140704 0.8126967501493361 0.20263385156249997 0.9115188242187501
0 0.07483124804687502 0.9999999999999999 0.073134880859375 0.9341095917968749 0.05412337867322592 0.9345990482955241 0.055819745860725925 1.000489456498649
0 0.086816779296875 0.9999999999999999 0.08536573046875 0.932975794921875 0.07814413541149647 0.9331321397383903 0.07959518423962145 1.0001563448165152
0 0.09755510351562502 1 0.09562096679687501 0.932665728515625 0.0889282951666571 0.9328579715095889 0.0908624318854071 1.000192242993964
0 0.115436185546875 1 0.11275173678319445 0.9225143937056722 0.102973201171875 0.9228531660156248 0.10565764993555554 1.0003387723099528
0 0.12963262109375 1 0.12790555230678893 0.922073628749165 0.11713616244621976 0.9223123088876631 0.11886323123318085 1.0002386801384981
0 0.14431782421875 0.9999999999999999 0.1421331102242524 0.9226388865236226 0.13127205928233895 0.9229456076774616 0.13345677327683655 1.000306721153839
0 0.15839586718749998 0.9999999999999998 0.155837908203125 0.9209067402343749 0.14595997628939622 0.9212262029137567 0.14851793527377122 1.0003194626793817
0 0.17214040234375 1.0000000000000002 0.16960109243522856 0.9216364770698614 0.15983256261780834 0.9219530187927134 0.16237187252632979 1.0003165417228523
0 0.18746613281249996 1 0.18605403059047318 0.9205093468526098 0.17465279101562498 0.9207118828124998 0.17606489323765176 1.00020253595989
0 0.20075943945312497 1 0.1988798828125 0.9205122207031249 0.18975384302286402 0.9207280137324553 0.19163339966348902 1.0002157930293305
0 0.21565441015625 0.9999999999999999 0.21385606819663489 0.9194764983285755 0.202870265625 0.919721845703125 0.2046686075846151 1.0002453473745494
0 0.6014263044346461 0.7728838244312297 0.5849755151210592 0.7389331928392818 0.507616509765625 0.7764175234374999 0.5240672990792119 0.8103681550294478
0 0.514458345703125 0.488583931640625 0.4394531250000001 0.48858393164062497 0.4394531250000001 0.7127414082031249 0.514458345703125 0.7127414082031249
0 0.6945874339726139 0.7312205798295282 0.683165380859375 0.6986744042968749 0.6023027645158755 0.727053071947833 0.6137248176291143 0.7595992474804862