0 0.15582020800781246 0.42061919401041664 0.15494209264447667 0.3870912906231468 0.09947886328124997 0.3896737161458333 0.10035697864458579 0.42320161953310315
0 0.8389713129420457 0.211655365633014 0.739593251953125 0.1347428645833334 0.7307433257298294 0.1550716161378196 0.8301213867187501 0.2319841171875002
0 0.8209208592428558 0.24883073753647642 0.7203689580294832 0.16935065715713418 0.7115092833569399 0.18927698342274124 0.8120611845703126 0.2687570638020835
0 0.8076854060761179 0.29167501149513025 0.7107856641300413 0.21155175032524565 0.7009426669921874 0.23271434114583345 0.7978424089382641 0.31283760231571806
0 0.7895097374996848 0.32576246032925094 0.693495483800541 0.25102766669185905 0.6840232843867937 0.2726618834459416 0.7800375380859375 0.3473966770833335
0 0.7745347090672677 0.3686826342682676 0.6746162499999999 0.28678221223958344 0.6661003563624196 0.3052522290129826 0.7660188154296874 0.38715265104166674
0 0.7586485202329908 0.404488509123102 0.6582506035156251 0.32770279166666677 0.6499362004701345 0.34702927342898165 0.7503341171875001 0.4238149908854169
0 0.7207934418878489 0.5388379937213539 0.4296875000000001 0.30237796354166663 0.387775210421041 0.3941081314993462 0.6788811523088898 0.6305681616790335
0 0.6695960624724414 0.6389614555027882 0.4296875 0.44856638151041683 0.39014901474073493 0.5371365643131566 0.6300575772131763 0.727531638305528
0 0.711616900390625 0.7216451497395834 0.7084783171630047 0.6896634093406089 0.6499412232876421 0.6998761002206138 0.6530798065152624 0.7318578406195883
0 0.7129510263671874 0.7758692864583333 0.7079714278242439 0.7334196113350625 0.656305679826068 0.744194186492522 0.6612852783690115 0.786643861615793
0 0.8535534423828125 0.92673218359375 0.8514294653108259 0.9082987222139032 0.8236837924592635 0.9139822196097365 0.8258077695312501 0.9324156809895832
0 0.8372068334669425 0.9484182223950787 0.8370052666727865 0.9333691468681793 0.817438155862094 0.9338350690043505 0.81763972265625 0.94888414453125
0 0.8029130731007303 0.9497000401515377 0.8027062158203124 0.9350274322916664 0.7100926094527175 0.9373486494332628 0.7102994667331354 0.9520212572931341
0 0.7173520882499592 0.9179695970298175 0.6956400214843751 0.9176513932291668 0.695475433234416 0.9376165214597663 0.7171875000000001 0.937934725260417
0 0.5818499816343226 0.9395518993176867 0.5816781025390624 0.9253971289062498 0.5179639529359898 0.9267725433906463 0.51813583203125 0.9409273138020832
0 0.5884582586674709 0.8903110792374945 0.5882549926407475 0.8608225305444144 0.4933194185435892 0.8619859005256698 0.4935226845703125 0.89147444921875
0 0.6014879990234374 0.8766996575520832 0.588750840908429 0.7753782438626934 0.5569053517164284 0.7824952394612615 0.5696425098314368 0.8838166531506514
0 0.5170703169607165 0.8775327389407703 0.5139463178219643 0.7798616516373057 0.474699923828125 0.7820932812499999 0.47782392296687715 0.8797643685534645
0 0.562431175132547 0.7474636335810816 0.561972960751633 0.7219273260255794 0.48924805319721104 0.7242472367153313 0.48970626757812497 0.7497835442708335