0 0.58984375 6.714056532173634e-17 0.483196953125 6.061033240012201e-17 0.483196953125 0.12597663867187506 0.58984375 0.12597663867187506
0 0.9468486101780572 0.2736777666240311 0.9207390923245665 0.19184637117168762 0.8260499011292174 0.22205835905703858 0.8521594189827081 0.30388975450938205
0 1.011915799540306 0.24917000476562168 1 0.16003202539062505 0.9390586132951297 0.1681785567880733 0.9509744128354357 0.25731653616306993
0 0.4082036618652721 0.787732718143701 0.40514731102981355 0.7383444454963605 0.3444091784614164 0.7421031726651596 0.347465529296875 0.7914914453125002
0 0.2521355688438957 0.8063015353910291 0.2455496659654866 0.7584649793285112 0.18521058984374997 0.7667721679687499 0.19179649272215904 0.8146087240312678
0 0.17428770312499997 0.8115706640625001 0.1629777146643106 0.7642196032884526 0.10962778515625 0.7769624453125001 0.1209377736169394 0.8243135060865476
0 0.209174974609375 0.8848900625000001 0.20438186142439715 0.8386216531903206 0.14687475204939715 0.8445790242840705 0.151667865234375 0.8908474335937501
0 0.278851763671875 0.8767868457031249 0.2755081128252653 0.8300702875099533 0.21561508157526532 0.8343570199318283 0.21895873242187497 0.881073578125
0 0.387901177734375 0.8606955039062502 0.386883017611966 0.8195169962064346 0.3309540003642686 0.8208998703859033 0.3319721604866776 0.8620783780857189
0 0.44551842578125 0.9205959609375001 0.43745526446759064 0.8688352607737054 0.37836994053180617 0.8780394349184997 0.38643310184546553 0.9298001350822943
0 0.35558950222873764 0.9324746642284404 0.34806110457009043 0.8835881991191875 0.29207393827885286 0.8922100876251222 0.2996023359375001 0.9410965527343751
0 0.255636681640625 0.9467575410156251 0.2521419061890785 0.9001632897598462 0.20054081634532853 0.9040336003067211 0.20403559179687497 0.9506278515625001
0 0.189181134765625 0.955338435546875 0.18117596172019818 0.9044456405535539 0.12623359062644818 0.9130877909441789 0.13423876367187498 0.9639805859375
0 0.32607344140625 0.9999999999999999 0.32262621484375 0.958995904296875 0.2140987609592777 0.9681198397324889 0.21754598752177773 1.0091239354356139
0 1.0013566265708542 0.9821364424768798 0.999321643440966 0.9705954796338029 0.8682432069844433 0.9937081445395032 0.8702781901143317 1.00524910738258
0 1.006443995591575 0.8305120156990593 1 0.7939662890625 0.9707763998188428 0.7991191966133637 0.9772203954104177 0.8356649232499229
0 1.005426504508902 0.8743227840999177 1 0.8435475410156249 0.9773319642410981 0.8475445264469573 0.9827584687500001 0.8783197695312501
0 0.9916349700353219 0.9675476436498761 0.9650190360817968 0.7975500805609819 0.8497827500831692 0.815592229645114 0.8763986840366942 0.9855897927340083