0 0.3532599724295036 0.25661162809101695 0.2780663758868875 0.17630851692951952 0.189042969069619 0.21335697848555002 0.2642365656122351 0.2936600896470475
0 0.5834005657498116 0.4756037877167218 0.5065106731916081 0.4018800547319304 0.4178490373784658 0.4429775314614896 0.49473892993666924 0.516701264446281
0 0.4490289704669301 0.387228277834844 0.3574806458918902 0.2894591136605877 0.25287527886074956 0.3329922490782569 0.3444236034357894 0.43076141325251327
0 1 0.45714305078125017 0.989743962890625 0.45714305078125017 0.989743962890625 0.4649507734375002 1 0.4649507734375002
0 1 0.3479020794270835 0.984157640625 0.3479020794270835 0.984157640625 0.45353877994791686 1 0.45353877994791686
0 0.3812504337766999 0.6876122327986521 0.37536449609374994 0.6795169505208333 0.30591282208267506 0.7019601031388479 0.31179875976562504 0.7100553854166668
0 0.3655190234292282 0.6597353371765068 0.3596338234521218 0.6516414755081632 0.2901807140853936 0.6740862177587398 0.29606591406250005 0.6821800794270834
0 0.37210390375183905 0.672917145162264 0.366217966796875 0.6648218645833334 0.29676629351378603 0.6872650189002361 0.30265223046875 0.6953602994791667
0 0.13222227734375008 0.6998831223958334 0.1276075268190206 0.6931661220047571 0.03781188619402065 0.7205847417964238 0.04242663671875013 0.7273017421875001
0 0.13880641992187503 0.7130635091145834 0.1333242747287578 0.7048492464922836 0.03107330647961626 0.7351788589320382 0.0365554516727335 0.7433931215543379
0 0.79950819921875 0.4999430533854166 0.69921875 0.4999430533854166 0.6992187500000001 0.62641311328125 0.7995081992187502 0.62641311328125