0 0.19006619921875004 0.14265277083333336 0.1897997869493056 0.10336960809933295 0.009447208423291713 0.10391321832033971 0.009713620692736128 0.1431963810543401
0 0.2745277890625 0.83666041015625 0.27200537129010033 0.7403209191747981 0.025949101557592242 0.7431842042396397 0.028471519329991923 0.8395236952210916
0 0.7802626356227494 0.9966735657375544 0.778688575777932 0.9565945492265775 0.5956979186708077 0.9597886644786064 0.5972719785156251 0.9998676809895833
0 0.5923896914062502 0.94347018359375 0.46077596093750023 0.94347018359375 0.46077596093750023 1 0.5923896914062502 1
0 0.8561315916705117 0.7569450429937808 0.6656001617313473 0.7549795311545271 0.6608987826278981 0.9575302166246941 0.8514302125670625 0.9594957284639478
0 0.6618965352373607 0.7534213890093828 0.5382877029097457 0.7524863809644288 0.5350557804678101 0.9423809606014979 0.6586646127954251 0.943315968646452
0 0.9975741250239839 0.7010177857746771 0.9967572656250001 0.6542200104166668 0.972251091689811 0.6544101248527479 0.9730679510887948 0.7012079002107582
0 0.6619788582954872 0.7497933967895442 0.6601933783015348 0.6475034685090525 0.5443466900729785 0.6484021860516505 0.5461321700669309 0.750692114332142
0 0.9990270144278754 0.7842537611986825 0.9959796632104851 0.6096711315018744 0.8645380860748255 0.6106908298680627 0.8675854372922158 0.7852734595648708
0 0.8961258111689303 0.6081399810216407 0.6708020895923602 0.6042069484781445 0.6650776651348315 0.7499637018670788 0.8904013867114016 0.753896734410575
0 0.7631245317642428 0.6725522928358999 0.7613239841114058 0.5693990498261606 0.669982899612788 0.5701076567298441 0.671783447265625 0.6732608997395833