0 0.3236006953947093 0.4314422865353801 0.2957908027902431 0.1281904659214678 0.21228631099540907 0.14542058386184212 0.24009620359987527 0.4486724044757544
0 0.5455664947916667 0.0403627070312501 0.5299479166666666 0.03813826171875008 0.5265575070002091 0.09169997456282653 0.5421760851252092 0.09392441987532654
0 0.6275496536458333 0.07223782617187513 0.5698444244791666 0.05132299414062516 0.56164282186166 0.1022375582742271 0.6193480510283266 0.12315239030547707
0 0.6196515978129383 0.13356850607182927 0.5585518802083332 0.10969971289062508 0.5496490818194301 0.1609761449446932 0.6107487994240351 0.1848449381258974
0 0.633627453125 1.1102230246251565e-16 0.6037419878326294 -0.009842870763065253 0.5972322365305461 0.03462897494005973 0.6271177018229167 0.044471845703125096
0 0.6882034537752904 0.014580662743293393 0.649865843792167 -0.0006562457332380811 0.6407519110697529 0.05093981110405521 0.6790895210528763 0.06617671958058668
0 0.6792399088541666 0.08618427343750014 0.6375587981770833 0.07438799414062512 0.6310383831281229 0.12622644273716943 0.6727194938052062 0.13802272203404448
0 0.6669606588541668 0.14703914062500018 0.6285594363612621 0.136234675337697 0.6221568411458334 0.1874358984375001 0.660558063638738 0.1982403637248033
0 0.7413985028966824 0.028831232323819955 0.70958134765625 0.018772281250000133 0.7021510752283175 0.07165282431680534 0.7339682304687499 0.08171177539062516
0 0.7317523562088163 0.10221953218539336 0.6964815182291666 0.09242495312500011 0.6895552635828505 0.14854408890835694 0.7248261015625 0.15833866796875018
0 0.722102015625 0.16482594921875007 0.6858501785764961 0.15538447270442904 0.6798148919270833 0.2075244121093751 0.7160667289755872 0.21696588862369615
0 0.9051409856770833 1.6653345369377348e-16 0.8628407966045314 -0.015519885943706957 0.8419759176982814 0.11243361405629307 0.8842761067708333 0.1279535000000002
0 0.8384441809895834 1.6653345369377348e-16 0.7749400470963678 -0.0217168300355306 0.7578781549479167 0.09054064648437521 0.8213822888411323 0.11225747651990597
0 0.8200359960937501 0.12347298242187515 0.7369178691674888 0.09445037933734676 0.6804197395689017 0.45851290192147737 0.763537866495163 0.48753550500600573
0 0.883859434983552 0.1512064705721693 0.8393568950343654 0.1365961438769126 0.79231641015625 0.45898437500000017 0.8368189501054366 0.47359470169525686
0 0.9293624135839117 0.9053513904548796 0.8355036448512444 0.34402764838462335 0.5156628776207056 0.4643587181290037 0.6095216463533729 1.02568246019926
0 0.5772917018229168 0.886266953125 0.5299479166666666 0.886266953125 0.5299479166666667 1 0.5772917018229168 1