0 0.8139241400956111 0.4244809040943908 0.813365890625 0.422886453125 0.7889913604308307 0.42881285246877177 0.7895496099014419 0.4304073034381625
0 1.0022325685841622 0.3804255179212334 0.9999999999999998 0.37404894010416684 0.9823129720408377 0.37834934666210013 0.984545540625 0.3847259244791668
0 0.9713189690034791 0.3884982738796583 0.96801461051416 0.37557419861292063 0.9493491088829339 0.37888829284637815 0.952653467372253 0.3918123681131158
0 0.8953498847138525 0.38911414009635203 0.8947917780024224 0.3875200973061486 0.88796977922607 0.38917879184521326 0.8885278859375001 0.3907728346354167
0 0.7433738925612153 0.4260654321404542 0.742815785747857 0.4244713887812655 0.7213625828125 0.4296875 0.7219206896258583 0.4312815433591887
0 0.8254908971236354 0.40609958571457155 0.8238164343750001 0.40131704817708336 0.7833096278763645 0.41116583225417846 0.7849840906249999 0.41594836979166666
0 0.8941006769180747 0.38422820913033046 0.8935425703124998 0.38263416536458356 0.8867205715194251 0.3842928585780032 0.8872786781249999 0.3858869023437501
0 0.7421246846065227 0.4211795011951816 0.741566578125 0.4195854583333333 0.7031554106681953 0.4289247101683218 0.703713517149718 0.4305187530301701
0 0.9456067407683898 0.38035466158363845 0.9411416029789391 0.367601503489077 0.9216367981480491 0.37234388227002196 0.9261019359374998 0.3850970403645834
0 0.8264653546636984 0.39721351296472474 0.8259072474746791 0.3956194686041947 0.7823440412484807 0.40621138532697 0.7829021484374998 0.4078054296875
0 0.825216147024619 0.39232758156157194 0.824658040625 0.39073353906249997 0.7810948326628809 0.401325453594678 0.7816529390625 0.40291949609375005
0 0.8989554004920801 0.39147006188959027 0.8709682213917016 0.3725379493805903 0.8385855690949597 0.405781696873675 0.8665727481953382 0.42471380938267494
0 0.7411590981950237 0.41622505195590276 0.7394846352436584 0.4114425149453596 0.7023181714236347 0.4204791335623736 0.703992634375 0.42526167057291664
0 0.8239669396322409 0.3874416504698408 0.8234088328125001 0.38584760677083335 0.7798456244302593 0.39643952140515926 0.78040373125 0.3980335651041667
0 0.738793533129322 0.40815062747068365 0.7382354265625001 0.4065565846354167 0.7130430371831782 0.4126818373730665 0.7136011437500003 0.41427588020833345
0 0.8786625974541284 0.37241326150352555 0.8781044905024222 0.37081921839989845 0.8712824946107937 0.37247791262553953 0.8718406015624998 0.37407195572916657
0 0.7763723930167907 0.3955542618426409 0.7758142859375001 0.3939602174479167 0.7422712522957096 0.40211583711569254 0.7428293593750002 0.40370988151041676
0 0.7375444318793689 0.403265113079142 0.7369863249999998 0.40167106901041666 0.711793935308131 0.4077963205146082 0.7123520421875 0.40939036458333344
0 0.7751231842650095 0.3906683280957499 0.774565078125 0.38907428645833325 0.7410220454224905 0.39722990627925 0.7415801515625 0.39882394791666664
0 0.7358788931605031 0.3967506667456557 0.73532064375 0.3951562161458333 0.7184784349644968 0.39925121476476094 0.719036684375 0.4008456653645833
0 0.8289860034340328 0.3723825128897775 0.8284278968749998 0.3707884700520834 0.776514473128467 0.38341064856855595 0.7770725796875 0.38500469140625
0 0.7738739767735933 0.3857823966465817 0.7733158701899223 0.38418835381656535 0.7397728371663292 0.39234397409706695 0.7403309437500001 0.39393801692708336
0 0.6114613580379303 0.4235414998662245 0.6109032507222563 0.42194745593346283 0.605751295809326 0.4232000979943218 0.606309403125 0.4247941419270835
0 0.8294072876987932 0.36709086279624814 0.8288491810048451 0.36549681961229735 0.7936357636185518 0.3740585753056325 0.7941938703125 0.37565261848958337
0 0.7876553485483664 0.3772423883398304 0.7870972421874999 0.3756483450520834 0.7752653717641336 0.37852513249350306 0.775823478125 0.3801191757812501
0 0.7726248747909717 0.380896882425813 0.7720667677871792 0.3793028383958612 0.7385237351837075 0.38745845857421485 0.7390818421875001 0.3890525026041667
0 0.7163762138043412 0.41125457907383406 0.711944440625 0.39392092317708344 0.6949761181686356 0.39693367786306605 0.6994078913479769 0.41426733375981667
0 0.8280163390624999 0.36223939322916676 0.8274582321615851 0.3606453495554554 0.7923865524740852 0.3691726438262887 0.7929446593749999 0.3707666875
0 0.7864061404909457 0.3723564557074155 0.7858480341557963 0.3707624134364189 0.7740161639773506 0.3736392025206701 0.7745742703124999 0.3752332447916667
0 0.7713756673985932 0.3760109500319984 0.7708175606923449 0.3744169068518807 0.7372745276687515 0.3825725271323823 0.7378326343749999 0.38416657031250007
0 0.6100705171874999 0.41869044791666665 0.6083960555149334 0.41390791192789633 0.6033858398899336 0.415126090313313 0.6050603015625 0.4199086263020833
0 0.8784060853910501 0.3551773436066011 0.8756152671875 0.34720631380208333 0.8582056380464499 0.3514392735808989 0.86099645625 0.35941030338541663
0 0.8267671312499999 0.35735346093750003 0.8262090249686359 0.35575941878992284 0.7911373452811361 0.36428671175867283 0.7916954515624999 0.3658807539062501
0 0.7701264567076355 0.3711250197421854 0.7695683499999999 0.36953097656250006 0.7393652354798642 0.3768745323411479 0.7399233421874999 0.3784685755208333
0 0.6983180759831089 0.39377409971630967 0.6960855057073005 0.38739752058537985 0.6871682953491917 0.3895656435253203 0.6894008656249999 0.39594222265624995
0 0.7843241990094068 0.3642135144982424 0.7837660921874999 0.36261947135416667 0.7719342213030931 0.36549626154342435 0.7724923281249999 0.3670903046875001
0 0.6099419885993496 0.41007211095963675 0.608267667912693 0.40528998276115774 0.6013039308758434 0.40698314003068775 0.6029782515625 0.41176526822916676
0 0.7688773915534948 0.36623949657490834 0.7683191421874999 0.36464504557291666 0.738115989696505 0.37198860889384155 0.7386742390625 0.37358305989583335
0 0.814806326794143 0.35161245653601125 0.8142482201899226 0.35001841371239867 0.7890554027707795 0.3561437709784707 0.7896135093750001 0.3577378138020833
0 0.7846036359374999 0.3589559088541668 0.7840455297253135 0.3573618668509428 0.7706850141003134 0.3606103290905261 0.7712431203125 0.36220437109375014
0 0.6077183081513525 0.40196363228385196 0.6071602014399224 0.4003695894936485 0.60033820266357 0.4020282840327132 0.600896309375 0.40362232682291665
0 0.7676281837534129 0.36135356258898915 0.767069934375 0.3597591119791667 0.7418770818715872 0.36588447777559424 0.74243533125 0.3674789283854167
0 0.8135571175417207 0.34672652589652914 0.8129990105173786 0.34513248187298123 0.7878061945381579 0.35125783878895206 0.7883643015625 0.3528518828125
0 0.7834961673295322 0.35403551554598583 0.7829380609375001 0.3524414726562501 0.769435802982968 0.3557243972144309 0.7699939093750001 0.3573184401041667
0 0.7665206786712427 0.3564331781169144 0.7654044656249999 0.35324509375 0.7485618662108271 0.35734018813442175 0.7496780792570699 0.3605282725013362
0 0.6022962349925881 0.3946328061219016 0.6017381275299116 0.3930387626232498 0.5982562581623235 0.3938853419180149 0.598814365625 0.3954793854166667
0 0.8138362328125 0.34146944010416674 0.8132779832337047 0.33987498916848885 0.7865569504212047 0.3463719162518221 0.7871152 0.3479663671875001
0 0.7805767167283212 0.349556126340462 0.7800184671874999 0.34796167578125003 0.7681865598341787 0.35083847522203815 0.768744809375 0.3524329257812502
0 0.8027086270100927 0.33898533354728083 0.802150377582301 0.33739088256454663 0.7853077427597083 0.3414859839130991 0.7858659921875001 0.34308043489583334
0 0.7649968797933606 0.3498842692952689 0.7633224171175572 0.345101734175232 0.7545469451366964 0.3472353945674631 0.7562214078125 0.35201792968750006
0 0.8542145493189498 0.33511137867176316 0.8497494123774224 0.3223582210040654 0.8302446083709729 0.3271005988427189 0.8347097453125001 0.33985375651041666
0 0.7801650172658038 0.34100664147962895 0.7796069109375 0.3394125989583334 0.7661046530466962 0.34269552388495433 0.766662759375 0.34428956640624997
0 0.6200305933244908 0.3901609392791638 0.6129481145672617 0.3771910815181316 0.6031527616625189 0.3809056439538465 0.6102352404197479 0.3938755017148788
0 0.7789159495493632 0.33612111761151636 0.7783577 0.33452666666666664 0.7648554082631367 0.33780960113848363 0.7654136578124999 0.3394040520833333
0 0.6519782880012157 0.3744600291470526 0.6493460343749999 0.3641646966145835 0.6408618730041344 0.36567107398290855 0.6434941266303502 0.37596640651537766
0 0.8486419426705311 0.3174378283567936 0.8480838359374998 0.3158437838541668 0.839733619460587 0.31787404574387973 0.8402917261936181 0.31946809024650663
0 0.8397336203125001 0.31787404817708337 0.8391755137353831 0.316280004872213 0.8308252965478831 0.3183102678930463 0.831383403125 0.3199043111979167
0 0.7726564414836922 0.33245338553127785 0.7720981921875 0.3308589348958333 0.7636062007038078 0.3329236691562221 0.7641644500000001 0.3345181197916667
0 0.6422647461625031 0.4070426655034669 0.6368971205387822 0.3604201580589201 0.6261230240535248 0.3612815582402282 0.6314906496772457 0.407904065684775
0 0.8094019975018167 0.31659970592185016 0.808843890625 0.31500566145833336 0.8003519337481831 0.3170703865260665 0.8009100406249999 0.31866443098958336
0 0.6236561312847717 0.3715226582468228 0.6120855872452171 0.3558788920952944 0.6023755569179594 0.36086625026682045 0.6139461009575138 0.37651001641834886
0 0.6602984647975327 0.34711679015147845 0.6514054817700552 0.3397189607005579 0.633401534826832 0.3547485938720077 0.6422945178543096 0.3621464233229282
0 0.7218985536452165 0.3344152823553866 0.7135265284894327 0.31050341996323033 0.6656307312042583 0.32214875631552853 0.6740027563600421 0.34606061870768484
0 0.29641304062499996 0.6166777578125001 0.24689947587990463 0.5776550849029718 0.09284233750000018 0.7134009205729166 0.14235590224509553 0.7524235934824449
0 0.365841146875 0.6740961484375 0.3217294969379523 0.63851660949283 0.1665737203125001 0.7721018398437499 0.21068537024954784 0.8076813787884202
0 0.43642002412121705 0.734902526022933 0.39625135624999996 0.7015209205729166 0.23923412403230132 0.8327303464341829 0.27940279190351835 0.8661119518841992
0 0.9130701346657629 0.6975857808279952 0.8892148843750001 0.57501501953125 0.8636417284028658 0.5784713792041005 0.8874969786936286 0.7010421405008457
0 0.8500860650980151 0.5463412802926255 0.8455406921874999 0.5370595390625 0.809241567714485 0.5494040452282078 0.8137869406250001 0.5586857864583333
0 0.8444835909028738 0.5229309490697734 0.840858440625 0.5132130768229168 0.8048862481596262 0.52253186082606 0.8085113984374999 0.5322497330729167