0 0.44113217091017504 0.16775021398549858 2.7755575615628914e-17 0.10836517317708333 -0.02696373040893521 0.19738548887506016 0.4141684405012398 0.2567705296834754
0 1 0.1652485872395834 0.976510853515625 0.1652485872395834 0.976510853515625 0.22574024609375007 1 0.22574024609375007
0 1 0.1113773489583334 0.98121842578125 0.1113773489583334 0.98121842578125 0.16426890625000007 1 0.16426890625000007
0 0.607504871083032 0.9339776026767361 0.5973346914062502 0.9326588255208333 0.5850395488388436 0.9748001577399306 0.5952097285156253 0.9761189348958333
0 0.5939499534061126 0.931811864157832 0.5587905431210862 0.9256238461063098 0.5425136990899742 0.9667272410630612 0.5776731093750003 0.9729152591145834
0 0.5299877199954288 0.9102511572273161 0.4969341445312501 0.9059650677083333 0.48430281906707134 0.949258659178934 0.51735639453125 0.9535447486979168
0 0.49271914361014096 0.9046032804029713 0.4578731510673532 0.8988555182116899 0.44242706409783744 0.9404743615066353 0.4772730566406252 0.9462221236979168
0 0.4553057185480026 0.8955114813428074 0.41995807599390234 0.8898701862199686 0.4049256074458998 0.9317330968042445 0.44027325000000006 0.9373743919270834
0 0.4153261250681286 0.8872163456845773 0.3797308185986621 0.8826006690735788 0.3670996544680336 0.9258937231285849 0.4026949609375001 0.9305093997395834
0 0.37578378951729574 0.8780394482116649 0.3427308653833582 0.8737534440017022 0.3295586969598125 0.918900771831704 0.36261162109375006 0.9231867760416668
0 0.3382428344532401 0.8710464972418817 0.3051899101562501 0.8667604921875002 0.29255874171863516 0.9100535457268687 0.3256116660156252 0.9143395507812503
0 0.3025991462879589 0.86628719822835 0.2676122597656253 0.8598956197916667 0.25084766962195376 0.9006812893000676 0.2858345561442874 0.9070728677367509
0 0.2555711076820623 0.8559436120614753 0.22251818359375014 0.8516576067708331 0.213935663802313 0.8810740038239412 0.24698858789062517 0.8853600091145833
0 0.21803015049323526 0.84895066021697 0.18243484375000013 0.8443349817708333 0.174393326069265 0.871897106710113 0.20998863281250013 0.8765127851562499
0 0.17106142877959174 0.8401693401262244 0.09533071695993517 0.8263344748637166 0.08415438974284356 0.8535247558312422 0.15988510156250013 0.8673596210937499
0 0.08830095128645923 0.8232979372206098 0.05524737695312518 0.8190118489583332 0.046664849494791105 0.8484282815293901 0.07971842382812516 0.8527143697916667
0 0.05389499958809352 0.8166763676408233 0.017722181884312238 0.810068137642734 0.00654565253512257 0.8372589156625395 0.04271847023890385 0.8438671456606288
0 0.620191670004611 0.8904938775625685 0.6100214897190721 0.8891751003647594 0.5989205013550861 0.9272234962396909 0.609090681640625 0.9285422734375
0 0.06419570317082363 0.787238235988796 0.026923376953125133 0.7804291419270833 0.01894031622400827 0.7998507005410055 0.05621264244170676 0.8066597946027182
0 0.6092339282221748 0.8839549563554105 0.5736373515625 0.8782171705729166 0.5584625327153252 0.920058444686256 0.5940591093750001 0.9257962304687499
0 0.5482506160599013 0.8694036210056441 0.5121639667968751 0.8628111302083336 0.4961976365613857 0.9016547429685303 0.5322842858244119 0.9082472337658408
0 0.14447226052454415 0.7956393637952259 0.107639471721868 0.7889105658033889 0.09646314479107398 0.8161008465394132 0.13329593359375014 0.8228296445312502
0 0.10179512502357244 0.7860905883313755 0.06874154882812514 0.7818044986979166 0.06015901950767785 0.8112209298977912 0.09321259570312515 0.81550701953125
0 0.5062903717354718 0.8558095328783528 0.4732374492187502 0.8515235286458335 0.4606061341239037 0.8948170908195641 0.49365905664062526 0.8991030950520834
0 0.46871208189273794 0.8489445433130536 0.4331167753688622 0.8443288658470074 0.4204854610542493 0.8876224267006204 0.45608076757812505 0.8922381041666666
0 0.2708004377431853 0.8127890517494104 0.23520512938029745 0.8081733722968636 0.22373063109023728 0.84750195596412 0.2593259394531251 0.8521176354166667
0 0.23071709736956814 0.805466426967759 0.1951217909564243 0.8008507485883939 0.18364729514935624 0.8401793307352182 0.21924260156250008 0.8447950091145834
0 0.4334261635031539 0.8421627167599054 0.39769377186699406 0.8356349439704682 0.3809291769761883 0.8764206139639094 0.4166615686123481 0.8829483867533465
0 0.39162878900718534 0.8327746928480639 0.35857586266650876 0.8284886884691057 0.34594469670619865 0.871781743016875 0.37899762304687523 0.8760677473958333
0 0.3562575939403308 0.8259097957078904 0.32093911706073713 0.8195543006810911 0.30359580632353145 0.8623896260669509 0.3389142832031251 0.8687451210937501
0 0.3145088021937762 0.8167329230541385 0.2814558788368301 0.8124469181216535 0.2688620453930539 0.8556120067862651 0.3019149687500001 0.8598980117187501
0 0.18431262902159215 0.7926784332979525 0.14871667187500012 0.7880626705729168 0.13724231399002268 0.8273907802979253 0.1728382711366147 0.8320065430229611
0 0.28003334077942676 0.7890838937141443 0.24526632226562506 0.78273248046875 0.2372830557049484 0.8021545359733558 0.2720500742187501 0.8085059492187502
0 0.24303396967448843 0.7802367748776456 0.20576132031250016 0.7734276210937501 0.19777825884113698 0.7928491795494379 0.23505090820312524 0.7996583333333335
0 0.6323376129961784 0.8488639165876116 0.6247098144531252 0.8478748125000001 0.615343834269447 0.8799765052873886 0.6229716328125002 0.8809656093750001
0 0.5601236629265793 0.8298122312716312 0.5239513558581999 0.8232040879559887 0.5119765500406631 0.8523369208142867 0.5481488571090426 0.8589450641299292
0 0.5192060602504533 0.8205849270231208 0.48615313671875016 0.8162989218750001 0.47699213310892197 0.8476980599560459 0.5100450566406252 0.8519840651041667
0 0.4816651039049083 0.813591973579281 0.4460697988281252 0.8089762955729168 0.43690879528274995 0.8403754352064778 0.47250410035953305 0.844991113212842
0 0.44212276733763256 0.8044150764447994 0.4090698418680736 0.8001290713705523 0.39990898663981617 0.8315277032590864 0.4329619121093751 0.8358137083333333
0 0.40625915238194715 0.7996155976018038 0.3700862062684788 0.7930073439001615 0.3581116151961782 0.8221396823461129 0.3942845613096465 0.8287479360477552
0 0.3650402636863016 0.7882448347757575 0.3319873378906252 0.7839588294270833 0.32224799803244875 0.8173402029846594 0.35530092382812517 0.8216262083333334
0 0.32746197414035005 0.781379845812293 0.29440904882812513 0.7770938398437499 0.2852480434377753 0.8084929797085404 0.31830096875000025 0.8127789856770834
0 0.11047377230719968 0.7292114888802009 0.0748784632164568 0.7245958120708117 0.06340411864363227 0.7639238922010275 0.09899942773437514 0.7685395690104168
0 0.07379675630939464 0.7216582103607293 0.038059390725654896 0.7156834547319638 0.023178720353760396 0.7552421870795678 0.05891608593750014 0.7612169427083333
0 0.03339061063594395 0.7130416597298935 0.00033755468750013007 0.7087556380208335 -0.011136794229693742 0.7480837217805235 0.02191626171875008 0.7523697434895835
0 0.6444087321808791 0.8074904196418901 0.6393233171089325 0.806830988775201 0.6282968564124285 0.8446239350187277 0.6333822714843751 0.8452833658854167
0 0.5789511301008701 0.7876506136718119 0.5433558241592832 0.7830349347426385 0.5319186608634339 0.8222355553391028 0.5675139668050208 0.8268512342682762
0 0.5423414268271067 0.7827148357503034 0.5058148671875002 0.7760419817708333 0.49144507121976855 0.8110014832601132 0.5279716308593752 0.8176743372395833
0 0.4618953044204124 0.7630961223514238 0.42362910586653335 0.7593760983098677 0.4151278307429961 0.7982422129376107 0.4533940292968751 0.8019622369791667
0 0.5038018561508346 0.7735863470584458 0.46652979489467084 0.7667772998279085 0.4513617316259958 0.8036788557298511 0.4886337928821596 0.8104879029603883
0 0.42227949478826354 0.7548532750322203 0.38668418630084944 0.7502375972042387 0.375209691512586 0.7895661828491017 0.4108050000000001 0.7941818606770834
0 0.384739187918997 0.7478604073577487 0.34914323101422856 0.7432446456508024 0.337668737094198 0.7825732300404126 0.37326469399896645 0.7871889917473589
0 0.3480920906099705 0.7430526182660261 0.3114792845607596 0.7363640067245988 0.297109690044539 0.7713230095523228 0.33372249609374993 0.7780116210937501
0 0.19819976942623965 0.6908141226982761 0.16260446484375005 0.6861984440104166 0.15112996787160846 0.7255270254992766 0.18672527245409806 0.7301427041871363
0 0.1581164316015193 0.6834914958609227 0.12252112500000015 0.6788758177083335 0.11158763089848098 0.7163501304411607 0.14718293750000014 0.7209658085937499
0 0.11857409560574911 0.6743145984320815 0.08552116992187508 0.6700285924479167 0.07404667197237608 0.7093571763075017 0.1070995976562501 0.7136431822916666
0 0.08205005141458954 0.6693944711860814 0.04543783203125007 0.6627059674479167 0.03106803447355022 0.6976654675276123 0.0676802538568897 0.7043539712657769
0 0.04137911597811625 0.6585287081427369 0.015953664062500122 0.6552317643229165 0.004591173084384004 0.6941764468051798 0.03001662500000013 0.697473390625
0 0.591377297472818 0.7561767305743329 0.5158671014599405 0.7423821501094298 0.5046905696121224 0.7695729286496804 0.5802007656250001 0.7833675091145834
0 0.646981728810522 0.76249467074246 0.611385770364778 0.7578789087170626 0.5999486199113198 0.7970794981600223 0.6355445783570637 0.8016952601854198
0 0.5142940058256478 0.7400068829530574 0.4781216469950011 0.7333987340105806 0.46694511382560333 0.7605895099116902 0.5031174726562501 0.7671976588541668
0 0.4747381702193584 0.728805649461891 0.43914221289062516 0.7241898867187501 0.4305596927104708 0.7536062862374792 0.466155650039204 0.7582220489806201
0 0.43461749851284764 0.7216109851481342 0.3990215413330403 0.7169952226118964 0.3910173475076927 0.7444294223595956 0.42661330468750003 0.7490451848958334
0 0.6577111994362888 0.7618964961472311 0.6526257835261393 0.7612370654194242 0.6421778106523508 0.7970472710951095 0.6472632265625 0.7977067018229165
0 0.4016980290503508 0.7048210025506321 0.3261872468208247 0.6910263130402217 0.31101918261422395 0.7279278690833396 0.3865299648437501 0.74172255859375
0 0.216088863687362 0.6566328594170753 0.1830359375000001 0.6523468541666667 0.17445341756263824 0.681763253864175 0.20750634375000013 0.6860492591145836
0 0.18201821633011084 0.6377454870036491 0.14642291015625014 0.6331298098958335 0.1349110824980144 0.672586356746351 0.1705063886718751 0.6772020338541666
0 0.14189754677762412 0.6305508249945816 0.10630224092618595 0.6259351460272617 0.09482774297668689 0.6652637298868468 0.13042304882812505 0.6698794088541667
0 0.10239254322436175 0.6212459663365141 0.06933961914062509 0.6169599609374999 0.057865122791263435 0.6562885427780691 0.0909180468750001 0.6605745481770833
0 0.06485191293060619 0.6142530551097587 0.02925628125000007 0.6096373346354166 0.01832278238189397 0.6471116623381579 0.053918414062500086 0.6517273828125
0 0.7623755045312158 0.8283890030323463 0.658203125 0.7601722434895833 0.5983063233884048 0.8008243086745498 0.7024787029196207 0.8690410682173125