0 0.5233590867695347 0.17827343710694485 0.4475775359119735 0.08560724780827556 0.24642267552977196 0.2501098284978466 0.32220422638733304 0.34277601779651584
0 0.8584013126030111 0.10407208364361147 0.7829511296297986 0.09866663041272299 0.7508390319599384 0.5468924389350551 0.8262892149331509 0.5522978921659435
0 0.35399512239583336 0.6197916666666666 0.25625513096270636 0.6043111718704851 0.2145874980379189 0.8673902361205479 0.31232748947104594 0.8828707309167294
0 0.7255945182463024 0.9844329590339141 0.5024690196294281 0.9600377694905933 0.5006819099405111 0.9763831944652415 0.7238074085573852 1.0007783840085624
0 0.8049495389973361 0.9795759365703197 0.7513927253805481 0.9737203592041431 0.74851946875 1 0.8020762823667879 1.0058555773661766
0 0.7383000112401632 0.939588489422423 0.44925985912220384 0.9042573341881398 0.4436559271150908 0.9501024629152911 0.7326960792330501 0.9854336181495742
0 0.7480689877128514 0.9068930876164399 0.45077842941734675 0.868350049546715 0.4476968203757723 0.892119148151782 0.744987378671277 0.9306621862215069
0 0.760941944917604 0.8603601989805583 0.45875357809598066 0.8207427274106404 0.4529885675119483 0.8647162336457259 0.7551769343335718 0.9043337052156438
0 0.7671753921391815 0.8326406962426544 0.4692077282683129 0.7929976009962827 0.46601281664490085 0.8170113755712917 0.7639804805157694 0.8566544708176633
0 0.7770042722509176 0.7993819395740468 0.4788346365916388 0.7607265344240367 0.47576415872051564 0.7844107582623275 0.7739337943797945 0.8230661634123376
0 0.7878613181223674 0.7614820468082851 0.5850765158540924 0.738220138666834 0.5811599038012157 0.772363055742879 0.7839447060694907 0.7956249638843301
0 0.4820094481376495 0.7279703789995219 0.4654544871778445 0.7241720010549203 0.45294581092297387 0.7786901796244171 0.4695007718827789 0.7824885575690185
0 0.9114013534238844 0.736184041338212 0.8269081506853958 0.7124467230607623 0.7565255078775994 0.9629743874970295 0.8410187106160878 0.9867117057744791
0 0.4924958333333335 0.68226621875 0.4759408714955488 0.6784678405776193 0.466631016476941 0.7190441833096431 0.4831859783147257 0.7228425614820239
0 0.5111866406250001 0.6197916666666666 0.4904929397930598 0.6150436936469786 0.4852562507620179 0.6378674282615039 0.5059499515939582 0.6426154012811919