0 0.3155626888069675 0.24599595502946733 0.22434060615311385 0.23661750538769674 0.21277008495528954 0.3491613779223496 0.3039921676091432 0.3585398275641202
0 0.1776750810612629 0.15251746388587853 0.09084924394006942 0.14359098822500807 0.07105280653820008 0.33614651794758643 0.15787864365939352 0.3450729936084569
0 0.8350180093749999 0.3054242750000001 0.552344966112112 0.24044279419582687 0.5403284148724434 0.29271545813646493 0.8230014581353313 0.3576969389406381
0 0.8477450184958648 0.2436682267011711 0.5673659359375 0.17851777500000007 0.5548962364007516 0.23218191430525575 0.8352753189591164 0.29733236600642676
0 1 0.2662866953125001 0.9205310375 0.2662866953125001 0.9205310375 0.39713483281250006 1 0.39713483281250006
0 0.9956354421588527 0.4121819979582275 0.8946579791880002 0.38700548784805744 0.8700579234374999 0.48567091875000007 0.9710353864083524 0.5108474288601702
0 0.6057258546874998 0.39338504375000005 0.5083994698741077 0.37015069794059957 0.498536146875 0.4114671859375 0.5958625316883923 0.43470153174690046
0 0.6118088624439217 0.35493406850507203 0.5183646328125 0.3342775171875 0.5139984802275348 0.35402872146564385 0.6074427098589564 0.37468527278321584
0 0.6813776427917547 0.37138267678060843 0.6273624140625 0.35760340937500007 0.6212184978332453 0.38168778415689175 0.6752337265625 0.39546705156250006
0 0.6668687718750002 0.4078454531250002 0.6284695331342911 0.3910386149881931 0.6094221453125 0.43455692500000004 0.647821384053209 0.45136376313680715
0 0.40462972327964397 0.6006568800385811 0.2803012032629043 0.5983665664719751 0.2756714799832604 0.8496887661208941 0.4000000000000001 0.8519790796875
0 0.0928364656250001 0.6141022687500001 0.02662555375684575 0.6137624456272781 0.02623364168182023 0.6901223344180599 0.09244455354997458 0.6904621575407819
0 0.7179806156250004 0.8261942328125003 0.6862426526611418 0.8080609258026662 0.678201403125 0.8221351859375 0.7099393660888585 0.840268492947334
0 0.750419621875 0.7582194500000002 0.7314435402336544 0.7405653277817448 0.6989857763632442 0.7754535634858976 0.7179618580045898 0.7931076857041531