0 0.37336667202593327 0.29587195397586596 0.3714974802881668 0.24478940573695526 0.10791243742568454 0.26118640338077515 0.10978162916345095 0.3122689516196858
0 0.7274892749728054 0.2751145973427152 0.7270540069822747 0.21767481171100533 0.6298675191623438 0.21892683405774976 0.6303027871528744 0.27636661968945964
0 0.2959061281535917 0.6433874847582433 0.22803040496657123 0.591028501867995 0.22173186516063953 0.6049096509827281 0.28960758834766 0.6572686338729763
0 0.2841198624768032 0.6695702766901039 0.2159645602098815 0.6158503587436202 0.20966122495370865 0.6294459151792946 0.2778165272206304 0.6831658331257785
0 0.27560191959512315 0.6996222547851623 0.20986648710601724 0.6453760012453302 0.20286914379890095 0.6597913525253661 0.2686045762880069 0.7140376060651982
0 0.2637677636969556 0.7236710961733284 0.19813105062082143 0.6727422241594022 0.19139023439282482 0.6875114430545671 0.257026947468959 0.7384403150684933
0 0.2540276344134602 0.7537636378517419 0.1857814832855779 0.697943408468244 0.17972664925416162 0.7105283459589677 0.24797280038204395 0.7663485753424657
0 0.2436920070464934 0.7789285870831717 0.1751630630372493 0.7267016612702366 0.16924488216076541 0.739903368084948 0.23777382617000953 0.792130293897883
0 0.22142309682776082 0.8746857641779339 1.0858341711711177e-16 0.6952443798256538 -0.029867491316681514 0.7579001868730046 0.19155560551107917 0.9373415712252846
0 0.19101718927872607 0.9476020510909866 0.003906332378223641 0.7995190398505604 -0.02465315322457973 0.8608678867553421 0.16245770367592272 1.0089508979957684
0 0.8854707870105062 0.41967621419676227 0.8387170639923592 0.41967621419676227 0.8387170639923592 0.46031826899128286 0.8854707870105062 0.46031826899128286
0 1.0006434621919376 0.4895765029066043 0.9999999999999998 0.4662605877957659 0.9914244272271782 0.4666629303587564 0.9920678894191162 0.48997884546959486
0 0.5155773504222407 0.8127077897776682 0.5149512375616822 0.7734489667886344 0.4644168061543115 0.77481910697943 0.46504291901487016 0.8140779299684637
0 0.7349140706393852 0.9141632482784832 0.7333644863322359 0.8756109253608026 0.6742288310483587 0.8796518090023205 0.675778415355508 0.918204131920001
0 0.8357573284275027 0.9686506254459853 0.8325470073268506 0.929625667394967 0.7845309179787545 0.9363408076418045 0.7877412390794065 0.975365765692823