0 0.6251469499158049 0.30534574783360796 0.602782609375 0.25306933593750003 0.5419671028185702 0.2790867814632671 0.564331443359375 0.33136319335937503
0 0.6867406807846491 0.2902066156284799 0.654439772871748 0.22551322178724537 0.6204718850558489 0.24247312373689045 0.6527727929687501 0.30716651757812496
0 0.8245947304687501 0.2643264980468751 0.78574358984375 0.1773931464843751 0.7549074828081983 0.19117402470007885 0.7937586234331984 0.27810737626257886
0 0.7330173653878043 0.29102406142677595 0.7265624589538303 0.2758840551824764 0.675619488097276 0.29760347227132555 0.68207439453125 0.3127434785156251
0 0.7682438509330016 0.24996810060744817 0.7609494316406249 0.23295792382812497 0.686420811176373 0.2649177919706768 0.6937152304687498 0.28192796875000004
0 0.9705172412202991 0.9534630696013485 0.9448195592758739 0.8211345222627217 0.7447312111150346 0.8599908902591514 0.7704288930594598 0.9923194375977783
0 0.9401459041652028 0.828168160822686 0.9395595300117341 0.7473996242058695 0.7590122248026854 0.7487103855207027 0.7595985989561541 0.8294789221375192
0 0.7392495466286616 0.8274588411583709 0.735548542823489 0.7492694417657361 0.6211924899169879 0.7546823518307717 0.6248934937221605 0.8328717512234065
0 0.9184237076156989 0.7414663106218455 0.9179163414636275 0.661072397279672 0.7529170776148897 0.6621137079724012 0.753424443766961 0.7425076213145747
0 0.7340369059088964 0.7399906393944009 0.7303745370687038 0.6626116036433736 0.6168503034359591 0.6679847336110442 0.6205126722761517 0.7453637693620715
0 0.8974999961848448 0.6530515139376598 0.8940045636326559 0.5702622924624513 0.7488428672512376 0.5763911448640229 0.7523382998034265 0.6591803663392314
0 0.728979369030491 0.6547880196661108 0.7260228718432047 0.5742908227265086 0.6114940161353744 0.5784972330443409 0.6144505133226607 0.6589944299839431
0 0.8758416875 0.5390625 0.745775646484375 0.5390625 0.745775646484375 0.56782400390625 0.8758416875 0.56782400390625
0 0.7242600867021963 0.5658823263021683 0.723204358735974 0.5370338387439813 0.6089824909692598 0.5412138575374186 0.6100382189354822 0.5700623450956056