0 0.22118620865861588 0.1798389596653989 0.1293389696979237 0.17963039958998744 0.12908203302928073 0.29278208289302293 0.22092927198997292 0.29299064296843436
0 0.07455774040695039 0.2947472864043073 0.07411833373025059 0.10123719032402922 -0.00043940667669979856 0.10140648985722192 0 0.2949165859375
0 0.6766779770406286 0.38205540596890375 0.574825715625 0.22655415781250002 0.43850958478076557 0.3158402976893281 0.5403618461963943 0.4713415458457318
0 0.028424883655207234 0.9556574233141124 0.00979075175376154 0.9525946939041212 0.0071090046875001535 0.9689108687499998 0.025743136588945847 0.9719735981599907
0 0.36488869327580564 0.9737229626069933 0.29535248085331833 0.9653666150430684 0.2911904968750001 1.0000000000000002 0.3607267092974874 1.008356347563925
0 0.2928662975679548 0.9509911546617313 0.22454079272085722 0.9397610866821411 0.2159259555712762 0.992175114672925 0.2842514604183738 1.0034051826525152
0 0.0733741125000001 0.9150539984374998 0.015752672912479636 0.9081294801329042 0.011875605346510266 0.940391971861892 0.06949704493403072 0.9473164901664877
0 0.011110385937500111 0.9057534890625002 8.881784197001253e-17 0.9044183250000002 -0.0040924451666427995 0.9384730501880952 0.007017940770857223 0.9398082142505952
0 0.5084324806610543 0.9590684671679943 0.46702300336424274 0.9522623528219357 0.4601835712202784 0.9938745408764296 0.50159304851709 1.0006806552224883
0 0.22774370136949157 0.9387853463635407 0.15618200563905343 0.9094581775011242 0.13833182525291493 0.9530146893321483 0.20989352098335307 0.9823418581945648
0 0.15584119194081497 0.9091563058554286 0.08309616387655368 0.8852870292531382 0.06802332235488633 0.9312236656150727 0.14076835041914762 0.9550929422173633
0 0.4577750159970124 0.9413057908522161 0.38834577961876265 0.918522929713139 0.37558444520331435 0.9574122376987967 0.4450136815815641 0.980195098837874
0 0.07886456210781745 0.8811672755252784 0.02356134287260787 0.8745213438113895 0.020115085001884813 0.9031989111970674 0.07541830423709439 0.9098448429109564
0 0.018470726562500085 0.8739095906250001 8.881784197001253e-17 0.871689915625 -0.003230880290194871 0.8985752508188277 0.015239846272305124 0.9007949258188278
0 0.3908762729224249 0.9184311479148306 0.31100230669401835 0.8870181681846099 0.29529090825839743 0.926967632349594 0.37516487448680397 0.9583806120798147
0 0.3114417810959668 0.8873724256092064 0.23057516439044962 0.8576587470255987 0.21454989059404678 0.9012719829313542 0.295416507299564 0.930985661514962
0 0.0852781573135315 0.829209400661604 0.04480451085933719 0.8243455793255146 0.04200444115648951 0.8476459893054743 0.08247808761068383 0.8525098106415637
0 0.22766081708529723 0.8431523660399629 0.15933531318392266 0.8319222974615321 0.15044218497013617 0.8860294885461484 0.21876768887151074 0.897259557124579
0 0.042458153674232044 0.8186094723441057 0.00019488203578037487 0.8113448910202333 -0.004810663676695826 0.84046573483953 0.03745260796175585 0.8477303161634024
0 0.15527516703952304 0.8178151665507576 0.09523102767854474 0.8079462327035161 0.08630840388874417 0.8622328734484144 0.14635254324972247 0.8721018072956559
0 0.09042440464289725 0.7983807904586053 0.05315561045350237 0.7922552423137728 0.048993842187500095 0.8175760921874999 0.08626263637689498 0.8237016403323325
0 0.04837813203678783 0.7825098351803033 0.006968655081410091 0.7757037177198025 0.002016094637555521 0.8058358655647533 0.043425571592933254 0.812641983025254
0 0.7763846687500003 0.8622062328125001 0.7631800641052908 0.8603504465705288 0.7599327640625001 0.8834561859375002 0.7731373687072096 0.8853119721794714