0 0.28541626296148676 0.481564980856459 0.28503917832525216 0.3508691676324237 0.2190885301137792 0.3510594489855657 0.2194656147500138 0.48175526220960097
0 0.8475074765625 0.4689178466796876 0.8107528686523438 0.4689178466796876 0.8107528686523438 0.5490493774414062 0.8475074765625 0.5490493774414062
0 0.8506355283203124 0.3323974609375 0.8490522071870472 0.08002371702289054 0.8310852363448116 0.08013643669092739 0.8326685574780768 0.33251018060553683
0 1 0.28194427490234386 0.893646240234375 0.28194427490234386 0.893646240234375 0.5282745361328126 1 0.5282745361328127
0 0.5551153847656252 0.8611694711914063 0.39058458249125394 0.7255733611267601 0.3592376438757219 0.7636093855879345 0.5237684461500931 0.8992054956525806
0 0.49136804460329697 0.9364678931477742 0.2579063816411524 0.7369924097951115 0.20926442285156255 0.7939218750000001 0.4427260858137071 0.9933973583526629
0 0.42503968408203135 1 0.1984086538085938 0.8036021635742188 0.1474133771720164 0.8624475780327122 0.374044407445454 1.0588454144584936
0 0.2677677080078127 1 0.05728605761718769 0.8157560097656251 0.005522454248886144 0.8748911199706637 0.21600410463951114 1.0591351102050388
0 0.9559840312500001 0.7597656250000001 0.882401129064745 0.7582942576463503 0.8815311603147451 0.8018012888963503 0.9551140625000002 0.8032726562500001
0 0.8444161416015625 0.759765625 0.7747137622784134 0.7582487722880729 0.773871875 0.79693515625 0.8435742543231491 0.7984520089619271
0 0.7224509140625002 0.759765625 0.6590185136381299 0.7541265328207992 0.65593947457563 0.7887616890707992 0.7193718750000002 0.79440078125
0 0.6369890625 0.759765625 0.599609375 0.759765625 0.599609375 0.79059765625 0.6369890625 0.79059765625
0 0.7979531250000002 0.8235507812500001 0.6610795859934575 0.8170326110487517 0.6584183862571837 0.8729145249388337 0.7952919252637264 0.8794326951400822