0 0.4390625 0.4393127291666667 0.2858579921875001 0.4393127291666667 0.2858579921875001 0.4895833333333333 0.4390625 0.4895833333333333
0 0.86835101875 0.3408484713541668 0.8599863248612303 0.3141692407263003 0.6471255616361165 0.3605149863838943 0.6554902555248859 0.38719421701176077
0 0.8974152975920795 0.4192735589065693 0.8827848660462093 0.3727189800862892 0.6638101950833496 0.4205077800369333 0.6784406266292198 0.4670623588572134
0 0.4390625000000002 0.6825555768229167 0.3580083187500001 0.6825555768229167 0.35800831875000017 0.9346440572916667 0.4390625000000002 0.9346440572916667
0 0.860957630500638 0.7393358621280207 0.8079962833015092 0.730679568429159 0.7951121153008711 0.7854216021344715 0.8480734625 0.7940778958333333
0 0.792889768622835 0.7243827410107646 0.7488121493114879 0.7155441859182675 0.734086415625 0.7665419700520832 0.7781640349363472 0.7753805251445803
0 0.734203459375 0.7075649674479169 0.6946807160518944 0.6987977261337197 0.6787586535518945 0.7486426519149697 0.7182813968750001 0.7574098932291667
0 0.6779048234375002 0.6915683398437502 0.6359202453125 0.6821604375000002 0.6198433740976871 0.7319841441254652 0.6618279522226873 0.7413920464692153
0 0.6178826601228059 0.6742270338891312 0.579129161799034 0.6654192950833556 0.562095676676228 0.7174653132775578 0.600849175 0.7262730520833335
0 0.5932877021337618 0.7424987614230013 0.5553977767629086 0.7311563032659961 0.533938259375 0.7809384960937501 0.5718281847458532 0.7922809542507553
0 0.6532003609375001 0.7598135442708335 0.6148367120895897 0.7469577358369781 0.5914223428047858 0.7954799361466659 0.6297859916526963 0.8083357445805213
0 0.707202215625 0.7734095625 0.6688956343982311 0.7630795970630602 0.6495789875232311 0.8128239486255601 0.6878855687500001 0.8231539140624999
0 0.7670964286866686 0.7905737067095485 0.7305009162509594 0.779083791825228 0.7073771437499999 0.8302292669270835 0.7439726561857093 0.841719181811404
0 0.8382633640625 0.8084490494791668 0.7855037236991087 0.7926312316874133 0.761600871875 0.8479971471354167 0.8143605122383913 0.8638149649271704
0 0.6930739007862066 0.934865672877318 0.6544297921875 0.9231292382812502 0.6210204702099633 0.999522012337704 0.6596645788086699 1.0112584469337718
0 0.6387711425899596 0.9165086232380185 0.5612735015625001 0.8947109921875 0.518680638261117 0.9998717071425434 0.5961782792885766 1.021669338193062