0 0.2859452029559827 0.3526422438529592 0.17246888276287847 0.33178766942359 0.14931717343750003 0.4192708333333334 0.2627934936306042 0.4401254077627026
0 0.7628419343749999 0.06277188151041668 0.7246068190791837 -0.01829500795027676 0.6305148847041837 0.012523300643473253 0.66875 0.09359019010416669
0 0.7992385495674731 0.31562452083091386 0.6926195640625001 0.30341456640625014 0.6868901525856306 0.33815762306168495 0.7935091380906036 0.35036757748634867
0 0.4258195141402239 0.9524255959079012 0.2927215301076284 0.9513414675479792 0.29215347614322 0.9997718473757788 0.4252514601758155 1.000855975735701
0 0.5532329097368287 0.97735123601666 0.49134247949591237 0.9686241414594153 0.4849715281250001 1 0.5468619583659164 1.0087270945572446
0 0.47642780371896326 0.963693002790746 0.43258891646855585 0.9575113294635459 0.42396147222081043 0.9999999998284359 0.46780035947121784 1.0061816731556361
0 0.6220931688545841 0.8286102101810983 0.4697715914196465 0.8007961172700361 0.43725723088475393 0.9244504256023359 0.5895788083196918 0.9522645185133981
0 0.6386553430925411 0.7470125971790701 0.4879741093750001 0.7239404609375 0.46635659633855475 0.8219830106935319 0.6170378300560959 0.8450551469351021
0 0.48934523523912565 0.7024178755370879 0.3216137114833438 0.6747949093038978 0.2648617198912713 0.9141060927739432 0.43259324364705315 0.9417290590071333
0 1.0218265270005915 0.9807324236290508 0.6687500000000002 0.7029761341145835 0.5802940504651021 0.7810614732563684 0.9333705774656934 1.0588177627708357
0 0.8316091640625001 0.8744945299479167 0.6687500000000002 0.8744945299479167 0.6687500000000002 1 0.8316091640625001 1