0 0.1865992207926687 0.057017075134026096 4.336808689942018e-18 0.0411644375 -0.009854563947738485 0.15716115655403395 0.1767446568449302 0.17301379418806004
0 0.167994726652129 0.19296654119591808 2.42861286636753e-17 0.178435732421875 -0.009483147520651986 0.2880730416939918 0.158511579131477 0.3026038504680349
0 0.47645011132812504 0.29042583984375 0.4589843750000001 0.289297107421875 0.4555822668784332 0.3419405171968457 0.4730480032065581 0.3430692496187207
0 0.6315086807422324 0.25109748948008875 0.48948531471535933 0.22836359145785584 0.46988858261836197 0.35078843267164905 0.611911948645235 0.37352233069388197
0 0.48546775289278077 0.19924369863133556 0.46229684483744743 0.1974905193179711 0.45610764705837864 0.2792900999894219 0.479278555113712 0.2810432793027864
0 0.49852578487953486 0.08265992063768865 0.47114204296874995 0.08058798437500006 0.46259170317177367 0.1935935350120098 0.4899754450825586 0.19566547127469838
0 0.805283240234375 0.004287560546875097 0.6241288283680789 -0.009419137534304255 0.6049611775985546 0.24390989046694403 0.7861155894648507 0.25761658854812336
0 0.6264321177657448 0.00009620393639087066 0.5139860025164014 -0.011962696171537973 0.4878064741416973 0.23215461456560477 0.6002525893910408 0.24421351467353358
0 0.186179083984375 0.58577915234375 0.13017206451337027 0.5515807534197991 0.11071660313825624 0.5834431340673989 0.16672362260926096 0.6176415329913498
0 0.9870610742187501 0.9017401015625001 0.9786352974237532 0.9011025822609436 0.9755325000000001 0.9421107187500002 0.983958276794997 0.9427482380515566
0 0.974411638671875 0.9009226250000002 0.9449216976500131 0.8986913259485194 0.9418013909185826 0.9399308278516547 0.9712913319404445 0.9421621269031355
0 0.9201745301183297 0.8897719469465161 0.8927903567922847 0.887699978333985 0.889685769707934 0.9287317537718394 0.917069943033979 0.9308037223843705
0 0.8885654863281249 0.8875431972656249 0.859075006202483 0.8853118577035035 0.8559651655645009 0.9264130397401525 0.8854556456901428 0.9286443793022738
0 0.8570684311529624 0.8835499165001871 0.8271256686379955 0.8816148501827 0.8244795995865399 0.9225595023064732 0.8544223621015068 0.9244945686239603
0 0.823358736328125 0.88137141015625 0.7938687935107211 0.8791401134811405 0.7907502410828873 0.9203564760544347 0.8202401839002911 0.9225877727295443
0 0.7897662839244391 0.8773589589416673 0.7623826511667763 0.8752870320414954 0.7591359450761404 0.9181971401397422 0.7865195778338032 0.9202690670399141
0 0.7581519902343751 0.8751996230468752 0.7307683553985618 0.8731276932762183 0.7276497988503607 0.9143440582998736 0.755033433686174 0.9164159880705305
0 0.7265294804687501 0.8731560019531251 0.6970389979752091 0.8709246637982586 0.6939344493124935 0.9119559336613597 0.7234249318060344 0.9141872718162263
0 0.6885589549676824 0.8710043869615016 0.6611753203125 0.8689324570312501 0.6591114668378764 0.8962093493169185 0.6864951014930587 0.89828127924717
0 0.6569499088470901 0.8687756339259769 0.6274599654667729 0.8665443395298426 0.625527771484375 0.8920812167968751 0.6550177148646923 0.8943125111930095
0 0.6149252220930984 0.864218253880476 0.5517316430626126 0.8594368339066372 0.5496625376665959 0.8867831402509857 0.6128561166970817 0.8915645602248246
0 0.5474805097656251 0.8596271035156251 0.5200963344694051 0.8575551365814779 0.5180324848600301 0.8848320291596028 0.5454166601562501 0.88690399609375
0 0.5160031579587829 0.8556578423903628 0.48651278449954755 0.8534265125756494 0.48444014234766863 0.8808195903283055 0.5139305158069041 0.8830509201430189
0 0.990304279296875 0.8588762714843752 0.9818785042967935 0.858238752320414 0.9790705644531251 0.8953499023437502 0.9874963394532067 0.8959874215077114
0 0.5203242285156251 0.8265458066406252 0.49059535495445467 0.8246245624759038 0.4893353339843751 0.844121826171875 0.5190642075455456 0.8460430703365964
0 0.9800332538334899 0.8546219622436738 0.9505433125 0.8523906601562501 0.9474475099455879 0.8933062476171528 0.9769374512790778 0.8955375497045766
0 0.9255397988281252 0.8468592558593752 0.8960493189550128 0.8446279177446187 0.8930834269254313 0.8838266293274838 0.9225739067985437 0.8860579674422403
0 0.5861013973758832 0.8251786297835345 0.5566109148376291 0.8229472917155765 0.5545470636126294 0.8502241841714582 0.5840375461508834 0.8524555222394163
0 0.5523807913253342 0.8228599219569782 0.5249966199382724 0.8207879536873448 0.5229292677463291 0.8481111166774864 0.5503134391333909 0.8501830849471198
0 0.8921035488281251 0.8407823828125001 0.8647199138380564 0.8387104548206405 0.8616013222767428 0.8799273182124367 0.8889849572668116 0.8819992462042965
0 0.860480498046875 0.838738728515625 0.830990554649945 0.8365074322106114 0.8278719651347338 0.8777242925958457 0.8573619085316638 0.8799555889008593
0 0.6939330156250001 0.8279755136718752 0.6644430729768842 0.8257442159174608 0.6616280915371533 0.8629484129140048 0.6911180341852692 0.8651797106684191
0 0.6602019062500001 0.8257956230468751 0.630711963452537 0.8235643253988839 0.6278899802213532 0.860861063526999 0.6573799230188163 0.8630923611749902
0 0.8289943577320754 0.8348856483887386 0.7995044151777807 0.8326543488866212 0.7963946115006583 0.8737550311152749 0.825884554054953 0.8759863306173923
0 0.7952667496586744 0.8326594802566136 0.7678831147224673 0.8305875533491857 0.7647715644531251 0.8717113769531252 0.7921551993893322 0.8737833038605531
0 0.7637969012411054 0.828598217260549 0.7343064217850946 0.8263668771348012 0.7310579613102115 0.8693001152336306 0.7605484407662223 0.8715314553593785
0 0.7300675429687502 0.8263951875000002 0.7026839087531968 0.8243232603906155 0.6995653563253627 0.8655396229639098 0.7269489905409161 0.8676115500732945
0 0.6204414394531252 0.8193105449218752 0.5909509536200097 0.8170792092018735 0.5881412653228152 0.85421350153679 0.6176317511559307 0.8564448372567917
0 0.6958494570312499 0.80264686328125 0.6682289085428216 0.8008618708734458 0.6669688554687501 0.8203596328125 0.6945894039571784 0.8221446252203042
0 0.6643529428856949 0.7986536160620006 0.6346452143351804 0.7967337383835927 0.6333851933504624 0.8162310020910375 0.6630929219009769 0.8181508797694453
0 0.9934001152343751 0.8179601835937501 0.9870806484026674 0.8174820333926207 0.9847166855579929 0.8487253221186868 0.9910361523897006 0.8492034723198162
0 0.9305804905919917 0.8082363769257251 0.901090549641303 0.8060050770535102 0.8988704952320827 0.8353463925129287 0.9283604361827714 0.8375776923851437
0 0.8968651367187501 0.8058482558593751 0.8694815032516124 0.8037763283518532 0.8672614515901043 0.8331176449549429 0.8946450850572419 0.8351895724624648
0 0.8652420859375001 0.803804599609375 0.8357521447426901 0.8015733042577846 0.8335320947990024 0.8309146203871042 0.8630220359938123 0.8331459157386946
0 0.8316583867187501 0.7996764687500001 0.8042747535395158 0.7976045424177014 0.8020407363281251 0.8271304511718751 0.8294243695073594 0.8292023775041738
0 0.8000358789062502 0.7976328476562501 0.7705453993708843 0.7954015072567393 0.768320130942613 0.8248117366681824 0.7978106104779789 0.8270430770676932
0 0.766452216796875 0.7935042167968749 0.7390685822327381 0.7914322905000122 0.7366993713603648 0.8227449896209635 0.7640830059245017 0.8248169159178262
0 0.734829169921875 0.791460560546875 0.7074455350576697 0.7893886311036211 0.7052114765736179 0.8189150428218118 0.7325951114378232 0.8209869722650657
0 0.5501925683593751 0.7677812128906251 0.5207026238549616 0.7655499160941247 0.5178806791770182 0.8028461610748904 0.5473706236814317 0.8050774578713907
0 0.5190023406350782 0.7655019451842199 0.4894269159496428 0.7612456101379561 0.4840379574773368 0.7986911433721247 0.5136133821627722 0.8029474784183884
0 0.48498592773437516 0.7616094316406251 0.45898437500000017 0.7599290683593751 0.4565903299548662 0.7969739676285469 0.4825918826892412 0.7986543309097969
0 0.99649591015625 0.777044595703125 0.9922827536477352 0.776725815627062 0.9894817770852352 0.8137449191426871 0.99369493359375 0.8140636992187501
0 0.9400027924244584 0.7677058903824493 0.9105128493268562 0.7654745926040956 0.9077031197672618 0.8026093783041125 0.937193062864864 0.8048406760824662
0 0.9062856875000003 0.7653409062500003 0.8767957442403724 0.7631096104621301 0.8741176718750002 0.7985043808593751 0.9036076151346281 0.8007356766472453
0 0.8428020551220842 0.7592804762587737 0.8111790044548497 0.7572368201976508 0.8089109218750001 0.7923325937500002 0.8405339725422346 0.7943762498111231
0 0.8748012956109682 0.7614646912930501 0.8432050428145834 0.7590740257096383 0.8403953157060393 0.7962088088538882 0.8719915685024241 0.7985994744373
0 0.8074952421875001 0.755040986328125 0.7780052988189589 0.7528096886369242 0.7751955693970458 0.789944474308911 0.8046855127655871 0.7921757720001118
0 0.7758692309712174 0.7530436416822981 0.7463787476300646 0.7508123013176837 0.7435742673810233 0.787877681112058 0.7730647507221761 0.7901090214766724
0 0.7421416230468749 0.7508174765625 0.7126511416177871 0.7485861378055687 0.7099871085443029 0.7837953222631135 0.7394775899733907 0.7860266610200448
0 0.61516298828125 0.7210744550781251 0.5856730472050037 0.7188431566537812 0.5828475613684303 0.7561861717893821 0.6123375024446767 0.758417470213726
0 0.5814318789062503 0.7188945664062502 0.5519419356573281 0.7166632704949274 0.5492638632812502 0.7520580390625 0.5787538065301724 0.7542893349738229
0 0.5478481796875001 0.71476643359375 0.5204645449810323 0.7126945069871848 0.5176460647596952 0.7499449735644957 0.545029699466163 0.7520169001710609
0 0.5162251328125002 0.7127227773437502 0.4867351898390876 0.7104914782553824 0.48405711324800677 0.7458862518028303 0.5135470562214193 0.7481175508911981
0 0.482641703125 0.7085946621093749 0.4615772658320818 0.7070008635146896 0.458758970740795 0.7442488573460997 0.4798234080337132 0.745842655940785
0 0.9425229160156252 0.7343986777343751 0.8814361831646491 0.7297766690907967 0.879372292539649 0.7570540597157969 0.9404590253906251 0.7616760683593752
0 0.9911589296874999 0.7355840351562501 0.9616684474696944 0.733352696339642 0.9588639690535905 0.7704180762114684 0.988354451271396 0.7726494150280766
0 0.877305664298681 0.7283657075138289 0.8478157195821974 0.7261344108077605 0.8457518312806299 0.7534118014607794 0.8752417759971135 0.7556430981668477
0 0.845816559532135 0.7245589452966561 0.8163260781250001 0.72232760546875 0.8142622251915954 0.7496044979431482 0.8437527065987303 0.7518358377710543
0 0.8121012054593977 0.7221708250381315 0.7826107257618711 0.7199394851356041 0.7806785272989326 0.7454763652309843 0.8101690069964592 0.7477077051335116
0 0.9998865253906251 0.7322325214843752 0.9956733685860473 0.7319137413530256 0.9930163378906249 0.767030380859375 0.9972294946952027 0.7673491609907247
0 0.779263384765625 0.7081847929687501 0.7181761115102477 0.7035627496155923 0.7153628827016516 0.7407438108540587 0.7764501559570288 0.7453658542072166
0 0.6241412363281251 0.6864128320312501 0.5967576015088712 0.6843409020696374 0.5946867455861431 0.7117103418682392 0.622070380405397 0.713782271829852
0 0.593395718769002 0.6727712695764065 0.5639057752607703 0.6705399715201893 0.5610960453966599 0.7076747571375267 0.5905859889048916 0.709906055193744
0 0.5596716113281252 0.670498833984375 0.5301816686481681 0.6682675377834387 0.5273701907519929 0.7054254561133222 0.55686013343195 0.7076567523142585
0 0.5260791588960081 0.666486382476861 0.49869552418468577 0.6644144561849039 0.495882295848926 0.701595516826408 0.5232659305602483 0.7036674431183652
0 0.4944651328125001 0.6643270625000001 0.4649749202334313 0.6620957463346294 0.4622968476562502 0.69749051953125 0.491787060235319 0.6997218356966206