0 0.4898338476954508 0.4076876391228619 0.3406256143565363 0.3566415076672328 0.32445998545619464 0.5078135532722599 0.4736682187951091 0.558859684727889
0 0.9121930947265625 0.17443916069868998 0.8982248746059377 0.12512284707987145 0.8338417373948964 0.18346353297054563 0.8478099575155212 0.23277984658936413
0 0.8121988403320312 0.2801044375545852 0.7926297205198926 0.21963063211965927 0.7291229111328124 0.2853772200873363 0.748692030944951 0.3458510255222622
0 0.7393765097656251 0.35603363406113536 0.7216480421275604 0.2950473049693711 0.6552026399930893 0.35684219609393747 0.6729311076311539 0.41782852518570174
0 0.40479490380859384 0.8420594244541485 0.2629328911132814 0.8420594244541485 0.2629328911132814 1 0.40479490380859384 1
0 0.7343061772846878 0.9842664735092445 0.6343912218472657 0.9630325757603164 0.633303437476321 0.9794079986097391 0.7332183929137431 1.0006418963586672
0 0.9049902093783573 0.909828287503818 0.7900972187010743 0.885411263181306 0.7824853339843749 1.0000000000000004 0.897378324661658 1.0244170243225124
0 0.8309258010089264 0.8055189943217099 0.6513062419197909 0.767346290807374 0.6378901303349156 0.9693113772722332 0.8175096894240511 1.007484080786569
0 0.9994003681981112 0.7878127513747887 0.8254976062530412 0.750854986802125 0.8163118070798377 0.8891373085001513 0.9902145690249077 0.926095073072815
0 1.0098038682963677 0.664078910503202 0.8629450808331687 0.6263278776949893 0.8529160605468753 0.7511462576419216 0.9997748480100744 0.7888972904501343
0 0.8908284698577466 0.7896072105503755 0.8797082023725155 0.6222035883103533 0.6604578392899189 0.6687986225709045 0.67157810677515 0.8362022448109268
0 0.9006919470212679 0.595232659264937 0.8578606977134139 0.5861301745832324 0.855443382139142 0.6225202593122797 0.8982746314469959 0.6316227439939844