0 0.4956893995865329 0.3720295917554905 0.19722118111986653 0.30460204955216685 0.1754753712676369 0.5510222549886068 0.4739435897343033 0.6184497971919305
0 0.9650848497529918 0.6036752405405073 0.9491265247638944 0.6010044300699185 0.9488156111419437 0.6057602340978712 0.9647739361310411 0.6084310445684599
0 0.9663203925781251 0.5942669687500002 0.9502393002022496 0.5915756113215845 0.94992838671875 0.5963314125000002 0.9660094790946255 0.5990227699284159
0 0.9674331679687501 0.5848381437500002 0.9475156622381365 0.5815047187452045 0.9473601855257364 0.5838829253233406 0.96727769125635 0.5872163503281363
0 0.9685459394531251 0.575409321875 0.9486284662395287 0.5720759019833984 0.948473029296875 0.5744535000000003 0.9683905025104714 0.5777869198916019
0 0.9710496621093752 0.5541946250000003 0.951132188693691 0.5508612050745768 0.9509767519531249 0.5532388000000003 0.9708942253688091 0.5565722199254237
0 0.9721624355468749 0.5447658031250001 0.9522449620947506 0.541432383522383 0.9520895253694865 0.5438099784483406 0.9720069988216108 0.5471433980509577
0 0.9743013727652646 0.5266420198134611 0.9041355904788204 0.5054430598046948 0.8930170999834443 0.599652974480342 0.9631828822698885 0.6208519344891082
0 0.9040205043103299 0.5076987659423009 0.8820103303787045 0.49560297089700195 0.8618065826540994 0.5897184283389587 0.8838167565857248 0.6018142233842576
0 0.076820923828125 0.8152834468750001 0.032633641424520854 0.7132133155865705 0.021598060546874964 0.725443521875 0.06578534295047911 0.8275136531634295
0 0.50370712890625 0.82808688125 0.4882812500000001 0.82808688125 0.4882812500000001 0.87675945625 0.50370712890625 0.87675945625