0 0.34032522656249997 0.14257765885416668 0.15152577500000003 0.13829296614583333 0.14828271214558872 0.23753003354792965 0.33708216370808863 0.241814726256263
0 0.7695092344761738 0.21438285028591328 0.6596690314669406 0.1705474088682485 0.519174037867927 0.4150223214240418 0.6290142408771603 0.45885776284170654
0 1 0.03983547916666677 0.8823572859375 0.039835479166666764 0.8823572859375 0.2610607395833334 1 0.2610607395833334
0 0.9016769183424692 0.045644668370158424 0.7684237772971824 -0.009576532137829089 0.6184413645312383 0.24175643291356405 0.7516945055765252 0.29697763342155153
0 0.04932346250000012 0.77351224609375 1.1367351555359888e-16 0.77351224609375 1.2539554730574169e-16 0.93304166796875 0.04932346250000013 0.93304166796875
0 0.10973082370821138 0.8782953053847914 0.04888218891902367 0.7163810130798726 0.000044777875658708055 0.7291264812837422 0.06089341266484642 0.8910407735886611
0 0.17431066446861349 0.8392617975185321 0.11176218675472238 0.6774812375074483 0.061179665543493945 0.6910621324678647 0.12372814325738506 0.8528426924789486
0 0.11005612845047023 0.6734996524022517 0.10808313539695033 0.6682156304784712 0.09333997104037617 0.6720384972268295 0.09531296409389607 0.6773225191506099
0 0.2315490524408101 0.8091914249191293 0.16247595558841121 0.628300183692 0.11166607616419541 0.6417735792816465 0.1807391730165943 0.8226648205087755
0 0.28852572347152566 0.7750101211913704 0.2298532442075966 0.6223989025782496 0.1795807766277946 0.6358208548619474 0.2382532558917237 0.7884320734750682
0 0.9240509375000003 0.9130428190104168 0.8525864976016632 0.8987308125603124 0.8367708968111429 0.9535727353625741 0.90823533670948 0.9678847418126786