0 0.290581954116722 0.1658020501170393 0.2851880103664236 0.13851263724388574 0.16090461647349993 0.202093793688641 0.1662985602237983 0.22938320656179456
0 0.5299188813476562 0.1786583644933229 0.5188535336914062 0.10791146975648082 0.46896326818639805 0.1281079920605157 0.48002861584264805 0.1988548867973578
0 0.4977842719726562 0.349567949725059 0.4933336468233793 0.3233490886273845 0.48091690429687495 0.32880438020424196 0.4853675294461518 0.3550232413019165
0 0.51511504296875 0.3495679497250589 0.5091878858607733 0.3165989410442953 0.49813725572287076 0.3217409246878911 0.5040644128308474 0.35470993336865475
0 0.5346972509765626 0.34956794972505895 0.5276779669356407 0.3085891046267092 0.5148769047851562 0.31426431814611167 0.521896188826078 0.3552431632444614
0 0.5532758784179689 0.34956794972505895 0.5447749532266346 0.300768445901658 0.5328643222745145 0.3061386235639247 0.5413652474658488 0.3549381273873256
0 0.571489255859375 0.349567949725059 0.5620564363411054 0.2938467492663384 0.5495205743840054 0.29933935415490504 0.558953393902275 0.3550605546136256
0 0.1723572603651138 0.5867317359946753 0.15775571424813495 0.5480658798227832 0.11684891140031915 0.5880483708355199 0.131450457517298 0.626714227007412
0 0.13386979220761044 0.6531453787806507 0.07089584784715638 0.5292404308131173 0.034965639134685256 0.576504932527051 0.09793958349513932 0.7004098804945844
0 0.15226083168627574 0.5487839602258134 0.1383014431837316 0.5118175527000933 0.0973936306509441 0.5517999197342562 0.11135301915348826 0.5887663272599762
0 0.21212982944243777 0.5202480477994558 0.19800402678991108 0.4810750074267938 0.15655190147679968 0.5197629606514338 0.17067770412932637 0.5589360010240957
0 0.1927878115234375 0.4812497069913591 0.17862212644597128 0.4424002672412738 0.1365238216038717 0.48213044684399287 0.1506895066813379 0.5209798865940781
0 0.1336439713035843 0.5109224867777865 0.10980210468389584 0.4600808117146933 0.07353974691998955 0.5040936665088221 0.097381613539678 0.5549353415719155
0 0.06887863648529534 0.5236974474603202 0.028081673714761793 0.4434270079477753 -0.007050212279979151 0.48964134775582513 0.033746750490554395 0.56991178726837
0 0.17275903323150518 0.44131608738104905 0.1458292188759054 0.3883302086313408 0.11133619313056299 0.43370426519300953 0.1382660074861628 0.48669014394271776
0 0.2923794552215352 0.3878069216632327 0.2515774720975253 0.3075265972531737 0.2170844034096666 0.35290059902234877 0.25788638653367646 0.4331809234324078
0 0.13739539795406633 0.4109350706886955 0.13281200390625 0.3758241995286725 0.08915046881015308 0.39057609035114016 0.09373386285796942 0.4256869615111632
0 0.10565823471320342 0.4524157791950218 0.06798941756001024 0.3782979325909707 0.03237780007305359 0.4251419342007475 0.07004661722624676 0.49925978080479844
0 0.8685097032701443 0.9659728163268092 0.7915649758579235 0.8347142800078909 0.7607741146322227 0.8814314194058112 0.8377188420444435 1.0126899557247295
0 0.9470743961816388 0.8582668186225152 0.8409835413265516 0.637343042003 0.7577670079713121 0.7407734427462298 0.8638578628263993 0.9616972193657449