0 0.6229785260813612 0.22937340438907242 0.5076442109802272 0.15568879371755306 0.38173091994106595 0.3527736809387122 0.4970652350421999 0.4264582916102316
0 0.9731509415500874 0.3949585214607854 0.9589290412651407 0.2826851498166293 0.7013698544025531 0.3153107049183439 0.7155917546874999 0.4275840765625
0 0.1087692328125001 0.7488765343749999 0.035497967945246664 0.7430930736904832 0.030172083861242406 0.810567253019839 0.10344334872849585 0.816350713704356
0 0.3834648218750001 0.6643822562500001 0.17225941562500008 0.6616781265625 0.17046927448693722 0.8014966744883398 0.3816746807369372 0.8042008041758401
0 0.9541086609817873 0.6586890099064382 0.9484414468749998 0.6295342265624999 0.8320987437057127 0.6521493494685616 0.8377659578125 0.6813041328124998
0 0.9555423448204226 0.6857340490497479 0.9515163697119616 0.6654689565125816 0.8393868374999999 0.687745228125 0.8434128126084607 0.7080103206621663
0 0.9619609746650625 0.7141321931719117 0.9587045002303236 0.6946129747951555 0.8442057880652614 0.713715283185744 0.8474622625 0.7332345015625001
0 0.9649586952306819 0.7445066937838963 0.961584941740188 0.7242080859088419 0.8461679121345063 0.7433911061874454 0.8495416656250001 0.7636897140624999
0 0.9680110551694885 0.7714918818950498 0.9654107286600988 0.7544195289028821 0.8508714031781104 0.7718652579453321 0.8534717296875 0.7889376109374998
0 0.97331254375 0.7982934265624999 0.9695029369413991 0.7779890568758796 0.8539592359375 0.7996679406249998 0.8577688427461009 0.8199723103116202
0 0.9780186417182248 0.8250816125013489 0.9750542510707427 0.8071478769698107 0.8564547250000001 0.826752009375 0.8594191156474823 0.8446857449065384
0 0.980133676307922 0.8522230998533973 0.9764100165481391 0.8329682012194122 0.858654626177717 0.8557406404285152 0.8623782859375 0.8749955390625003
0 0.9840245235453399 0.879778162925364 0.9800028347322545 0.8606351294454793 0.8636063471244146 0.885088435270115 0.8676280359374999 0.9042314687499997
0 0.987583740625 0.9077630796875 0.985346274594675 0.8922396594595909 0.8674127468749999 0.9092379921875002 0.8696502129053248 0.9247614124154093