0 0.54029415088749 0.05865806754215752 0.1523158935820048 0.04988746562087416 0.14829442622276412 0.22778197181923585 0.5362726835282493 0.23655257374051922
0 0.2909945174890071 0.9754333207140278 0.21450436427214237 0.9641980408988444 0.21045521494952527 0.9917647821976586 0.28694536816639005 1.0030000620128419
0 0.5198561093750002 0.899978158203125 0.3735013242187501 0.899978158203125 0.3735013242187501 1 0.5198561093750003 1
0 0.2380056097656434 0.9464904086569698 0.2006117982926006 0.6948592450723102 -0.033413329934073546 0.7296367002976392 0.003980481538969266 0.9812678638822987
0 0.5006950306618525 0.8886426339555378 0.39264731549007287 0.49140267633770884 0.09887018804052225 0.5713089062673538 0.2069179032123019 0.9685488638851827
0 0.5828693424189084 0.48085787764113974 0.40014126848086673 0.4540179409867273 0.3342909742182282 0.9023311242030924 0.5170190481562699 0.9291710608575048
0 0.5100313671875001 0.4447545312500001 0.46979938671875004 0.43788352734375013 0.4690225931664395 0.44243190825740125 0.5092545736351894 0.4493029121636512
0 0.97668280078125 0.4811922050781251 0.8260677690622392 0.4799586924754486 0.8257650205366007 0.5169250588449429 0.9763800522556115 0.5181585714476195
0 0.9672888183593753 0.5339206328125001 0.8255888710937501 0.5135628046875002 0.8219239348263045 0.53907246478681 0.9636238820919297 0.55943029291181
0 0.9658800546875002 0.5691466171875001 0.8224680820312502 0.546432390625 0.8186018300286487 0.5708429434102155 0.9620138026848987 0.5935571699727156
0 0.9593857597656251 0.6035671347656251 0.8152901867643774 0.5828351238397698 0.8116242558593748 0.6083147753906252 0.9557198288606226 0.6290467863164805
0 0.9539085703125 0.6381487441406252 0.8105650698415784 0.618605913570436 0.807647453125 0.6400061601562501 0.9509909535959216 0.6595489907264392
0 0.9510791375669687 0.6731145221901236 0.80453612890625 0.65306744921875 0.8010416491807161 0.6786119051807197 0.9475846578414348 0.6986589781520932
0 0.9468615214843751 0.7089734472656252 0.7982029257812501 0.6864708574218751 0.7948101727450999 0.7088843620639498 0.9434687684482249 0.7313869519076999
0 0.9400777899748329 0.737220716729901 0.7911891936264724 0.722044208155521 0.7886983925781251 0.746480123046875 0.9375869889264856 0.7616566316212551
0 0.934839498046875 0.771711841796875 0.7870325235582811 0.7590029349943527 0.7849332285156251 0.7834181308593751 0.932740203004219 0.7961270376618974
0 0.9304299554814875 0.8127182775074626 0.782949560546875 0.789359677734375 0.7798887787113271 0.8086846937156569 0.9273691736459396 0.8320432934887446
0 0.93406887051354 0.9279829240455735 0.5570197913459345 0.8682642171035669 0.5412325992894107 0.9679406255920328 0.9182816784570164 1.0276593325340393