0 0.351119505859375 0.29767680055147067 0.32687467410537835 0.23799816166541496 0.16734931455776997 0.4676300045748853 0.1915941463117666 0.527308643460941
0 0.6800579257812499 0.2900488124999999 0.6137814266982814 0.2349906361372555 0.603058384765625 0.2807266020220589 0.6693348838485935 0.3357847783848034
0 0.17241758129997214 0.8602079588314903 0.11215174751530213 0.8438919969330303 0.10865909611474837 0.8896024832703573 0.16892492989941837 0.9059184451688173
0 0.11229846302038611 0.8475672929762483 0.05889496067431789 0.8297441557412903 0.05535874392803991 0.8672869487903437 0.10876224627410813 0.8851100860253018
0 0.058932701390090686 0.8332937056742402 0.025437475821825734 0.8268509723062194 0.023703426427998435 0.8587940182614289 0.05719865199626339 0.8652367516294497
0 0.02255955078125 0.8529040569852943 0.021842275412336448 0.8216291091880417 0.0005005278320312535 0.8233633979779413 0.0012178032009448059 0.8546383457751938
0 0.6304408842773436 0.8292166415441177 0.6288141965503571 0.7937788715176329 0.5581710792696328 0.8052686002056406 0.5597977669966193 0.8407063702321254
0 0.6847921718739386 0.8270954229070944 0.6821694949998145 0.7814614047052615 0.6371553548970715 0.790627980793583 0.6397780317711956 0.8362619989954159
0 0.8232343120117187 0.8234377077205883 0.7917612943822459 0.7481481223288854 0.7713559290369437 0.778371985071566 0.8028289466664165 0.853661570463269
0 0.7314444589843749 0.8311600900735294 0.7309761579097178 0.820904615952425 0.6817506459960939 0.8288691755514705 0.682218947070751 0.8391246496725749
0 0.7700379135742188 0.8098852702205882 0.7695064059504826 0.7983480725051928 0.6971047108382954 0.810166508597897 0.6976362184620316 0.8217037063132925