0 0.3256243333892416 0.29851093750844093 0.28646096345942235 0.19406368075362265 0.2530475612233122 0.20659231456406751 0.2922109311531315 0.3110395713188858
0 0.8630782062500002 0.24016333593750008 0.5765608608511118 0.19505842017131395 0.5682199380511013 0.2480419812364622 0.8547372834499894 0.29314689700264834
0 0.8714663281411743 0.17766993004549478 0.58722556875 0.13223643750000008 0.5785296657718327 0.18663969658538046 0.8627704251630071 0.23207318913087516
0 1 0.19515600625000012 0.945652828125 0.19515600625000012 0.945652828125 0.3158041796875001 1 0.3158041796875001
0 1.018599652215654 0.3341933990635456 0.9299376401162869 0.3171226603258299 0.9106061343749998 0.4175266453125001 0.9992681464743669 0.43459738405021575
0 0.640480428125 0.34390444687500005 0.5417703789261523 0.32751584434935177 0.5348131749999999 0.36941971875 0.6335232241988475 0.38580832127564835
0 0.6438664119770805 0.3051228082182521 0.54920888125 0.29103491562500006 0.5462311390980997 0.311042572368198 0.6408886698251802 0.32513046496145004
0 0.7144131252822136 0.3166784768571721 0.6595682812499999 0.3067006843750001 0.6551193715927861 0.33115496689282803 0.7099642156249998 0.3411327593750001
0 0.7024831109375002 0.3540645171875002 0.663005025116324 0.3399772159966634 0.6470397203125 0.3847181968750001 0.6865178061336762 0.39880549806583687
0 0.2853000693783566 0.564710392729015 6.938893903907228e-17 0.5533107562499999 -0.004982081695379848 0.6779979123673978 0.2803179876829767 0.689397548846413
0 0.27490263593750014 0.8003277343749999 9.43689570931383e-17 0.7880791437500001 -0.005483790047004766 0.9111552089890953 0.26941884589049525 0.9234037996140951
0 0.8735861681761419 0.5277513541909216 0.623832999430354 0.48707164185213186 0.6052878640667123 0.6009295345362105 0.8550410328125 0.6416092468750002
0 0.7996710643890008 0.6577756577682339 0.6017726453125001 0.626229975 0.5798526699859992 0.763742562544266 0.7777510890625 0.7952882453125
0 0.8244905253377166 0.6627932561867744 0.8122740733844338 0.6608526273359205 0.7661283984375001 0.9513442484375002 0.7783448503907828 0.953284877288354
0 0.7557309958162464 0.7964209352103286 0.5908869296443702 0.7681951747090457 0.588384275 0.7828111765625001 0.7532283411718763 0.811036937063783
0 0.7747754528747501 0.8206537341142773 0.5771203162574159 0.7885248396582815 0.5514587388428032 0.9463934086079048 0.7491138754601374 0.9785223030639008
0 1.0022554726702995 0.8217666873036323 1.0000000000000002 0.7772237781250001 0.9565495806855381 0.7794239315295252 0.9588050533558373 0.8239668407081572
0 1.005693321242396 0.7511542669090697 0.9997534557160781 0.7085486399129324 0.9472837657236821 0.7158637042538627 0.95322363125 0.75846933125
0 1.0037724249330633 0.682530132025599 0.9998844833799387 0.6411683991491037 0.9459374803218752 0.6462393374360047 0.9498254218749999 0.6876010703125
0 1.0060710580013088 0.6154073302378288 1 0.55249566875 0.9412634998111914 0.5581638181996713 0.9473345578125002 0.6210754796875