0 0.20175083297948881 0.3779604332375984 0.04441784179687504 0.338944345703125 0.011648428353014245 0.47108752463840264 0.168981419535628 0.5101036121728761
0 0.7726404174106276 0.47705341358499187 0.7369647541850926 0.4659456041670328 0.73125122544634 0.48429611050391613 0.7669268886718751 0.49540391992187516
0 0.7194880765991178 0.45043970767793623 0.7097130327406505 0.4454653223816086 0.6956011827392646 0.473196176441003 0.7053762265977319 0.47817056173733063
0 0.8272180459645486 0.4969506625678389 0.7540077879814482 0.4345307710641532 0.7366106501461167 0.4549353074773088 0.8098209081292171 0.5173551989809945
0 0.8816807326874354 0.49675852279659116 0.7723819720921508 0.3998653341255788 0.7530778271048761 0.421641055932245 0.8623765877001608 0.5185342446032574
0 0.9184658592204309 0.45606536656938124 0.7940726210398923 0.3627276667411613 0.767687775909641 0.39789133941237986 0.8920810140901796 0.4912290392405998
0 0.7689425300441678 0.3601642563390928 0.7531162045933054 0.3521110604100449 0.7107922707247136 0.43528702653164647 0.726618596175576 0.4433402224606944
0 0.9240564687606017 0.3925300801818898 0.8100580032300833 0.32823817855651993 0.7885695313343425 0.3663402219053743 0.9025679968648609 0.43063212353074415
0 0.9673713216087865 0.3733778407993778 0.9318405290026803 0.3692323125093569 0.9185579050024505 0.4830759834723817 0.9540886976085566 0.4872215117624026
0 0.9329052695909719 0.3344621502739675 0.828643261466192 0.2870489841485565 0.8108091196858448 0.3262664333752701 0.9150711278106246 0.3736795995006811
0 0.9387272478321147 0.279163816645418 0.8449974623847122 0.2499804901942992 0.8324277765769595 0.2903512805452648 0.9261575620243621 0.31953460699638364
0 0.9524821173375877 0.2230592160270398 0.8724893051665311 0.19815297758012804 0.8587769998463411 0.2421935847656802 0.9387698120173977 0.26709982321259196
0 0.8630790277813096 0.18382941495112443 0.8477301853408022 0.17554429080453443 0.7620716560550009 0.3342334361246412 0.7774204984955084 0.3425185602712312
0 0.9569480760051423 0.16531770691007008 0.8902930703928417 0.1520095456063021 0.8843692984345046 0.18167923806916292 0.9510243040468053 0.19498739937293091
0 0.8096837441406252 0.6698682617187502 0.6733481147148159 0.638029975746889 0.6671896308593752 0.6644013945312501 0.8035252602851843 0.6962396805031115