0 0.11049256425851046 0.24146960108204843 0.0880515589947292 0.19029114144436343 -0.02244100526378125 0.29930222786231503 1.850371707708594e-17 0.35048068750000005
0 0.48310887535612085 0.427054349733511 0.3412527766138977 0.3462926033568082 0.3170755163785193 0.4418428722719335 0.4589316151207425 0.5226046186486363
0 0.2344964388020834 0.97277973046875 0.1233750052083334 0.97277973046875 0.1233750052083334 1 0.2344964388020834 1
0 0.12214357421875006 0.97659345703125 0.042859541666666744 0.97659345703125 0.042859541666666744 1 0.12214357421875006 1
0 0.2697354247069241 0.9484666466475093 0.25708069047697896 0.7807170410979025 0.14495223941146151 0.7997492791899158 0.1576069736414066 0.9674988847395226
0 0.15814445503283794 0.9580435491186855 0.1422600344345921 0.8019924555743294 0.06957007614166866 0.8186404338119666 0.08545449673991452 0.9746915273563227
0 0.33503291015625 0.7168563300781251 0.33016487676983275 0.6786176862739411 0.3158585499524702 0.6827155897748145 0.3207265833388875 0.7209542335789985
0 0.14177168872094384 0.7995292123419941 0.1326902216826045 0.7158626340905336 0.06450960169379402 0.7325139080944398 0.07359106873213336 0.8161804863459003
0 0.3432977674436803 0.7817772121510459 0.3253443155711893 0.6407519195213334 0.2486107437159967 0.6627314739908883 0.2665641955884877 0.8037567666206008
0 0.27739010274226034 0.7730718895348618 0.2666221640894443 0.654090180577377 0.1333741972823671 0.6812230346581961 0.14414213593518313 0.800204743615681
0 0.19360871416825418 0.7233895179443932 0.18452729477761043 0.6397234066390641 0.13102512369817942 0.6527898705176776 0.14010654308882317 0.7364559818230066
0 0.8699434921875001 0.7574979453125001 0.8422568534835736 0.6471080871412032 0.8083236741068106 0.6662571766440608 0.8360103128107371 0.7766470348153578
0 0.7850286341145831 0.63166249609375 0.7845050699388517 0.6229365654470906 0.731702430119555 0.6300650353323111 0.7322259942952866 0.6387909659789704
0 0.7802059296875 0.61165713671875 0.7798533675403202 0.6029939753584809 0.725781897134082 0.6079451697387216 0.7261344592812619 0.6166083310989907