0 0.653346291015625 0.21913761523437497 0.5831059287285499 -0.0480999461805159 0.37191454296874993 0.007409314453124996 0.4421549052558251 0.27464687586801584
0 0.7020128005628404 0.4544855425565352 0.6942406430459854 0.34643216937127547 0.5569670625 0.356306103515625 0.5647392200168551 0.46435947670088473
0 0.5746662265625001 0.46364543749999987 0.5445244350072252 0.3399035426188526 0.4606517807314951 0.3603337458640418 0.4907935722867699 0.4840756407451891
0 0.9834905127511174 0.4087365730931397 0.6992187500000001 0.2630652812499999 0.6559410957972694 0.3475199112068149 0.9402128585483868 0.49319120304995473
0 0.4036146504230843 0.5629700546922367 0.3535782038629297 0.46676147916129873 0.1408178990320584 0.5774145011402877 0.190854345592213 0.6736230766712257
0 0.31263900585937504 0.6491541855468752 0.302218884578508 0.629576329666696 0.189039919921875 0.6898147207031251 0.19946004120274205 0.7093925765833043
0 0.74544405078125 0.587739265625 0.738706865234375 0.523639220703125 0.7018007783850186 0.5275182063608768 0.7085379639318936 0.5916182512827517
0 0.792476443359375 0.5494099433593749 0.7862126622996357 0.47529533791463335 0.7481094296874999 0.4785156249999999 0.7543732107472393 0.5526302304447415
0 0.8165669882812499 0.7786161621093751 0.7963554308763973 0.5863160307579258 0.7555644942146943 0.5906033307828485 0.7757760516195469 0.7829034621342978
0 0.9310722887368086 0.7694457559567733 0.9082302190496263 0.47499816138753986 0.861751705450816 0.4786037790463761 0.8845937751379983 0.7730513736156096
0 0.95960659375 0.66342404296875 0.9582773538023691 0.6320193534151057 0.92894196484375 0.6332610078125002 0.9302712047913809 0.6646656973661444
0 0.9509701390522801 0.5648659078676874 0.9499980765419848 0.4957331369519136 0.9135751864275072 0.4962452721596869 0.9145472489378026 0.5653780430754606
0 1.003562726933235 0.6931440592200973 0.9923748663249293 0.5258181302373796 0.957174302734375 0.5281717343750001 0.9683621633426807 0.6954976633577178