0 0.1528256471354167 0.40281237890625005 0.1464945063395486 0.3516548505861473 0.012933503267800628 0.3888455724968211 0.019264644063668707 0.44000310081692384
0 0.9013905117187501 0.15431260546875003 0.9005133368876397 0.10942877076558712 0.8318500871589354 0.11244804860772863 0.8327272619900458 0.15733188331089154
0 0.65211346484375 0.127838548828125 0.6510828976980314 0.10655521761026789 0.5776881514157937 0.114551427422459 0.5787187185615122 0.1358347586403161
0 0.650167914070407 0.0979758291169209 0.6497658728646547 0.07740395054946943 0.573404372620571 0.08076174096436374 0.5738064138263231 0.10133361953181522
0 0.8204326482803478 0.07310907366201566 0.8197835685670155 0.05447848068035352 0.6705962366482522 0.06617309282406524 0.6712453163615844 0.08480368580572738
0 0.9022252903645832 0.09625100390624998 0.9011288161962961 0.04014597255164075 0.8254082391227242 0.043475579954397 0.8265047132910114 0.09958061130900622
0 0.6390562748883187 0.062181949108967766 0.6373217993589374 0.011097750106869815 0.4915988452532701 0.022230233957675725 0.49333332078265135 0.07331443295977368
0 0.8117662424912306 0.04220389784025685 0.810889067476925 -0.0026799093486958164 0.6734997466476832 0.0033614136979896805 0.6743769216619887 0.048245220886942344
0 0.1472967015657171 0.6051586845364134 0.07211126946692988 0.5307836505926071 -0.03930558567782302 0.7842030965295274 0.0358798464209642 0.8585781304733336
0 0.9894562812500002 0.5873887734374998 0.98275793347772 0.47051952273921444 0.9207526935264073 0.4785156250624172 0.9274510412986875 0.5953848757607026
0 0.9196826549479167 0.47851562500000017 0.8159030494791667 0.4785156250000001 0.8159030494791667 0.5385490664062502 0.9196826549479167 0.5385490664062502