0 0.123 0.81728515625 0.09925658519492746 0.5798660881705705 -0.023743414805072534 0.5921668694205705 0 0.8295859375
0 0.27113281250000004 0.80373828125 0.24319252820592158 0.5625822702382208 0.11079938186018642 0.5779213120973379 0.1387396661542649 0.8190773231091171
0 0.42447465439269383 0.7816307768234457 0.39638671875 0.5432109374999999 0.2624913589406175 0.5589849782000242 0.2905792945833114 0.79740481752347
0 0.5735200842655479 0.7656463632568613 0.5405929540678904 0.5220294494833214 0.40630333855234246 0.54017996122646 0.43923046875 0.783796875
0 0.7246916831626317 0.7430060282663049 0.6908437499999999 0.5039023437500001 0.5539098793373681 0.5232869404836952 0.5877578124999999 0.762390625
0 0.8732699389998174 0.7262138664329862 0.8432187500000001 0.4831718750000001 0.7068589672501827 0.5000322273170138 0.73691015625 0.74307421875
0 1.0195375425134976 0.7088688685241341 0.98676953125 0.4618749999999999 0.8527827699865023 0.4796506627258657 0.8855507812499999 0.72664453125
0 0.1409821976828218 0.9038230164376438 0.012628193485642758 0.890854188363427 0.00859912080282109 0.9307303906757831 0.13695312500000012 0.94369921875
0 0.295265625 0.97161328125 0.28069677082697747 0.8789621430453118 0.14953821538459 0.8995860652637627 0.1641070695576125 0.9922372034684509
0 0.45513671875 0.99980078125 0.43132870757011665 0.8575210213429391 0.2982967213421661 0.879781580522024 0.32210473252204946 1.022061340429085
0 0.60097265625 1 0.5810390625 0.8454921875 0.4536784454165735 0.8619234265397109 0.47361203916657335 1.0164312390397108
0 0.7573203125 1 0.732923172192785 0.8211633805029459 0.601068498842555 0.8391511783875988 0.6254656391497699 1.0179877978846528
0 0.9069804687500002 1.0000000000000002 0.8806406250000001 0.805109375 0.7456340055587047 0.8233557799325073 0.7719738493087049 1.0182464049325075
0 0.9788827404868481 0.9868057541378672 0.9552343029868482 0.7967627853878672 0.8969492187500001 0.804015625 0.92059765625 0.99405859375