0 0.0953125 0.93635546875 0.07292995785095485 0.7770740990108342 -0.0005398589698046435 0.7873982271519104 0.0218426831792405 0.9466795968910762
0 0.06855078125000007 0.429625 5.424443834856103e-17 0.429625 7.373641431655245e-17 0.747953125 0.06855078125000008 0.747953125
0 0.23842968749999996 0.7293281250000001 0.19141255104854704 0.40593012669639583 0.11930302918280328 0.41641375135330494 0.1663201656342562 0.7398117496569091
0 0.18587109375000002 0.35817578125 0.13946108294479923 0.023606888103187777 0.06967645823790089 0.0332871221387616 0.11608646904310169 0.3678560152855738
0 0.302 0.30131640625 0.2541199095145624 0.008992666085197845 0.18364766673381003 0.020535407564736523 0.2315277572192476 0.3128591477295387
0 0.46848437500000006 0.28506640625 0.4204773530339028 -0.010380418005344422 0.35548334834528883 0.0001804286668616803 0.40349037031138607 0.2956272529222061
0 0.6363945312499999 0.6825078125000001 0.5918494646180426 0.3516479217196836 0.5246580423747887 0.36069418711577855 0.5692031090067461 0.691554077896095
0 0.39079296875 0.9884570312500001 0.3537352240498432 0.7428323688347931 0.27833247843393394 0.7542084890877414 0.3153902231340907 0.9998331515029484
0 0.5569531250000002 0.9999999999999999 0.5192868042206514 0.7236162084660818 0.44916725717479034 0.7331722874867573 0.48683357795413906 1.0095560790206755
0 0.6796562500000001 1 0.6407317572292731 0.7086740577377538 0.5630060378416384 0.7190591067962414 0.6019305306123655 1.0103850490584876
0 0.8409375 1 0.8005532823053751 0.685025678763306 0.7305585937500001 0.694 0.770942811444625 1.008974321236694
0 0.8016914062500001 0.6561289062500001 0.7535507812500001 0.3273984375 0.6814637906432334 0.33795514918959413 0.7296044156432334 0.6666856179395942
0 0.758125 0.28458203125 0.7093724648599564 0.006262650109418844 0.6330107732468402 0.019638743568900885 0.6817633083868837 0.297958124709482
0 0.5901171875 0.30948828124999994 0.542722228983988 -0.010006176123300167 0.4713060285343547 0.0005879602680137486 0.5187009870503667 0.3200824176413139
0 0.26866015625 0.966921875 0.23657038662298807 0.7548685430399064 0.16228438800818074 0.7661101517429015 0.1943741576351927 0.9781634837029952
0 0.9539569020706279 0.996487070980704 0.9213213410078519 0.676849796556102 0.85232421875 0.6838945312499999 0.884959779812776 1.0035318056746019
0 0.9155078124999999 0.6405078125 0.8750166640567322 0.3180645386581984 0.8092734374999999 0.3263203125 0.8497645859432676 0.6487635863418015
0 0.87256640625 0.27105078125 0.8393681619844707 0.028857847328009306 0.76512109375 0.03903515625000001 0.7983193380155293 0.2812280901719907
0 1 0.0705703125000001 0.9439765625 0.0705703125000001 0.9439765625 0.25259765625000014 1 0.25259765625000014
0 1 0.30429687500000013 0.9767734375 0.30429687500000013 0.9767734375 0.5156914062500002 1 0.5156914062500002