0 0.09947671153846155 0.47433282932692317 0.05729215676527673 0.33297890478046244 -0.01920797798428611 0.3558090040143768 0.022976576788898716 0.49716292856083755
0 0.18821013461538458 0.45184039903846157 0.148013599257185 0.307953398197057 0.06902020592611068 0.33002113683591117 0.10921674128431026 0.47390813767731566
0 0.2792844769158008 0.4236407960285841 0.23925987499999998 0.2814314615384616 0.15939492657209456 0.30390933037396267 0.19941952848789532 0.4461186648640852
0 0.3683368130745019 0.39957481781245446 0.32486922004888513 0.25467416197978027 0.24499331562822937 0.27863549801347964 0.28846090865384616 0.42353615384615384
0 0.4580394730220829 0.37126224173990335 0.4144477788461539 0.2291917980769231 0.33308420245868636 0.25415671018317365 0.37667589663461537 0.39622715384615387
0 0.546730329392147 0.34675456743544253 0.5050683245192308 0.20192267067307693 0.4238114975309299 0.22529681958378822 0.4654735024038461 0.37012871634615385
0 0.633963302829479 0.32213017118663395 0.5902682860576921 0.17516011778846158 0.5105428341897515 0.19886293939028907 0.5542378509615383 0.34583299278846147
0 0.21479987019230767 0.5384615384615384 0.20462655710782943 0.49765861039504955 0.12808979762349318 0.5167413687558409 0.13826311070797137 0.5575442968223299
0 0.31395985096153833 0.5384615384615384 0.2907537880965012 0.46910643168926414 0.21277348254228248 0.4951984666834259 0.23597954540731966 0.5645535734557002
0 0.40731317788461535 0.5384615384615385 0.3805917427884615 0.4473839639423077 0.30492419336066623 0.46958422038955117 0.3316456284568201 0.5606617949087819
0 0.5068708581730769 0.5384615384615385 0.4705651912589487 0.4179744815799401 0.3921535579253065 0.44160180484339634 0.4284592248394347 0.5620888617249948
0 0.5971793326785677 0.5219314081511227 0.5588059495192308 0.39399617067307696 0.47824295993980603 0.4181605410884088 0.516616343099143 0.5460957785664545
0 1.0069178669147034 0.16195665793570357 0.9602515266514995 0.15258313946243662 0.9531899495192306 0.18773941105769237 0.9998562897824345 0.19711292953095932
0 0.9141704471153846 0.4396280625000001 0.8672298981060418 0.43065738882358906 0.8619433668164006 0.45832004717480773 0.9088839158257435 0.4672907208512188
0 0.5371160721153847 0.5384615384615385 0.35688028415585094 0.4378075290329853 0.13067325240384628 0.8428644447115387 0.3109090403633801 0.9435184541400919
0 1.0322165873975577 0.9497419421951979 0.9033231269314268 0.8671182274028607 0.8358162346439801 0.9724293596136622 0.9647096951101111 1.0550530744059994