0 0.4457081530039141 0.07381387766364594 0.43363198830785604 0.03680452944437623 0.06107046421019193 0.1583714994369803 0.07314662890625001 0.19538084765625002
0 0.4561837607827121 0.12530439819917355 0.4442671303499548 0.08826578307130885 0.07151756683286771 0.2081924805752603 0.083434197265625 0.245231095703125
0 0.46625171487917977 0.17406292059703182 0.4545949140625001 0.13765802539062494 0.08263265426144531 0.2567598645592182 0.094289455078125 0.29316475976562506
0 0.4769491660241909 0.22553958924454037 0.4648711777343749 0.18745349023437502 0.09442395116330897 0.3049309263804596 0.10650193945312499 0.34301702539062495
0 0.30545553796536606 0.49890370943935464 0.2929138577115414 0.46155937158449295 0.14009327091805035 0.5128824648795133 0.15263495117187503 0.550226802734375
0 0.4907255557392032 0.4422539515733656 0.478515625 0.40289594921875 0.37922663371392185 0.43369811483288445 0.391436564453125 0.47305611718750007
0 0.49102987704347106 0.49695698948872935 0.478261259674917 0.4572334252649364 0.1530838015924449 0.5617574431940014 0.16585241896099895 0.6014810074177944
0 0.4914315796016847 0.33668233019103777 0.478515625 0.29630669140625 0.11664944188269025 0.4120657811370872 0.129565396484375 0.452441419921875
0 0.49118587325629803 0.3905152416211683 0.478515625 0.35069866015625 0.12854297635307696 0.4620653365038318 0.141213224609375 0.5018819179687501
0 0.48715661969691515 0.2755347179249533 0.4750262519531249 0.236661708984375 0.10341314983433472 0.35262401059067167 0.11554351757812498 0.39149701953125
0 0.879354482421875 0.4562797265625001 0.6813232499999999 0.4562797265625001 0.6813232499999999 0.578125 0.879354482421875 0.578125
0 0.5420678526338981 0.9084132335633199 0.47703075704397513 0.816828564912154 0.21909034570312508 1.0000000000000002 0.28412744129304807 1.091584668651166
0 0.34748788281250004 0.7680717402343751 0.3256914955835956 0.7380772272769115 0.08860425781250003 0.9103635800781251 0.11040064504140445 0.9403580930355886
0 0.27110814136194483 0.6587046838532409 0.25220734645277576 0.6325772015637641 -0.018900794909169127 0.8286986388042732 -5.551115123125783e-17 0.85482612109375
0 1 0.6343134179687501 0.886294947265625 0.63431341796875 0.8862949472656251 1 1 1