0 0.37167189583333343 0.06531706111111121 0.32035597516426356 0.0599787238781446 0.31071586039964455 0.35285437703149175 0.36203178106871436 0.35819271426445837
0 0.41140269518473127 0.017837275765951576 0.3829845596815661 0.015960655741117803 0.375753157519922 0.3620567479255755 0.40417129302308724 0.36393336795040926
0 0.7249607636334213 0.23310062079860586 0.5362477030698967 0.22423108129359978 0.5351622714025812 0.2972202336409851 0.7238753319661059 0.30608977314599123
0 0.006617131770833377 0.7086011296296295 0.0012838155874586772 0.6961997241990475 -0.0034640889182947572 0.7026530463761036 0.0018692272650799424 0.7150544518066856
0 0.040302910544828575 0.6907173961590108 0.012121465979462176 0.6251874545734459 -0.011024332766876437 0.6566468657169418 0.01715711179848996 0.7221768073025066
0 0.08520200752205766 0.6677209341424796 0.04834778287667533 0.58703850868683 0.01777757497455547 0.6311713279957303 0.0546317996199378 0.7118537534513798
0 0.05880911469175302 0.5863310579548777 0.02588004091597361 0.5137963630348109 -0.0044236609664522145 0.5572758446632295 0.0285054128093272 0.6298105395832964
0 0.5954716109375001 0.942630880555556 0.5858066343810151 0.94013495301432 0.58091505 1.0000000000000002 0.590580026556485 1.0024959275412362
0 0.6083914119225242 0.9468455546873109 0.5977086416666667 0.9440242268518519 0.5930364545506167 0.9999362888171289 0.6037192248064742 1.002757616652588
0 0.6206955244791669 0.9510834185185187 0.6106726614857609 0.9485192070458747 0.6065053848958333 1.0000000000000002 0.6165282478892392 1.0025642114726443
0 0.6323755015625001 0.9537393333333339 0.6225507323020641 0.9510795425260897 0.6183638171395834 0.9999587309478304 0.6281885864000195 1.0026185217550745
0 0.6438021703125 0.9562905787037039 0.6339693326925764 0.9537853838737151 0.6302438114583334 1 0.640076649078257 1.0025051948299888
0 0.6544473162862499 0.9586450662654453 0.6468569255208333 0.9565941805555558 0.6431508495618564 0.9999444636896315 0.650741240327273 1.0019953493995213
0 0.6664015827664512 0.9620878694228132 0.6560368331435573 0.9594227342644389 0.6527355083333333 1 0.6631002579562273 1.0026651351583744
0 0.6781969587337836 0.9660152392291349 0.6678637761710742 0.9633207610260303 0.6648375182291668 1.0000000000000002 0.6751707007918762 1.0026944782031049
0 0.6166976195893391 0.5926233824216585 0.6056237374999999 0.48994980833333335 0.5913979402649946 0.4947990382466731 0.6024718223543337 0.5974726123349982
0 0.6344612104166667 0.5868359712962963 0.6231301239583333 0.4847818925925927 0.6085816910351803 0.4898870877583898 0.6199127774935138 0.5919411664620934