0 0.2737540412937255 0.15280952866632344 0.2693837096697055 0.10999380084598581 0.05017605509473 0.11993833077341236 0.05454638671874999 0.16275405859375
0 0.2729979609978135 0.2105302797662998 0.2694183808857403 0.16769238292853406 0.050966806606676816 0.17580529196431757 0.05454638671874999 0.2186431888020833
0 0.2727864204756915 0.2652079583022116 0.26953125 0.22310940494791665 0.0518176439774335 0.23059126565612167 0.055072814453125 0.2726898190104166
0 0.27238520319106074 0.32296237158929664 0.26953125 0.2789371184895833 0.05327066594956427 0.28516786148362006 0.056124619140625 0.3291931145833334
0 0.14539938474918923 0.5620762127398974 0.144813033203125 0.51651382421875 0.05738076564143576 0.517013905749686 0.0579671171875 0.5625762942708334
0 0.2712213891322549 0.5558395365998917 0.26953125 0.5098488919270833 0.19549407961774506 0.511058153504275 0.19718421874999997 0.5570487981770833
0 0.273229981028157 0.6130531335073425 0.2694466731171558 0.5671111377156156 0.05444702412024881 0.5749800927499399 0.05823033203125 0.6209220885416668
0 0.27308392541149756 0.4446983711526584 0.26953124999999994 0.3980067591145833 0.05283515661975241 0.40533475514942485 0.05638783203125 0.4520263671875
0 0.27272923812859906 0.5012798630124916 0.26953125 0.45510948177083327 0.053979486480775905 0.4617451161541751 0.057177474609375 0.5079154973958334
0 0.27151473851417784 0.37899990018063606 0.26953125 0.33410644531250006 0.05361470093894712 0.33834629122561405 0.055598189453125 0.38323974609375
0 0.25057996875000016 0.8811342187500001 0.12318413671875017 0.8811342187500001 0.12318413671875017 0.94926443359375 0.2505799687500002 0.94926443359375
0 0.2505799687500001 0.7883607812500001 0.11581434375000015 0.7883607812500001 0.11581434375000016 0.86663818359375 0.2505799687500001 0.86663818359375
0 0.26847846093750016 0.78546142578125 0.2632139765625001 0.78546142578125 0.2632139765625002 0.94636544921875 0.2684784609375002 0.94636544921875
0 0.21483590709765765 0.6875764855041601 0.1013275561242994 0.6868437046842146 0.10016959242836043 0.7665634947923977 0.2136779434017187 0.7672962756123431
0 0.2684784609375001 0.62890625 0.2274169921875001 0.62890625 0.22741699218750014 0.76081857421875 0.2684784609375001 0.76081857421875
0 0.2168885625000001 0.62890625 0.09581000390625011 0.62890625 0.09581000390625011 0.6738434765625 0.2168885625000001 0.6738434765625
0 0.7260742187500002 0.92607107421875 0.3265991210937502 0.92607107421875 0.3265991210937502 0.9985505078125 0.7260742187500002 0.9985505078125
0 0.9971467890625002 0.69413748046875 0.9086914062500002 0.69413748046875 0.9086914062500002 0.94636544921875 0.9971467890625002 0.94636544921875
0 0.9971467890625002 0.6289062500000001 0.9258121328125002 0.6289062500000001 0.9258121328125002 0.6868896484375 0.9971467890625002 0.6868896484375
0 0.9086914062500002 0.6289062500000001 0.2695312500000001 0.62890625 0.26953125000000017 0.93766775390625 0.9086914062500002 0.93766775390625