0 0.4039923864319186 0.20702313624255095 0.11587012172284644 0.07784903150406505 0.10092056067991294 0.11712999293025457 0.38904282538898505 0.24630409766874042
0 0.40414407452601736 0.2686601035718667 0.10779185205992509 0.13402309654471545 0.09270034315885438 0.17315479628787847 0.3890525656249466 0.30779180331502975
0 0.4037780852700069 0.3263097709794192 0.09861733614232213 0.1896705315040651 0.08396142409328904 0.22822887739456468 0.3891221732209738 0.36486811686991877
0 0.395475697551129 0.38227075505075403 0.09017263764044944 0.24566902439024388 0.07486657679344023 0.2859676931199777 0.38016963670411985 0.42256942378048784
0 0.18157852359729787 0.535283093536076 0.05393479962546818 0.4770630924796748 0.03858062531471302 0.5167188300949589 0.1662243492865427 0.57493883115136
0 0.3557542889162868 0.6112818364274896 0.24684522659176034 0.56334806300813 0.231157451408078 0.605337114640857 0.3400665137326044 0.6532708880602166
0 0.30205870786516864 0.649390243902439 0.04329755617977534 0.5320133983739838 0.027135393654434823 0.5739862445637367 0.2858965453398281 0.6913630900921921
0 0.37607430260036034 0.5009055456299327 0.07004228183520597 0.3627143282520325 0.05368108597641873 0.4053972145326688 0.3597131067415731 0.5435884319105692
0 0.3660368416823123 0.5573980829480545 0.061757045880149866 0.4220866859756098 0.04577731749371775 0.4644178723364985 0.35005711329588024 0.5997292693089431
0 0.38682236821258537 0.4374600838632224 0.08162531835205997 0.2976610365853659 0.06574547073872554 0.33850000455141194 0.3709425205992509 0.4782990518292684
0 0.8316809988834107 0.3559282523928006 0.812583273391554 0.29467652583694476 0.6313916750945264 0.36122738644616526 0.650489400586383 0.4224791130020211
0 0.40362046520677947 0.9257866911079454 0.3894187075371005 0.8084932578619131 0.15034828600780703 0.8425926435523293 0.164550043677486 0.9598860767983617
0 0.3959374589276945 0.7776812212390544 0.3894779506450387 0.7318393740061258 0.28803732771535584 0.7486778028455283 0.29449683599801163 0.7945196500784568
0 0.28628253183520597 0.7441845284552845 0.2738471402325229 0.6412111663410389 0.21533941909329385 0.6495345528966616 0.22777481069597696 0.7525079150109072
0 0.7888258685526394 0.8394787483667392 0.7780436530309247 0.8072918888426724 0.7307208322180482 0.8259665330610748 0.7415030477397629 0.8581533925851416