0 0.2068039192708334 0.30859375000000006 0.12585159895833334 0.14152611718750002 0.09096399326617494 0.17956175169439006 0.17191631357867498 0.3466293845068901
0 0.8041922955729167 0.08180340234375005 0.6347334084074473 -0.011407267776610663 0.6191989893877025 0.05213698152456825 0.7886578765531719 0.14534765164492897
0 0.7185565481770833 0.10648116601562507 0.5952256306967072 0.04252739597664407 0.589946313132318 0.06543428522807376 0.7132772306126941 0.12938805526705477
0 0.6773782122395832 0.11009571875000015 0.6661773713374273 0.03412995818285883 0.3054594557291666 0.153799318359375 0.31666029663132256 0.22976507892651632
0 0.4081778385416667 0.21076491406250006 0.2584881066810269 0.1295954605217983 0.24778484375 0.17400723242187505 0.39747457561063987 0.2551766859625768
0 0.9541785234375001 0.14521636328125015 0.7408176475809708 0.05811287351172728 0.7297683606773804 0.1190098876216173 0.9431292365339097 0.20611337739114016
0 0.8679900833333333 0.17378106640624996 0.8559983289549908 0.09326938383309935 0.4681458593749999 0.22324829687499997 0.48013761375334224 0.3037599794481506
0 0.5755797291666667 0.27129721679687513 0.37881978346783907 0.18524661524544353 0.36843989496535595 0.2386486727313232 0.5651998406641835 0.3246992742827548
0 0.5138466640625 0.04216267382812508 0.4033059729167799 -0.0021538825430071906 0.3997707804078358 0.0176865783221882 0.5103114715535558 0.06200313469332047
0 0.45070369319769527 0.022173482728413726 0.2924514162987357 0.009983987169974744 0.2906487236216735 0.06264248263310543 0.4489010005206329 0.07483197819154441
0 0.40197775390624996 0.07994273046875001 0.3909458468676639 0.004838934047821805 0.23073635435461406 0.057788141714288435 0.24176826139320007 0.13289193813521666
0 0.6123427890625001 1.0943132588596692e-16 0.5053461575520833 9.960384471355837e-17 0.5053461575520833 0.020739937500000093 0.6123427890625001 0.020739937500000104
0 0.1679729445476559 0.8784750793910404 0.1519078164843565 0.78182452975544 0.07989368045354811 0.8087572448268553 0.0959588085168475 0.9054077944624557
0 0.4006171510416667 0.8932609999999999 0.25792375187903804 0.3728882996260713 0.1662820321920012 0.429429513404532 0.3089754313546298 0.9498022137784605