0 0.3491990245508982 0.0018786427556818717 0.287681279530908 -0.004539103688259161 0.254048702994012 0.4489904836647727 0.3155664480140022 0.45540823010871373
0 0.23550198622754492 3.7848512203130334e-17 0.14306886346311612 -0.007175493982397516 0.1383623892215569 0.07811470738636365 0.2307955119859857 0.08529020136876121
0 0.07852109145611488 0.07168342343025548 0.07752044970059879 0.01679715269886364 0.001887560111254593 0.018736936033447827 0.0028882018667706903 0.07362320676483967
0 0.45501777145131006 0.011532276599058876 0.3951936657199239 0.005448819597696563 0.3640696674650442 0.43602379712642386 0.42389377319643035 0.44210725412778623
0 0.36379898359582086 0.7198442425414439 0.3398045562874252 0.6613335788352273 0.23696637691843328 0.7206612602953948 0.260960804226829 0.7791719240016112
0 0.49228840052554496 0.8399791433004691 0.46895555450710796 0.7853430622872075 0.3839367479935391 0.8364207009469659 0.4072695940119761 0.8910567819602274
0 0.7084809323353293 0.4783309595170456 0.702360677046222 0.4482038577765918 0.6056525932138866 0.4758416020947736 0.6117728485029941 0.5059687038352274
0 0.7228855532934133 0.5300603345170455 0.7174893535551291 0.5006514374769551 0.6174991119760479 0.526461825284091 0.6228953117143321 0.5558707223241814
0 0.7269532322346218 0.5819779172842474 0.7215650778443113 0.5528961740056819 0.6271841599413471 0.5774959654076675 0.6325723143316577 0.606577708686233
0 0.7363257077844311 0.6358728323863635 0.7309944850299401 0.6073829183238637 0.6403109202964178 0.631255088746281 0.6456421430509087 0.6597450028087809
0 0.7441106160356034 0.6837937024120007 0.7387621413173652 0.6541255490056819 0.6491537698186126 0.6768511642043198 0.6545022445368508 0.7065193176106385
0 0.7564840952095806 0.7327017485795455 0.7518374569016762 0.7017529530683911 0.6580733946107783 0.7215572379261362 0.6627200329186829 0.7525060334372906
0 0.5151605021968609 0.7874521006064015 0.5103699137724551 0.7564163338068184 0.4711037774438577 0.7649428610413264 0.47589436586826345 0.7959786278409093
0 0.5061065934131735 0.7408691953125 0.5011732065868263 0.7108008977272727 0.46656198783048736 0.7187896849653673 0.47149537465683466 0.7488579825505947
0 0.49102898742514967 0.6905972848011364 0.48812404899557266 0.6597594445989811 0.4665561394147344 0.6626176186046628 0.4694610778443114 0.6934554588068181
0 0.482729440718563 0.6376449545454546 0.47799063882203907 0.609134990722723 0.4647222759477875 0.6122375269443139 0.4694610778443114 0.6407474907670454