0 0.3237425253540238 0.1252489938247587 0.2771434472895632 0.0041087704666954855 0.05433451568553936 0.08981680789193681 0.10093359375 0.21095703125000004
0 0.3770845466374675 0.26644657746112954 0.33039495868675617 0.14161077781457165 0.10322447454928864 0.2265743566034421 0.1499140625 0.35141015625000005
0 0.4330078125 0.4099179687500001 0.38530851558809376 0.283813423591318 0.1607637437375512 0.3687479335174883 0.20846304064945742 0.4948524786761704
0 0.48817026412041264 0.5468411391941485 0.43906336080587915 0.4205765758816099 0.2099296875 0.5096914062499999 0.2590365908145335 0.6359559695625384
0 0.5423828125000001 0.6861171875 0.49044688760615507 0.557942105510312 0.26663671875 0.6486289062500001 0.31857264364384497 0.7768039882396881
0 0.5993593750000001 0.8289492187500002 0.5500094080763119 0.7007183424084951 0.3214609375 0.78867578125 0.3708109044236882 0.9169066575915051
0 0.65475 0.9630859375 0.6050880233942044 0.8373819818846941 0.37336328125000007 0.9289296875000002 0.4230252578557957 1.054633643115306
0 0.16308203124999998 0.022339843750000005 0.14832676002045364 -0.014496253907163699 0.03348553131133018 0.03150518451089137 0.0482408025408765 0.06834128216805507
0 0.019558593750000023 0.1827734375 2.238329052035338e-17 0.1827734375 2.6280872471936608e-17 0.24642578125 0.019558593750000026 0.24642578125
0 0.07723507823144278 0.38179009263702784 0.028356215487550004 0.2585467650645538 -0.04887886274389275 0.289178547427526 2.7755575615628914e-17 0.41242187500000005
0 0.13359712490443004 0.5274637421766541 0.0844042439694443 0.3999405317314368 -0.04500147468498575 0.4498596020547827 0.0041914062500000016 0.5773828125
0 0.18437499999999998 0.6622109375 0.1376082598955303 0.5425817540645783 -0.03200892760446969 0.6088903478145784 0.014757812499999995 0.7285195312500001
0 0.24472789331877295 0.8036985854302172 0.19536557402451085 0.6800875128130945 -0.023241225544262112 0.7673850211328773 0.02612109374999999 0.89099609375
0 0.2960390625 0.9431445312500001 0.24530851316894714 0.8156541819933012 0.019005212476542688 0.9057040628391088 0.06973576180759555 1.0331944120958076
0 0.31656640624999993 0.9999999999999999 0.3010429687499999 0.95870703125 0.19364668943835794 0.9990809612456926 0.20917012693835796 1.0403739299956924