0 0.14338449999999997 0.017583663461538477 0.13018549917758362 -0.033582863735909574 -0.013199000822416346 0.0034048357833211785 2.135044278125301e-18 0.05457136298076923
0 0.5390221231231311 0.7891525091886007 0.43264598365983653 0.7840185598927553 0.4223768459778005 0.9967965129426768 0.5287529854410951 1.0019304622385223
0 0.3141697187500002 0.8438378389423078 0.26644369951923086 0.8225526634615387 0.2321370058982216 0.8994757746183949 0.2798630251289909 0.920760950099164
0 0.6085672180936968 0.5911424731660765 0.5665372716346154 0.5723969759615386 0.5604578275793802 0.5860279138531546 0.6024877740384617 0.6047734110576924
0 0.5917872294363433 0.6272386798809909 0.5497594831730769 0.60849346875 0.5436798715251953 0.6221242768497787 0.5857076177884616 0.6408694879807695
0 0.600400559745824 0.6079260449200887 0.5583708653846156 0.5891834375 0.5522920888939016 0.602814898281757 0.59432178325511 0.6215575057018458
0 0.5923493954625889 0.6821161340058419 0.5316435697115385 0.6521649879807694 0.526198277614334 0.6632016592633889 0.5869041033653846 0.6931528052884617
0 0.567403508772132 0.7349962901689235 0.528846153846154 0.7159745192307694 0.5234001811317144 0.7270135704079999 0.5619575360576923 0.746035341346154
0 0.5587914470836532 0.7543087043481372 0.528846153846154 0.7395342427884619 0.5234008626138009 0.7505709118445747 0.5533461558513002 0.7653453734042501
0 0.5506233528348168 0.771092365956078 0.528846153846154 0.7603488677884616 0.5234001808190295 0.7713879201016145 0.5451773798076923 0.7821314182692307
0 0.5837380132558875 0.7014261652602776 0.528846153846154 0.6743435240384617 0.5233999842763342 0.6853819737930334 0.5782918436860677 0.7124646150148494
0 0.5753638701898516 0.7151632782632016 0.5509594879807692 0.7050412187500001 0.5461649543293794 0.7166008851983372 0.5705693365384616 0.7267229447115386