0 0.2119690932339551 0.29914312317839403 0.17158513242192283 -0.005034442792146152 0.0862648671875 0 0.12664882799953225 0.3041775659705402
0 0.263327841796875 0.6808129986979164 0.22106263867187503 0.3562278645833333 0.13466146216157038 0.36122811175924285 0.17692666528657036 0.6858132458738261
0 0.13988463671875 0.66099891796875 0.10269478710937505 0.37400489973958334 0.01610859339806832 0.37899165101945836 0.05329844300744328 0.6659856692486249
0 0.09470583716820889 0.312593889445863 0.05117169967086168 -0.00009791689096230449 -0.035691351269467604 0.005276928850210296 0.007842786227879608 0.31796873518703567
0 0.8145266295081864 0.4787013605679506 0.7792807419063736 0.47780692479167786 0.767879318023513 0.677487520629573 0.8031252056253257 0.6783819564058455
0 0.740051011311228 0.3511819953828399 0.6887065235843232 0.3496772325028754 0.6685402427418453 0.655499461078369 0.7198847304687501 0.6570042239583335
0 0.7871407297729921 0.3525000461653412 0.7417468146216042 0.35118061281596474 0.7210378997781436 0.667834634947046 0.7664318149295315 0.6691540682964224
0 0.7872780113374179 0.15431762246947472 0.7252590663358517 0.15173341483396172 0.7092831505191194 0.3221375832179475 0.7713020955206856 0.32472179085346053
0 0.8400847189054116 0.1414800711236429 0.7859565318797488 0.14010645889898163 0.7761129703870747 0.3125032089207802 0.8302411574127375 0.31387682114544146
0 0.6796875000000002 0.8206049257812499 0.6130676718750002 0.8206049257812499 0.6130676718750002 0.8933506653645833 0.6796875000000002 0.8933506653645833
0 0.984485708984375 0.9329691015625001 0.8739875301655287 0.9239241213801136 0.8599761152343751 1.0000000000000002 0.9704742940532215 1.0090449801823866
0 0.8681722025029066 0.9234480999118418 0.7576735273437503 0.9144030794270835 0.7419085575753219 0.9999999999166352 0.8524072327344783 1.0090450204013937
0 0.9865910734348594 0.8360638379791147 0.7636562742777392 0.8178152021341778 0.7488986266303518 0.8979427918773908 0.971833425787472 0.9161914277223276
0 0.9997146315519564 0.7007044623258046 0.7884109838904159 0.6834079115153456 0.7643703663156685 0.8139379869749511 0.975674013977209 0.8312345377854101
0 0.7795463320312502 0.6888020833333334 0.6796875000000002 0.6888020833333334 0.6796875000000002 0.89488180859375 0.7795463320312502 0.89488180859375