0 0.6240781317708335 0.08335723240740754 0.5395535403695682 0.07415525986787094 0.5376605606657829 0.1291097333309563 0.6221851520670483 0.13831170587049288
0 0.6061011328125001 0.1550872287037038 0.41973956461182393 0.13777559271205167 0.41816228778669234 0.191439354527788 0.6045238559873685 0.20875099051944015
0 0.5921480645833334 0.22085958240740752 0.4018699680531666 0.20132482896779008 0.40011562628115116 0.2553318241576118 0.5903937228113179 0.2748665775972292
0 0.8527295442708333 0.1770557592592594 0.8459925101349969 0.14920734126643895 0.816141170798998 0.17203109048449516 0.8228782049348342 0.19987950847731561
0 0.6812605819550506 0.7578155821946246 0.61334465 0.7381187425925928 0.6117715680449495 0.7552615289164868 0.6796875 0.7749583685185186
0 0.6813771785782933 0.7345898218269923 0.6159406247414924 0.7152270519369262 0.6141673130208333 0.7341676185185186 0.6796038668576342 0.7535303884085849
0 0.6813167627700634 0.7114852715579504 0.6185388906250001 0.6934308824074075 0.6169096278549367 0.7113356988124204 0.6796875 0.7293900879629632
0 0.6812967332401191 0.6911901056710816 0.6202360484375 0.672715888888889 0.6185687611259172 0.6901323946082302 0.679629445928536 0.708606611390423
0 0.6812916153124016 0.6694747941045311 0.6218706489583334 0.6524497861111112 0.6202665336459319 0.6701444744139876 0.6796875 0.6871694824074076
0 0.680891030454882 0.6509388090315896 0.6233804180820146 0.6335688669823385 0.6220944510416668 0.6470254379629631 0.6796050634145342 0.6643953800122142
0 0.681384212057985 0.6285173177900463 0.6255253171515495 0.6123800277977662 0.6238286050935644 0.6309420303780904 0.6796875 0.6470793203703705
0 0.6813922191063974 0.6071190046795877 0.6279399811075042 0.591481865037488 0.6262352620011069 0.6098987575801228 0.6796875000000001 0.6255358972222224
0 0.4193428067708334 0.7196309861111111 0.4168607690214484 0.6942601348730978 0.35892787760416667 0.712172523148148 0.3614099153535516 0.7375433743861615
0 0.41648483691197835 0.6885748480245152 0.4139208364583334 0.6626048722222221 0.35628896988014996 0.6805879567176866 0.358852970333795 0.7065579325199798
0 0.8918375320804005 0.8484693578962491 0.823847835320224 0.6721258544282784 0.8004790080186787 0.7006016262942976 0.8684687047788553 0.8769451297622682
0 1.0003898197723158 0.5724541298082083 0.9799680772582869 0.5298173143366156 0.9228084600837946 0.6163444433684889 0.9432302025978233 0.6589812588400815
0 1 0.5161427046296299 0.9871966755208333 0.5161427046296299 0.9871966755208333 0.5618053111111113 1 0.5618053111111113