0 0.16900428805498907 0.002632830104029112 0.11652850116239985 0.0025209784896763105 0.11505020529491086 0.6960714413543972 0.16752599218750008 0.69618329296875
0 0.2906214308337406 0.6980358111961857 0.28987693164062506 0.5671599628906249 0.21119564396241303 0.5676075485678 0.21194014315552862 0.6984833968733609
0 0.3907773755171743 0.6810150325100945 0.39022114257812507 0.568017908203125 0.3441205186708727 0.5682448403988354 0.3446767516099219 0.6812419647058049
0 0.07691129687500002 0.6850635390624998 0.07652492812701166 0.011369043455922817 0.025505270187210022 0.011398303604980807 0.025891638935198392 0.6850927992115579
0 0.977937344403452 0.399886449355916 0.9435840879916386 0.23586651812858492 0.38443548577568654 0.35297774455391895 0.4187887421875 0.51699767578125
0 0.3984375000000001 0.8254877578125 0.3179487890625001 0.8254877578125 0.3179487890625001 0.93715662109375 0.3984375000000001 0.93715662109375
0 0.7858047871093752 0.9715940195312501 0.6443084987516132 0.9666468264598626 0.6432391269490436 0.9972322794136113 0.7847354153068056 1.0021794724849988
0 0.5334251601562501 0.889746779296875 0.46372654036894134 0.8873098757935405 0.46315073241949045 0.9037787344432047 0.5328493522067992 0.9062156379465391
0 0.9954480839843752 0.8705666484375001 0.7794534387032449 0.8630147391531995 0.7764098519586998 0.9500653662889096 0.9924044972398302 0.9576172755732102
0 0.7797881816406252 0.8630264433593752 0.5604556525128731 0.8553578299629949 0.5574120656302838 0.9424084575110551 0.7767445947580359 0.9500770709074353
0 0.6963306500847489 0.8195640271021916 0.5201772234900717 0.8031094203612839 0.5126538271154805 0.8836505157445889 0.6888072537101577 0.9001051224854966
0 0.5504725781250001 0.7678520488281251 0.47721311300117975 0.7652906501325525 0.47544455465618235 0.8158738094894821 0.5487040197800026 0.8184352081850547
0 1.0019425558888002 0.7824592572804051 0.7901509843512127 0.7750543022134061 0.787148535128704 0.8609283464909805 0.9989401066662914 0.8683333015579795
0 0.943866836035654 0.7085830395846558 0.8018689975554927 0.7036183093117172 0.7994423574218751 0.773023419921875 0.9414401959020364 0.7779881501948136
0 0.8020809511718751 0.7036257207031251 0.47603486004873996 0.6922260372759653 0.47052350703987583 0.8498580554650538 0.7965695981630109 0.8612577388922136