0 0.12275114056750956 0.518426502445593 0.12104956913461588 0.4374770394623259 -0.0017015714328936747 0.44328260146985793 0 0.5242320644531251
0 0.2920966536933463 0.5151730297598797 0.2907681928257724 0.4328820153911859 0.1471255495490927 0.43809951297505617 0.14845401041666667 0.52039052734375
0 0.2768151271440746 0.6304829473714987 0.27559982463640686 0.5480030485056342 0.148833454002749 0.5522056948841356 0.1500487565104167 0.6346855937500001
0 0.1220208541666667 0.552725896484375 4.5320339454402865e-17 0.552725896484375 4.8720611635417804e-17 0.636021884765625 0.1220208541666667 0.636021884765625
0 1.0013484507204178 0.4793886948061952 0.8323116946752033 0.4702490128552778 0.8301716276041667 0.5593043535156252 0.9992083836493814 0.5684440354665427
0 0.17634694442237694 0.8596477646960348 0.16171936548091215 0.8408649404968996 0.13465608642311863 0.8882863535352401 0.1492836653645834 0.9070691777343753
0 0.18264305729166674 0.9302802109375 0.16774389318968586 0.9105711635785069 0.13962266378547442 0.9584025634947559 0.1545218278874553 0.9781116108537491
0 0.4616528045652509 0.9492937485519092 0.41928224726676694 0.9439920291489294 0.4175625891828319 0.9749143485215814 0.4599331464813159 0.9802160679245612
0 0.41906884440759357 0.9415482801814398 0.37731192602481745 0.9282304590361026 0.37242722265072253 0.9626905148705378 0.4141841410334986 0.976008336015875
0 0.3726070842263905 0.9267719518106952 0.32145866622660446 0.9146330060357183 0.3177491568883087 0.9498012125574786 0.36889757488809477 0.9619401583324555
0 0.3254894117446402 0.9155724993295231 0.3182731943224046 0.9021510229053208 0.2939891561958778 0.9315283812757809 0.30120537361811334 0.9449498576999832
0 0.3511771145833334 0.89725650390625 0.2994791666666667 0.890787673828125 0.2985411971441272 0.9076539344363924 0.35023914506079384 0.9141227645145175
0 0.5483182565104167 0.9205086660156251 0.5318038930130647 0.918442266727276 0.5317257122215874 0.9198480882142259 0.5482400757189393 0.9219144875025751
0 0.32130149609375 0.889272158203125 0.30744203443927726 0.8875379593712996 0.30736387367092255 0.8889434204072764 0.3212233353253953 0.8906776192391017
0 0.5478056549950033 0.9133679549824247 0.46666415234375 0.9032149257812502 0.46642964987156404 0.9074316709349441 0.5475711525228173 0.9175847001361187
0 0.5439581000499096 0.9281425289971724 0.3598231042713364 0.8838827472788986 0.35614623801168815 0.9183008891123489 0.5402812337902614 0.9625606708306227
0 0.385806767328485 0.8647907998584455 0.30684872160426985 0.8549109834181665 0.30497274228408666 0.8886442252381098 0.3839307880083018 0.8985240416783888
0 0.38896054036458344 0.8609393359374999 0.34323990163515644 0.8552184299131003 0.3431617408854167 0.8566238906250001 0.3888823796148437 0.8623447966493998
0 0.41961183652492656 0.8308066732753389 0.3303527779632927 0.8196379184491864 0.328554959503588 0.8519656996361252 0.41781401806522184 0.8631344544622777
0 0.4473026328125001 0.8116262343750001 0.35002201298348096 0.7994537617302447 0.3489276817335885 0.8191316658946668 0.4462083015626077 0.8313041385394222
0 0.41477134244791675 0.803309951171875 0.3531198093030557 0.7955956542201027 0.3530416484375001 0.7970011171875001 0.4146931815823611 0.8047154141392724
0 0.587425754526718 0.8178368209375458 0.5694796416693949 0.8155912716636288 0.56877615484005 0.8282411484240031 0.586722267697373 0.8304866976979202
0 0.4727339599472411 0.7856207074151274 0.35436173138239724 0.7682598628308128 0.3525895021645888 0.7954481209997635 0.47096173072943265 0.812808965584078