0 0.09990638802083333 0.056020625000000046 0.09832756089888879 0.01599742535703195 0.012173080430138797 0.035573387857031916 0.013751907552083336 0.0755965875
0 0.059402583333333335 1.1603025168627148e-17 0.019088364583333333 5.678543694349501e-18 0.019088364583333333 0.008511681250000005 0.059402583333333335 0.00851168125000001
0 0.3007755730246768 0.014450241274682507 0.29941343811204907 -0.024056877997035524 0.11676183676945417 0.013158725137954741 0.11812397168208189 0.05166584440967277
0 0.32187098828125 0.09756834062500008 0.32028739232590664 0.05822728353854338 0.1368153125 0.10076663125 0.13839890845534336 0.1401076883364567
0 0.5365152044270833 0.04972462187500004 0.5350275940923029 0.01172986664299629 0.348593171875 0.05377484375000002 0.3500807822097804 0.09176959898200378
0 0.5523731419270833 0.10915655937500002 0.5506983992047277 0.07047506587783878 0.38787391276041666 0.11108077187500003 0.3895486554827723 0.14976226537216125
0 0.5741184986979166 0.19533177812500005 0.5725821394158593 0.15967002205839903 0.40882059375 0.2003072875 0.41035695303205727 0.235969043566601
0 0.3739660377604166 0.30562288125000003 0.37256004254086056 0.2690851924293006 0.19139880295752731 0.30923935180430057 0.1928047981770833 0.3457770406249999
0 0.13521170182291667 0.20199769062500011 0.13351542788221002 0.1607866451880437 -0.00007176352403997822 0.19245822018804365 0.0016245104166666667 0.23366926562500004
0 0.15699635416666666 0.28765770625000003 0.15551746586345608 0.24949587027124479 -0.0014788883032105977 0.28454023277124474 0 0.32270206875
0 0.17257704427083334 0.3506918875000001 0.17095166795292907 0.3082683024336625 -0.001625376317904298 0.3463531368086625 0 0.38877672187500006
0 0.1957278411458334 0.4333385218750001 0.1943060448068954 0.3953455522322752 0.007186892663758802 0.4356798848488951 0.008608689002696795 0.47367285449161994
0 0.4045322825520834 0.387706603125 0.4029418412105108 0.34836550837046154 0.21485941145833332 0.3921622625 0.21644985279990592 0.4315033572545385
0 0.5779949369578369 0.3490956037920892 0.5760934058994337 0.30701049417939413 0.4225279713541667 0.34697651562499987 0.4244295024125699 0.38906162523769494
0 0.5809262189042644 0.2595819008926643 0.5793372951671845 0.220581609254583 0.3994904934895834 0.26278626874999994 0.4010794172266634 0.3017865603880813
0 0.12116735156250003 0.14112966250000006 0.11949290368341865 0.10052236997297825 0.0049636341521686325 0.1277247293479782 0.006638082031249999 0.16833202187500002
0 0.2119523671875 0.49537811562500006 0.21071981769236778 0.45819016101357013 0.0235742554419829 0.493917781505368 0.024806804937115123 0.531105736116798
0 0.41322125390625003 0.45185261250000003 0.4119022716327419 0.41619578899992105 0.23259387319524183 0.45440072024992106 0.23391285546874996 0.49005754375000005
0 0.5729749141496377 0.4182686458043948 0.5714038736979166 0.37786404062499995 0.43925798798906096 0.4074600141255186 0.4408290284407821 0.44786461930491345
0 0.5656926209631629 0.5114453163297077 0.5640089652059442 0.4722696248323528 0.46087119140625 0.4978011562500001 0.4625548471634688 0.536976847747355
0 0.4337371640625 0.5036763656250002 0.3108563880208333 0.5036763656250002 0.3108563880208333 0.5281250000000002 0.4337371640625 0.5281250000000002
0 0.5794270833333334 0.018066643750000173 0.5695577044270833 0.01806664375000017 0.5695577044270833 0.039823300000000166 0.5794270833333334 0.039823300000000166
0 1.0019309902084057 0.009251418872706585 0.8378023355012701 -0.0038897194264393086 0.8332241143379244 0.3254701455339109 0.99735276904506 0.3386112838330568
0 0.5830275761355862 0.6747603193260339 0.25681967464770217 0.6357848908957289 0.2532191818454494 0.8093602246946953 0.5794270833333334 0.8483356531250003
0 0.7499242396005191 0.7080223668646076 0.7191200326936559 0.7052619987063315 0.7182025611979167 0.764235659375 0.74900676810478 0.7669960275332761
0 0.76681487109375 0.7038346000000002 0.752644530918241 0.7035570828836564 0.7526017447916669 0.7161410031250004 0.7667720849671759 0.7164185202413441
0 0.8060125625 0.7077480781250001 0.7733725042925242 0.7071088499507594 0.7731853112811525 0.7621651637249498 0.8058253694886283 0.7628043918991905
0 0.7943025729166667 0.6493114750000003 0.774564554335054 0.6489249191066044 0.7745324635416669 0.6583632281250001 0.7942704821232797 0.658749784018396