0 0.4998572403846154 0.1483396923076923 0.4929597211538462 0.06338389182692307 0.4260474730102767 0.06881646400836867 0.4329449922410458 0.1537722644891379
0 0.5141302166569489 0.25939783560373014 0.502934201923077 0.17678901923076923 0.34459099488151274 0.19824935430011598 0.3557870096153846 0.2808581706730769
0 0.5242553961444227 0.3633105208600923 0.514232002403846 0.28011463221153843 0.3529915245286542 0.2995407940437538 0.36301491826923077 0.38273668269230765
0 0.844579657234135 0.2692314232491512 0.7582482727100441 0.26804235141344757 0.7524378293269233 0.6899038461538461 0.8387692138510141 0.6910929179895499
0 0.1558391947115386 0.8947269134615384 0.0685092187500001 0.8947269134615384 0.06850921875000011 1 0.1558391947115386 1
0 0.5985576923076924 0.8179988557692308 0.3993355000000002 0.8179988557692308 0.3993355000000002 1 0.5985576923076924 1
0 0.43647516105769246 0.8377373677884615 0.19949841346153857 0.8377373677884615 0.19949841346153857 1 0.43647516105769246 1
0 0.07508426923076934 0.8857198197115385 1.0854427753985726e-16 0.8857198197115385 1.155419203896696e-16 1 0.07508426923076936 1
0 0.5827252932692308 0.8074733725961537 0.5647444113333466 0.6795327522412318 0.4909502451923077 0.6899038461538463 0.5089311271281919 0.8178444665087683
0 0.48345417951910485 0.8092878218856719 0.4632905569428043 0.6658161935990362 0.22762564660461035 0.6989367371049866 0.24778926918091093 0.8424083653916223
0 0.23651718479554565 0.8658396307206205 0.21242953431645206 0.6944470792338001 0.0410369830208417 0.7185347296860208 0.0651246334999353 0.8899272811728414
0 0.055306721818438355 0.8718873402563313 0.03389548114673259 0.7195384055212686 -0.01940389410717364 0.7270291421857389 0.0020073465645321217 0.8793780769208017