0 0.3240981422959488 0.38240634470136436 0.29859233494649867 0.3192908502224889 0.268043408203125 0.33163607617187507 0.2935492155525751 0.3947515706507505
0 0.23173670507812494 0.301274056640625 0.1733109049262811 0.14501605888236999 0.14153806640624997 0.15689611328125003 0.19996386655809384 0.313154111039505
0 0.304881892578125 0.082891109375 0.2702075076498432 -0.0128890777962693 0.23460433007812503 0 0.2692787150064068 0.0957801871712693
0 0.22475346289062503 0.11202747851562503 0.18034211859433322 -0.011918948468932572 0.147077845703125 -6.938893903907228e-18 0.1914891899994168 0.12394642698455759
0 0.17006014257812496 0.13200659765625 0.11937360101673745 -0.013030377143144787 0.08208783593749999 6.938893903907228e-18 0.13277437749888749 0.1450369747993948
0 0.09437182226562503 0.161887736328125 0.03546438975716363 0.004433777692453702 0.0024339759461743664 0.016791275015208173 0.06134140845463577 0.17424523365087946
0 0.1567562713713882 0.3308712649400857 0.0981262149830836 0.17545398362441295 0.063975216796875 0.188337203125 0.12260527318517961 0.34375448444067275
0 0.177661736328125 0.388671875 0.16343761996716083 0.35077190069843645 0.126989826171875 0.36445100390625007 0.14121394253283912 0.4023509782078136
0 0.26557504492187495 0.388671875 0.2398568847128923 0.3206364063610567 0.20604011523437496 0.33341951953125 0.23175827544335761 0.40145498817019326
0 0.036184515625 0.18050467578125004 0 0.079022080078125 -0.03264529368074065 0.09066204780943027 0.0035392219442593534 0.1921446435125553
0 0.097376998046875 0.34986948242187493 0.04112785785472737 0.19737252469462674 0.01004964713787651 0.20883585260350143 0.06629878733002414 0.36133281033074965
0 0.018250035156250045 0.326497017578125 3.998435275082079e-17 0.326497017578125 4.346470555076025e-17 0.3833354921875 0.01825003515625005 0.3833354921875
0 0.30993707635579426 0.4288844046724189 0.28994282213299255 0.42784037823072946 0.2776549897850494 0.663165877663842 0.2976492440078511 0.6642099041055315
0 0.2882467602015506 0.41315446031620595 0.2254828634211438 0.40983150756587405 0.21256597268485775 0.6538056046441654 0.27532986946526455 0.6571285573944973
0 0.22142089560694997 0.3927727057942316 0.1685575965280877 0.3894242985932634 0.15303623686985351 0.6344692493646501 0.2058995359487158 0.6378176565656183
0 0.15992491221573357 0.38871923714057915 0.0203831550676135 0.37950603729341226 0.005273761492611849 0.6083506693293266 0.14481551864073194 0.6175638691764934
0 0.04443890200846272 0.389227942508592 0.02260997106367618 0.38748269257945755 0.016964545617713517 0.45809355475836555 0.03879347656250006 0.4598388046875
0 0.9867148553974103 0.7123640083105989 0.567297012643947 0.6333542106991584 0.5503420302616963 0.7233585183884229 0.9697598730151595 0.8023683159998634