0 0.10555435015664227 0.04599932998484351 0.09757568804674897 0.005488354534988658 0.016914828124481703 0.021374561659520164 0.024893490234375003 0.06188553710937501
0 0.2789911107184978 0.016166720125642443 0.2724495030067054 -0.022546028652543654 0.11202744306945761 0.004561790284313905 0.11856905078125002 0.043274539062500006
0 0.2930665845162793 0.10490010436364401 0.285021164441226 0.06516321047432656 0.12279603109682168 0.09800848892318256 0.130841451171875 0.1377453828125
0 0.4831043147624721 0.06847604756418992 0.4756020392234559 0.029989069218856718 0.30788510336723385 0.06268217009216681 0.31538737890625007 0.10116914843750002
0 0.49259097707034616 0.13211925808101294 0.48393983101835836 0.09337328917872233 0.33717402191676227 0.12614295492583444 0.34582516796875 0.16488892382812503
0 0.505835293569534 0.22446753944554965 0.4979069821688394 0.1887246051771267 0.34892372766180535 0.22177129424720204 0.3568520390625 0.257514228515625
0 0.3270783749816099 0.3274249884681699 0.3200224155741182 0.2903507266885482 0.1541265601237583 0.3219239628297534 0.16118251953125 0.3589982246093751
0 0.12762797182002467 0.20205919486490642 0.11896250118816903 0.16053426315466726 -0.004650855397480634 0.18633004094601083 0.004014615234375005 0.22785497265625
0 0.13993206861882804 0.29416517647889917 0.1324980444674429 0.2554841316426382 -0.007434024151385131 0.2823773653199891 6.938893903907228e-18 0.32105841015625003
0 0.14961622410646136 0.3616563594512072 0.14149331567485618 0.3187165349619397 -0.00812290843160518 0.3470193727763575 1.3877787807814457e-17 0.38995919726562506
0 0.1641574244797859 0.4504397577073274 0.157081828125 0.4117876757812501 -0.0070755963547858985 0.4418381055739227 1.3877787807814457e-17 0.48049018750000005
0 0.3417857812927844 0.4172503746852244 0.33369673576606285 0.37753172492526266 0.16915804627015346 0.4110414478962883 0.177247091796875 0.4507600976562501
0 0.501980980671643 0.3861741114524839 0.4920800989095313 0.3442495698862337 0.35224652448788835 0.3772726068712497 0.36214740624999997 0.4191971484375
0 0.5076455421299283 0.2927805294074485 0.49954860098359033 0.2534388861300365 0.338673484634912 0.2865487473475881 0.34677042578124995 0.325890390625
0 0.11957237166709368 0.1368856121919042 0.11101471745427274 0.09597726871012471 0.004087720787179068 0.11834542604947051 0.012645375 0.15925376953125
0 0.1701261197009722 0.5177727028803455 0.164256880859375 0.47956819140625007 0.0031158531517465615 0.5043237802700883 0.008985091993343727 0.5425282917441838
0 0.3487246194682797 0.48487685333299063 0.342184767578125 0.44856348242187494 0.18050075748484523 0.47768194354200916 0.18704060937499994 0.5139953144531249
0 0.49287655055053986 0.4592701995869646 0.48496883984375005 0.41831389843750005 0.36299905687133516 0.44186343127241046 0.370906767578125 0.482819732421875
0 0.4723313730468751 0.518776263671875 0.3818993281250001 0.518776263671875 0.3818993281250001 0.55859375 0.4723313730468751 0.55859375
0 0.356390662109375 0.55859375 0.3561110625 0.5416430253906251 0.25065989818175366 0.5433824262145409 0.2509394977911286 0.5603331508239158
0 0.6955346590243496 0.3552880478534288 0.695146636181485 0.3387266339524831 0.6555855552821354 0.3396535235990543 0.655973578125 0.35621493750000005
0 0.7813030625 0.3818175800781251 0.6491662845262066 0.37866491626131266 0.6489182914069632 0.3890589873201241 0.7810550693807566 0.39221165113693657
0 1 0.9457978671875001 0.6561207578125002 0.9457978671875 0.6561207578125002 1 1 1