0 0.17207594921875 0.21837857226562496 0.1484511072410511 -0.007157404743918794 0.08012251171875001 -1.734723475976807e-18 0.10374735369644891 0.22553597700954375
0 0.203312544921875 0.5113097421874999 0.17809455247374287 0.2641720525523019 0.10880359375 0.27124251953125 0.13402158619813212 0.518380209166448
0 0.10424740429687498 0.49308103320312496 0.08213394091845642 0.27493988849117756 0.012688732421874998 0.28197970703124997 0.03480219580029356 0.5001208517431974
0 0.07731758203125003 0.22781919921875 0.05184596556116078 -0.00040644850816271266 -0.017727142392326353 0.007358408509764668 0.0077444740777629015 0.23558405623667739
0 0.8419017832313997 0.24869618059286003 0.8184068765291357 0.23189714762124647 0.7820994839227359 0.2826761896846365 0.8055943906249999 0.29947522265625004
0 0.8574660390625 0.3182367363281252 0.8334845790761667 0.30055050933784666 0.7956320322623176 0.3518762860168464 0.8196134922486509 0.36956251300712495
0 0.2533542060119408 0.7613802073952936 0.09495771246547655 0.7278978184405583 0.07690804667565854 0.8132861034478746 0.23530454022212283 0.8467684924026098
0 0.23546533301018469 0.9019990606809286 0.18203786948146916 0.8901708414302184 0.1577229707031251 1.0000000000000002 0.21115043423184063 1.0118282192507102
0 0.14310135423654802 0.874601297894175 8.326672684688674e-17 0.847329369140625 -0.019266746717010563 0.9484259058708298 0.12383460751953737 0.9756978346243798
0 0.7521674305409735 0.6783690838815344 0.5599341011614616 0.6500604058560052 0.5129547538294036 0.9690790594848925 0.7051880832089155 0.9973877375104216
0 0.8701367095909674 0.6952909105951217 0.7601793398437501 0.6778753730468752 0.7094603109502824 0.9981026986639544 0.8194176806974998 1.015518236212201