0 0.5528018169925623 0.14875133524855316 0.50942978515625 0.14552674023437503 0.39533088644360515 0.529195157949948 0.43870291827991736 0.5324197529641261
0 0.49879076216796814 0.1366225367962619 0.4554433124999999 0.13335404492187503 0.3360535717637488 0.5291972178842692 0.379401021431717 0.5324657097586561
0 0.44440339264519363 0.12565836890725274 0.4018446280801767 0.12249856076585129 0.2811599100868714 0.5288675766861143 0.32371867465188836 0.5320273848275157
0 0.3898180145693823 0.11539274027701218 0.3453448300501693 0.11209336581253634 0.22335956157453712 0.5231616919417742 0.26783274609375013 0.52646106640625
0 0.16513656440179297 0.0682553243913404 0.12116458984375002 0.06492560546875001 0.06923718950445713 0.23636277326490968 0.11320916406250008 0.23969249218750005
0 0.08640686806597762 0.3334103285221278 0.04002831668421401 0.3300293306010764 -0.002051539663013524 0.4743360430945736 0.04432701171875009 0.477717041015625
0 0.1111249404909663 0.05621412490723887 0.06464654296875001 0.0527152421875 -0.046478397522216205 0.4217551309521361 8.326672684688674e-17 0.42525401367187504
0 0.2759849333907306 0.08953846081995216 0.22877368243956647 0.08600151160717788 0.10514748342383595 0.4985425996153507 0.1523587343750001 0.502079548828125
0 0.21839233344437758 0.07857352099322468 0.1717406823341856 0.07513510950146196 0.05055148170230811 0.4862025689769872 0.09720313281250009 0.48964098046874993
0 0.33978998348299577 0.10284086572515062 0.29446078588686236 0.09939287462469512 0.16875245474761674 0.5125506827276696 0.21408165234375015 0.5159986738281251
0 0.6289062500000002 0.9044291875 0.07584987109375023 0.9044291875 0.07584987109375024 1 0.6289062500000002 1
0 0.8661405274376537 0.6524599514992417 0.6532938287019574 0.6321668440773485 0.5170808466309149 0.9893384067662554 0.7299275453666112 1.0096315141881487