0 0.19968482187500003 0.4302347875 0.176255391405096 0.20599775231894743 0.02847315907810773 0.22143879458119792 0.05190258954801179 0.4456758297622504
0 0.10588550781249999 9.41938405886517e-18 0.023450882812500008 4.371719076607052e-18 0.02345088281250001 0.10119402343749999 0.10588550781249999 0.10119402343749999
0 0.169188675 0.103116165625 0.16304517147460967 -0.003458106332338575 0.103055759375 0 0.10919926290039032 0.10657427195733857
0 1.0048260565571816 0.1652870613658976 0.7983113128174286 0.08985305185286896 0.7093760203124999 0.33333008906250006 0.9158907640522529 0.40876409857552864
0 0.4687500000000001 0.533963234375 0.3544667984375001 0.533963234375 0.3544667984375001 0.7415552453125 0.46875000000000017 0.7415552453125
0 0.39754587565221794 0.48351102708336224 0.22719313516923476 0.43644729472389254 0.17986086889201688 0.6077720254530303 0.35021360937500007 0.6548357578125
0 0.21143687656250004 0.4390625 0.05381159519196643 0.4086524709612873 0.03163741053012349 0.5235886353442832 0.18926269190065712 0.5539986643829959
0 0.9051393562499997 0.819282828125 0.8712564516990359 0.7655365156404754 0.7413747606989266 0.847416903999056 0.7752576652498905 0.9011632164835806
0 0.8338300499999999 0.7106605312500002 0.7878418073653624 0.6414696555623673 0.6572894609375 0.7282422671875002 0.7032777035721376 0.797433142875133
0 0.7389973890625 0.572088009375 0.6976845117603632 0.5154040269305282 0.578077953125 0.6025766437499999 0.6193908304271367 0.6592606261944717
0 0.666946803125 0.4666765640625001 0.6198157052371309 0.399876883470328 0.4996066953124999 0.4846914000000001 0.546737793200369 0.5514910805921722
0 1 0.6113822312500001 0.8998930703125 0.6113822312500001 0.8998930703125 0.8349638140625 1 0.8349638140625
0 0.9757719 0.9015384562500002 0.9684915332246662 0.8908382496449164 0.9289032703124999 0.9177739046875001 0.9361836370878335 0.9284741112925838