0 0.258450220703125 0.36563127734375 0.24585033702273135 0.3101765794503682 0.010447776475856346 0.3636624876534932 0.02304766015625001 0.419117185546875
0 0.5504059818174633 0.30268066055441806 0.5378808242144822 0.24643448278658692 0.290197494140625 0.30158974609375006 0.302722651743606 0.3578359238615812
0 0.54698193349815 0.38571210316966864 0.5345008688023183 0.32933207838044926 0.31544894921875 0.377824451171875 0.32793001391458176 0.43420447596109435
0 0.28110396186606096 0.4484966025985914 0.27934109811627367 0.3879115902457807 0.024597238565833228 0.39532396334009007 0.026360102315620526 0.4559089756929008
0 0.8047699774745016 0.36196630691582854 0.7836809538680671 0.26463815206548746 0.6167291870686065 0.30081319058937284 0.637818210675041 0.39814134543971397
0 0.35764821106196165 0.7998111183716732 0.3495907401557979 0.7231494074555136 0.3040078386326483 0.7279403637027982 0.31206530953881206 0.8046020746189578
0 0.308357583984375 0.8091807343749998 0.30661551120909747 0.7926060174264099 0.28589565625 0.79478376171875 0.28763772902527757 0.8113584786673399
0 0.27684330681514957 0.8083040563479917 0.26922150942313744 0.7357874817730186 0.22156798046874998 0.7407960683593751 0.22918977786076217 0.8133126429343482
0 0.2849007780554052 0.8849657655502022 0.28359417185365976 0.8725342419844614 0.2545879296875 0.8755829218750002 0.2558945358892454 0.888014445440741
0 0.663401734375 0.9999999999999999 0.661870173828125 0.9825879121093749 0.6193787574382676 0.986325440735025 0.6209103179851427 1.00373752862565
0 0.6639583653640039 0.969345888944573 0.6545966738734434 0.8948045821321342 0.5511015428844396 0.9078026033438111 0.560463234375 0.9823439101562499