0 0.20293729148658182 0.07849186777570274 0.1940678065236779 -0.0113793176528374 0.0772946025370961 0.00014515675895985513 0.08616408749999999 0.09001634218749999
0 0.2200656557623784 0.1694351512767944 0.20270611914918818 0.07863347402585989 0.07669313994930976 0.10272473524906549 0.0940526765625 0.1935264125
0 0.23083309627870224 0.2763965495754072 0.21302586250000002 0.18461130312500001 0.08957004747129774 0.2085629363620928 0.10737728124999998 0.3003481828125
0 0.2438514181476597 0.37654729375233364 0.22380210109867874 0.2849750259211541 0.097102057951019 0.3127154040438204 0.11715137499999999 0.40428767187500003
0 0.25397389066096 0.48139852610550654 0.23271301041236656 0.3882190453858391 0.10889358693890656 0.4164710802178327 0.13015446718749998 0.5096505609375
0 0.26212369223927856 0.5887060887437917 0.2432357121224788 0.4953927553854761 0.11907928550820024 0.5205238275791845 0.137967265625 0.6138371609375001
0 0.2678002471071683 0.6938042433891626 0.2554953734375 0.6005101015625001 0.13615714842119436 0.6162500157096971 0.1484620220908627 0.7095441575363596
0 0.04469360871401072 0.09744169920688568 0.041167040625000005 0.054899884375000006 0.03063775066098929 0.055772725793114354 0.03416431875 0.09831454062500003
0 0.056545670036419214 0.2072222061245314 0.0464707765625 0.11224808749999997 0.005827344026080784 0.11655955950046852 0.0159022375 0.21153367812499999
0 0.06759311597969875 0.3179244395046647 0.057584926562500006 0.21720287343749994 -0.010008189417198754 0.2239192573703352 0 0.32464082343749995
0 0.07711446059695208 0.4189278647110644 0.06713364687500001 0.3231838390625 -0.009980813721952086 0.3312226181014356 -5.551115123125783e-18 0.42696664375
0 0.08873639817911816 0.5288634426663891 0.07956421250000001 0.42497314687500004 -0.009172185679118155 0.4328074370211111 5.551115123125783e-18 0.5366977328125001
0 0.09946617232641468 0.628148619720902 0.08846719375 0.5280410703125 -0.009840136783477737 0.5388422559256949 0.0011588417929369488 0.638949805334097
0 0.10211246874999999 0.6621450171875 0.09925797031250001 0.6315363625 0.04313602778803126 0.6367701762327866 0.04599052622553126 0.6673788309202866
0 1.0219415331659298 0.354328926484028 0.8468150203124999 0.3126903375000001 0.8248734871465702 0.4049735844534723 1.0000000000000002 0.4466121734375002
0 0.1307009048015288 0.799547384078869 0.0689272633594212 0.7693059832744819 -0.03550117326247313 0.9826203347480724 0.026272468179634467 1.0128617355524594
0 0.8822636076445471 0.9244514660655663 0.8331741506792945 0.915017070604071 0.8168414671875002 1.0000000000000004 0.8659309241527529 1.0094343954614957
0 0.8059091209296934 0.908050302700795 0.7530317108335841 0.8972269946182422 0.7319954328125002 1 0.7848728429086094 1.0108233080825528