0 0.19059239364695216 0.43822122251653434 0.17497612187499997 0.384879259375 0.01597746416554784 0.4314273446709658 0.03159373593750001 0.4847693078125001
0 0.87051998125 0.2291780625000001 0.766239434375 0.21349574218750006 0.7555838792555526 0.2843505068505454 0.8598644261305525 0.3000328271630454
0 0.8164327312499999 0.30735754375000013 0.7571312201748986 0.2988193884776618 0.7511459140625 0.34039015937500017 0.8104474251376013 0.3489283146473385
0 0.7317936011066173 0.8891430636459516 0.650476696584156 0.8760128356987705 0.63332398125 0.9822414343749999 0.7146408857724613 0.995371662322181
0 0.6921873857891822 0.891820803018395 0.5131301055288141 0.7345351164119794 0.4308302478106173 0.8282269774248079 0.6098875280709853 0.9855126640312235
0 0.9836086085155109 0.9608831920433805 0.8153304659264716 0.6848956252999734 0.757816491787355 0.7199636714994706 0.9260946343763944 0.9959512382428777
0 0.8070688148829669 0.8090351481460616 0.6729610398925966 0.602894524707863 0.5427639773737922 0.6875961137176277 0.6768717523641625 0.8937367371558265
0 0.6603181609375002 0.5867386375000001 0.5373975659617203 0.5668906677216676 0.5017095599201145 0.7879102976952274 0.6246301548958942 0.8077582674735598
0 1 0.5493559062500002 0.9007176687499999 0.5493559062500002 0.9007176687499999 0.6965514609375002 1 0.6965514609375002
0 0.9577459953125 0.5472973390625001 0.8099769976979676 0.5243402445620294 0.797850518458558 0.602395317331115 0.9456195160730904 0.6253524118315855
0 0.8044205234375001 0.5234770015625001 0.7817051359375002 0.5199479859375 0.7808389527881909 0.525523389385177 0.8035543402881908 0.529052405010177
0 1.0215510895686806 0.749931753107373 0.8142836850539996 0.45908872793618566 0.7071197508379651 0.5354584139187393 0.9143871553526459 0.8263014390899265
0 0.8419253714915808 0.7172542319945785 0.6981889401189966 0.4801051130976254 0.6306685603045934 0.5210293150705658 0.7744049916771776 0.7581784339675189
0 0.6563328602879065 0.5272998250420434 0.5466499992389157 0.5095893501916516 0.5381786656250002 0.5620532234375001 0.6478615266739911 0.5797636982878919