0 0.4893768794744561 0.46898120810550525 0.14241526367187501 0.33573733984375004 0.11939875919741903 0.39567138173824484 0.4663603750000001 0.5289152500000001
0 0.5199063455194819 0.5630479139313181 0.10354231394406382 0.4045293527918211 0.09091669017937651 0.4376917507724183 0.5072807217547947 0.5962103119119153
0 0.7029568414035579 0.25132631300463537 0.689133091796875 0.23576705859374994 0.6167472367214422 0.3000788764484895 0.6305709863281249 0.315638130859375
0 0.2737740687400242 0.7917490222275729 0.2737701761073371 0.7817570607635187 0.23740060895697526 0.7817712294896906 0.23740450158966234 0.7917631909537448
0 0.2731686290851307 0.7713951577002089 0.27316595602730714 0.7643636081718145 0.2414898878118328 0.7643756498934323 0.24149256086965637 0.7714071994218268
0 0.33771823386949157 0.7972542614217178 0.33767910302352944 0.7572774668857142 0.28488673557660493 0.7573291421143692 0.28492586642256706 0.7973059366503729
0 0.44798144216166824 0.7857583307861314 0.4479704848215453 0.7576320506634672 0.35351980152921214 0.7576688464379944 0.3535307588693351 0.7857951265606586
0 0.27489389769959005 0.7388271356668835 0.27489079671652483 0.7310552881061892 0.24086778434764086 0.73106886335768 0.24087088533070608 0.7388407109183742
0 0.2738979645273471 0.7001378785463171 0.23514333076191757 0.6995102806889141 0.2348324053561922 0.7187101553938973 0.27358703912162174 0.7193377532513003
0 0.44676688394341935 0.7443096823160352 0.4467565034154305 0.7176640099223982 0.35465636349500756 0.717699889973241 0.3546667440229964 0.744345562366878
0 0.33707688950649384 0.7439834846261955 0.3370579828196861 0.6966129605947007 0.28483363866740385 0.6966338045549232 0.2848525453542116 0.744004328586418