0 0.5806583500000001 0.1297945328125001 0.5448974815860474 0.10972645807546588 0.3823539417312099 0.39937547605325885 0.4181148101451626 0.41944355079029305
0 0.5255090906250002 0.11910428125000014 0.489920718997735 0.09891663525486835 0.31947852640098706 0.3993855503805704 0.3550668980282522 0.41957319637570223
0 0.4710125953125 0.10731330468750008 0.4359078946748226 0.08763399824354778 0.262610915625 0.39676778749999997 0.2977156162626775 0.4164470939439523
0 0.41608026406250015 0.09625765312500016 0.37938790245498133 0.07570054341860803 0.2056892171875 0.3857351281250001 0.24238157879501881 0.4062922378313923
0 0.18925276875000002 0.04919361875000003 0.1531987614755895 0.02867500319834269 0.07857409833373133 0.1598007188195251 0.11462810560814185 0.18031933437118244
0 0.08064207500000006 0.2431053453125001 0.0428769591803899 0.22222733488470997 -0.017045599204156603 0.3306180441156797 0.02071951661545357 0.35149605454346977
0 0.13562417343750013 0.03593460156250009 0.0974463312134905 0.014305011871412854 -0.03817784222400957 0.2536918134339128 4.4408920985006264e-17 0.27532140312500003
0 0.30155641875 0.07060549062500004 0.26271965047538115 0.04868368778996849 0.08723120312499999 0.35957984062500004 0.1260679713996188 0.38150164346003157
0 0.24323616718750007 0.0595670718750001 0.20467138937844362 0.03806845154889303 0.03229852343750004 0.3472753296875 0.07086330124655649 0.3687739500136071
0 0.3651617859375 0.08526857031250007 0.3280466099845064 0.06407284982742599 0.1511166109375 0.37388954375 0.18823178689049358 0.39508526423507406
0 1.0047016895988228 0.06308471905043764 0.9089700453940333 0.04789554359079553 0.9040520286697795 0.07889194813496672 0.999783672874569 0.09408112359460882
0 1.0047864064558165 0.12024014133275525 0.8969164880577505 0.10286385385991814 0.8917714914191486 0.13480337882645052 0.9996414098172146 0.15217966629928764
0 1.002575731624144 0.167421286205029 0.8890478771388317 0.15724234372671925 0.8860352647955351 0.19084263338934843 0.9995631192808473 0.2010215758676582
0 1.029347520549418 0.14367376562647932 0.9953673000000001 0.1358975500000001 0.945300032656681 0.35467965023388126 0.9792802532060991 0.3624558658603605
0 1.004774721235371 0.29114582529569855 0.8711020140624999 0.2696231671875001 0.865258412546568 0.3059165483464267 0.9989311197194392 0.3274392064546251
0 1.0088633259668418 0.25339560363748304 0.9788692695368001 0.24647609127507236 0.9436008761856145 0.399354231376239 0.9735949326156563 0.4062737437386496
0 1.0005264827401066 0.30405291329276574 0.9699808242973822 0.2993263663766853 0.954471870559297 0.39955412505519494 0.9850175290020214 0.4042806719712754
0 0.35838686656983654 0.6366531030515118 0.041175825487451655 0.6204046423843399 0.021731860937500114 1 0.338942902019885 1.016248460667172
0 0.7486059694871383 0.9585067538791922 0.7055889390625001 0.9387472468750001 0.7000666202869236 0.9507694979733262 0.7430836507115619 0.9705290049775179
0 0.7023848245979233 0.9372754637237299 0.6593677937499999 0.917515959375 0.6538454754020766 0.92953821127627 0.6968625062499999 0.949297715625
0 0.7610213054757234 0.901122791023462 0.66856795625 0.8586551421875 0.6492403117117765 0.9007320058515382 0.7416936609375 0.9431996546875
0 0.6647009671875002 0.8404203953125 0.6500000000000001 0.8404203953125 0.6500000000000001 0.9037702312499999 0.6647009671875002 0.9037702312499999
0 0.7869034017599266 0.7716783461848153 0.7288737962735683 0.7626081045934943 0.7118623515250821 0.8714439517502234 0.7698919570114404 0.8805141933415446
0 0.7324074720215289 0.7057572487333605 0.6561903382579242 0.6955916642400986 0.639762095055814 0.8187634907559473 0.7159792288194188 0.8289290752492093
0 0.8167826616613286 0.7761028753894621 0.7398455368117023 0.710889229573811 0.7216354222279923 0.7323729825787175 0.7985725470776186 0.7975866283943687
0 0.772148112289131 0.45858038672778845 0.6961567125 0.4467026500000001 0.658474592398369 0.6877853679597119 0.7344659921875001 0.6996631046875003
0 0.6925612825191385 0.4425389465038414 0.6842713140625001 0.4412431937500001 0.6548889581058617 0.6292256644336588 0.6631789265625001 0.6305214171875001