0 0.5634328237321214 0.02926689983091746 0.4590233078565536 0.02264460349388596 0.4287740711289476 0.49956499509184527 0.5331835870045154 0.5061872914288768
0 0.8752060163233049 0.16393047531996086 0.8207375916732959 0.08992063797357204 0.7084843227458243 0.17253477333069453 0.7629527473958335 0.24654461067708333
0 0.9344298294270835 0.3540591861979168 0.9043494559731752 0.3508736390523484 0.8997747500000001 0.3940715130208335 0.9298551234539083 0.3972570601664019
0 0.744943067562172 0.30097536112891293 0.6683130093652275 0.19934984753547366 0.6114301826884722 0.2422419733857274 0.6880602408854166 0.3438674869791667
0 0.5767662032339663 0.6778511720350079 0.5494791666666666 0.62708104296875 0.3296780621085487 0.7452158771304451 0.3569650986758484 0.7959860061967031
0 0.6917790585459896 0.6783192551917013 0.675252736979167 0.6783188893229167 0.6752501042144275 0.7972410781416323 0.6917764257812502 0.7972414440104169
0 0.7220929453125001 0.7981971302083335 0.7190179635416668 0.6767757981770836 0.7017440989201013 0.6772132568833468 0.7048190806909346 0.7986345889145968
0 0.7524957505745827 0.6797391779345886 0.734529074133282 0.6795322677044933 0.7331627682291667 0.7981729752604166 0.7511294446704676 0.7983798854905121
0 0.7823792408854168 0.7972992122395834 0.7789695963541668 0.6786035026041669 0.7596637405855367 0.6791580812468557 0.7630733851167867 0.7978537908822724
0 0.8116796901041665 0.8008968554687499 0.8092861192355163 0.679559189380618 0.7898720918917664 0.6799421607347845 0.7922656627604167 0.8012798268229164
0 0.8390124933746802 0.7987119694621843 0.8381531651751962 0.6806180732971202 0.8221411848213491 0.6807345869078524 0.8230005130208332 0.7988284830729165
0 0.8685782431899018 0.8008107621990388 0.8666794544270834 0.6796894166666666 0.8505695055080148 0.6799419682697111 0.8524682942708334 0.8010633138020834
0 0.8983624198202694 0.8004765487146006 0.8982751197916664 0.6814938411458331 0.8815020333047302 0.6815061478999823 0.8815893333333332 0.8004888554687498
0 0.9306358567708335 0.6827005260416668 0.9124812230354675 0.6822164777309042 0.9093899890808181 0.7981557734358614 0.9275446228161841 0.7986398217466238
0 0.88469653515625 0.5000000000000001 0.8349697503206279 0.49919491847443487 0.8327756263020833 0.6347175078125001 0.8825024111377054 0.6355225893380654
0 0.9587157994791666 0.5000000000000001 0.9113762135416668 0.5000000000000001 0.9113762135416668 0.6367599817708335 0.9587157994791666 0.6367599817708335