0 0.4127442264789954 0.07452468782373509 0.15427455427297151 -0.04650751070589215 -0.10185243661773971 0.5004631316759544 0.15661723558828414 0.6214953302055817
0 0.8077288957465045 0.3728494189006985 0.772959301712894 0.3221526748939729 0.6507566028413894 0.4059635450557746 0.6855261968749999 0.45666028906250017
0 0.7377949373037863 0.27271822441597526 0.6939610625 0.20544130000000008 0.5676924189462136 0.2877108740215248 0.61152629375 0.35498779843749995
0 0.6434948734374999 0.14781078125000002 0.6071190796874998 0.0907166718750001 0.4846993773270533 0.1687127014610208 0.5210751710770534 0.22580681083602072
0 0.5704375296875 0.0454864046875 0.5293045718802145 -0.021576385560449517 0.40669090469271457 0.05362869881455046 0.44782386250000006 0.12069148906249998
0 0.6733984866074668 0.443207346453907 0.4615941814446763 0.4419944468584511 0.4609761984934588 0.5499105926593602 0.6727805036562493 0.5511234922548162
0 0.7746567623180891 0.5233032602956542 0.7679434140624999 0.5127560921875002 0.7286195220569107 0.537786031891846 0.7353328703124999 0.5483332000000001
0 0.3500000000000001 0.8198906593749999 0.32700162343750006 0.8198906593749999 0.32700162343750006 0.9236395390624998 0.3500000000000001 0.9236395390624998
0 0.34024267319346435 0.781881636880813 0.20074650399062718 0.7567988687287064 0.17801938037890291 0.8831942753923292 0.31751554958174005 0.9082770435444358
0 0.20274572110446867 0.7223010436555442 0.06348285548696764 0.6944976648927428 0.038821610471372 0.818022063846804 0.178084476088873 0.8458254426096055
0 0.05587683946096387 0.6825211731255931 0.02418758889146271 0.676481711336977 0.005347362095484143 0.7753369882838973 0.0370366126649853 0.7813764500725134
0 0.3636880174234652 0.6473796005592602 0.28798345156250005 0.6353891734375 0.27429543410659074 0.721811901208085 0.3499999999675558 0.7338023283298453
0 0.2818107937500001 0.6344115218749999 0.10433544627540181 0.6063021868276537 0.09480270493506826 0.6664895437648248 0.2722780524096665 0.6945988788121712
0 0.933848353610237 0.6791377902353114 0.9262460216137443 0.59957816690381 0.6890572399286418 0.6222427772765922 0.6966595719251346 0.7018024006080935
0 1.0045436950054083 0.8397588752392808 1 0.7599654265624999 0.8150614632775378 0.7704964202662208 0.819605158282946 0.8502898689430017
0 0.7912943703125002 0.9764620703125001 0.5592308687500002 0.9764620703125001 0.5592308687500002 1 0.7912943703125002 1
0 0.6122868724867675 0.9739831595089082 0.5989513129962056 0.7377663951530542 0.5109876139918527 0.7427323642039013 0.5243231734824145 0.9789491285597555