0 0.8457939952696872 0.2588564158308796 0.7515892658803469 0.024119337908828743 0.5792311026599983 0.09329014921801823 0.6734358320493387 0.32802722714006904
0 0.20454374778087697 0.9477121602693911 0.14630507372730586 0.9442588427858617 0.14304239157897733 0.9992825361135607 0.20128106563254847 1.00273585359709
0 0.26354403903962825 0.9588536318503623 0.23442470156250014 0.9571269718749997 0.23188250287550544 0.999999999892556 0.2610018403526335 1.0017266598679186
0 0.22752691588694565 0.9502495946893512 0.20678264199716306 0.9490195434324669 0.20375970781250013 1.0000000000000002 0.22450398170228275 1.0012300512568846
0 0.290063897767356 0.7785461476697935 0.2184787826948833 0.7743014400703261 0.20937921577223859 0.9277616089990213 0.2809643308447113 0.9320063165984888
0 0.2964180668542968 0.6919183969278431 0.22604649125260196 0.6877456468195644 0.218778632332836 0.8103148566124189 0.28915020793453083 0.8144876067206976
0 0.22711472036518968 0.6498584804303582 0.1476676754171211 0.6440310178112539 0.12722010776281856 0.9227970833685724 0.20666715271088706 0.9286245459876767
0 0.9588670240456848 0.9891464621326491 0.9374005731058871 0.9867015348875325 0.936833578125 0.9916797484375002 0.9583000290647977 0.9941246756826168
0 0.9602274234374999 0.9792164656250002 0.9387156661782271 0.9767663803096781 0.9381486718349812 0.9817445925388647 0.9596604290942541 0.9841946778541868
0 0.9615425171875003 0.9692813109375 0.9347204194967358 0.9662264029548634 0.9344368858974814 0.9687158284763647 0.961258983588246 0.9717707364590016
0 0.9628576109375002 0.9593461578125002 0.9360355233567461 0.9562912508030829 0.9357520625000001 0.9587800375000002 0.9625741500807543 0.9618349445094175
0 0.965816553125 0.9369922187499998 0.9389944621035455 0.9339373130921084 0.938711001386818 0.9364260999799905 0.9655330924082725 0.939481005637882
0 0.9671316453125 0.9270570640625 0.940309559589229 0.9240021574429033 0.9400260984374998 0.9264909468750002 0.9668481841607708 0.9295458534945968
0 0.9700133716169683 0.9052864608218962 0.8738497856016177 0.8925575036570871 0.8612406119111103 0.9878161602045253 0.9574041979264608 1.0005451173693345
0 0.8745486336650566 0.8891858957336055 0.8435096865399254 0.8812513660567405 0.8189118738072381 0.977475117167014 0.8499508209323693 0.985409646843879