0 0.32712724201596804 0.467140216503268 3.722327081628613e-17 0.467140216503268 4.441044345445954e-17 0.6593137254901961 0.32712724201596804 0.6593137254901961
0 0.5438937385229541 0.4367382973856211 0.33895078393213574 0.43673829738562103 0.33895078393213574 0.6593137254901962 0.5438937385229541 0.6593137254901963
0 0.11121808668935924 0.39558953646832734 0.03130722988377031 0.12457983562371604 -0.0641443323625416 0.20002590002845053 0.015766524443047325 0.4710356008730618
0 0.4846147909181637 5.392243917168558e-17 0.03749229291417166 9.097090292651888e-18 0.03749229291417167 0.40557327124183007 0.4846147909181637 0.4055732712418301
0 0.6321683829873708 0.21441363694971285 0.6305537999001996 0.19671522712418302 0.5912029594330994 0.2063382775786147 0.5928175425202705 0.2240366874041446
0 0.6292763980080911 0.18285129970359681 0.6271010270920749 0.16509213859973162 0.5871884120181157 0.17819764036672303 0.5893637829341319 0.19595680147058822
0 0.1172883423802116 0.9433006815253475 0.10728501793253038 0.8754427936911776 -0.006742124522526166 0.9205021369020271 0.0032611999251550556 0.988360024736197
0 0.5630624289469579 0.7141576345907152 0.5597045362284219 0.6979921765855129 0.3111190704351235 0.8364084443063342 0.31447696315365953 0.8525739023115364
0 0.5565865463479923 0.6924201443082351 0.5406613634183982 0.6156053379562412 0.13388211814198478 0.8416690604312178 0.14980730107157886 0.9184838667832118
0 0.32125901772475546 0.6619390711517148 0.31360093180110726 0.6247647321880536 -0.007441608658849167 0.802049801851068 0.00021647726479898438 0.8392241408147293
0 0.23226470333156335 0.6600102427668636 0.22646164918106948 0.6319959059834227 0.004552861745413586 0.7552165223599236 0.010355915895907444 0.7832308591433644
0 0.7467142322921667 0.7696986086529479 0.7159657065868265 0.7690320604575166 0.7156913301177895 0.8029611497117635 0.7464398558231297 0.8036276979071948
0 0.9105359253276984 0.8840200979903811 0.9098948778315783 0.8334653065200706 0.7670013859806425 0.8383223605292291 0.7676424334767626 0.8888771519995398