0 0.31657156060831315 0.5477420812088548 0.3052203800068372 0.46771945334054293 0.0655081029222448 0.5017225524896494 0.07685928352372078 0.5817451803579613
0 0.06115639202094827 0.5591267987432991 0.0545149609375 0.5123065984374999 0.030018839145935932 0.5157813658162775 0.0366602702293842 0.5626015661220768
0 0.40654788631456534 0.4338348013598847 0.36554752017284475 0.20118888400004561 0.025230697275571812 0.26116463814746804 0.06623106341729236 0.4938105555073071
0 0.05491924112128297 0.49710776353700714 0.02660647858623969 0.2644729209291298 -0.004370899889592744 0.26824301465590117 0.023941862645450535 0.5008778572637785
0 0.40325730542709814 0.17888621410274638 0.3657297639305698 -0.02896313954350286 0.000531636549007452 0.03697398096874734 0.038059178045535845 0.24482333461499656
0 0.023894735937500015 0.044848251562500004 5.50173024191945e-18 0.044848251562500004 1.8081003272401644e-17 0.2502833703125 0.02389473593750003 0.2502833703125
0 0.504083610716652 0.49027615244205797 0.4936333901183933 0.42999949888408323 0.4724541381853813 0.4336713658797053 0.48290435878364 0.4939480194376801
0 0.677686003431937 0.4433186912563782 0.6133391752507912 0.29971742100544885 0.5011582675771826 0.3499849818610393 0.5655050957583285 0.4935862521119686
0 0.7846961031424717 0.4054164718555219 0.7176689551345437 0.2525590133521692 0.6195696197694847 0.29557502798026114 0.6865967677774127 0.4484324864836139
0 0.7151885810850501 0.2456041420636259 0.6914792898029898 0.1915343556335789 0.5924228775706402 0.23497002435054473 0.6161321688527005 0.2890398107805917
0 0.6095459918295657 0.29223448057874657 0.5751473493784881 0.21378734268393357 0.46508429127371365 0.26204939384881937 0.49948293372479124 0.3404965317436323
0 0.6864738049368083 0.18110797677065885 0.679270094094844 0.16522660578918602 0.581291656238601 0.20966913760127842 0.5884953670805654 0.22555050858275125
0 0.736645762366925 0.13059667676597742 0.6642599881986504 -0.034474280853207785 0.5044312039442821 0.035612731723024725 0.5768169781125567 0.20068368934220993
0 0.5709926963306133 0.2056157265647296 0.4924069364735809 0.026405852519312156 0.3818666563583466 0.07487914091336215 0.46045241621537897 0.25408901495877956
0 0.13728381250000007 0.7280832953124999 9.055601789558242e-17 0.7280832953124999 1.0514615503838165e-16 0.9663583171875001 0.1372838125000001 0.9663583171875001
0 0.29045126093749996 1 0.26385092846248936 0.8492946831168497 0.1769802667809119 0.8646278414343218 0.2035805992559226 1.015333158317472
0 0.8463004390625001 0.7911860156249999 0.8143471878272782 0.6166263917193247 0.4310327570756419 0.6867923443826475 0.46298600831086373 0.8613519682883227
0 0.80490976875 1.0000000000000002 0.7744134360846469 0.8433549866338428 0.47206414218750004 0.9022176625000004 0.5025604748528532 1.0588626758661577
0 0.8447164328125 1.0000000000000002 0.8132823116064353 0.8378864743025127 0.7954535249045642 0.8413435099800262 0.8268876461106289 1.0034570356775137
0 1.0418592355947047 0.6781296337169633 1 0.5904171093749999 0.9270647159677956 0.6252241709705368 0.9689239515625001 0.7129366953125003