0 0.3333389197467592 0.017677596814889285 0.1933431941703907 -0.03892988330919966 -0.02116294000771869 0.3540417012495624 0.11883278556864982 0.4106491813736513
0 0.15255341116313978 0.00007414137162980079 0.03687199303301097 -0.04651129471619873 -0.10793473370506268 0.21985707600343354 0.0077466844250661405 0.2664425120912621
0 0.969528785173979 0.34902372786458336 0.9681177233317684 0.33310749048462074 0.8367697823332811 0.34173348918253743 0.8381808441754918 0.35764972656250005
0 1.0080473054618033 0.2204941381948893 0.9703254123857212 0.05617350661159878 0.9598504408796227 0.057954796954351205 0.997572333955705 0.22227542853764173
0 0.06368389257716511 0.43337876057342456 0.06181587897125567 0.41494941536458335 0.05072808624280462 0.41578193734324215 0.05259609984871408 0.4342112825520834
0 0.033397887181171704 0.45320965690174736 0.03197786535552194 0.4365445065104167 0.02643571947540924 0.43689432617116947 0.027855741301059004 0.4535594765625001
0 0.047875459192710315 0.4550113394790372 0.04512442360060515 0.4358159075520834 0.03460077983905976 0.43693314359387947 0.03735181543116491 0.4561285755208333
0 0.052847742285134926 0.4586892592651015 0.0458036711874342 0.4522876333842282 0.025779098342541357 0.46860977646287666 0.032823169440242085 0.47501140234375
0 0.06474228621111267 0.457782054395022 0.06324662329803328 0.4430262278645834 0.058035359779810176 0.4434175133133114 0.05953102269288956 0.45817333984375
0 0.06213890961398592 0.4796537373094201 0.05431134947049928 0.47060605859375 0.023938533653790256 0.4900710751905799 0.0317660937972769 0.49911875390625005
0 0.04480684950410114 0.5192150132076637 0.043115860816944025 0.50087080078125 0.03266851509499115 0.5015841925215031 0.03435950378214826 0.5199284049479167
0 0.06552966055736391 0.4793559676164463 0.06404324205748865 0.4663165260416666 0.05878432128832445 0.46676060399813707 0.060270739788199704 0.4798000455729167
0 0.077325341101527 0.6757246615199163 0.07555460816944023 0.6309542994791667 0.07155592062313261 0.6310714543655002 0.07332665355521936 0.6758418164062499
0 0.08033863358742326 0.8804760007394165 0.0771387397881997 0.8354298424479166 0.061865196972334696 0.8362335500418334 0.06506509077155825 0.8812797083333334
0 0.08034057338603763 0.6865880050283774 0.06831563135317888 0.6775448070744815 0.04254508671146814 0.7029290976190209 0.05457002874432689 0.7119722955729166
0 0.8000409136051513 0.8709334105210873 0.3869295112772492 0.7990151187035002 0.36084660912899325 0.9100000990664717 0.7739580114568952 0.9819183908840589