0 0.334009847520424 0.4293403479912114 0.3137764501725014 0.3182906141039733 0.02848314764913659 0.3702714027884181 0.04871654499705924 0.4813211366756561
0 0.9900437117734472 0.21378975975657813 0.9677124615858633 0.12422399938883527 0.8706828892354929 0.14841618674764173 0.8930141394230767 0.2379819471153846
0 0.8662931081730769 0.20500526442307704 0.8495446710338738 0.1378309440981763 0.8147143197115384 0.14651512500000002 0.8314627568507416 0.21368944532490072
0 0.8675134783653846 0.24169655288461542 0.8445623019348066 0.14964441087409508 0.7574852572081816 0.17135515625083697 0.7804364336387596 0.2634072982613573
0 0.9135647039707658 0.19321913076219474 0.8968162639444776 0.12604481058044298 0.8594971969929426 0.13534949952978673 0.8762456370192309 0.2025238197115385
0 0.4082417500000001 0.8613325697115385 0.2807716057692309 0.8376198653846154 0.27110810776217786 0.8895670185962469 0.3985782519929471 0.91327972292317
0 0.7989636640822957 0.8796592976655458 0.7813428557692308 0.7400451346153846 0.7323791916869351 0.7462248754113772 0.75 0.8858390384615386
0 0.9058216341251655 0.8588322504831551 0.8863520360576922 0.7151962668269232 0.796175115424224 0.7274195854898708 0.8156447134916972 0.8710555691461028
0 1.0236317325856144 0.8253300162363708 0.9988144278846154 0.6886526153846155 0.9082859188216977 0.7050903993894371 0.9331032235226966 0.8417678002411922
0 0.8762058677884617 0.6624989735576925 0.8466665026081956 0.5318474327011523 0.7549641140887947 0.5525806772126091 0.7845034792690607 0.6832322180691492
0 0.9776464543269229 0.6347840625000002 0.9477552948629753 0.5254740938852291 0.8646466490828323 0.5482004180743962 0.8945378085467799 0.6575103866891674