0 0.14474499047368308 0.392429796533752 0.0029986618503411956 0.36230068574193264 -0.010495637835756902 0.4257863774061844 0.13125069078758497 0.45591548819800376
0 0.6745094252289566 0.08088409324316102 0.5138545228621634 -0.046075876359579146 0.42457198134281693 0.06690208067468423 0.5852268837096102 0.1938620502774244
0 0.28851702722532513 0.8813043425212381 0.19392957451923082 0.7320880432692309 0.04795710498621334 0.8246192488249159 0.14254455769230764 0.9738355480769231
0 0.7333794825797608 0.8686309793990882 0.7312904206432529 0.8501007733018484 0.6958398683519534 0.8540974044796834 0.6979289302884614 0.8726276105769232
0 0.8834655172771846 0.8753658957562814 0.8472862451923079 0.8729178557692309 0.8460621678189695 0.891008339820642 0.8822414399038462 0.8934563798076925
0 0.7371374981349591 0.9742831972988981 0.735046798822905 0.9557501713336981 0.6995952790533304 0.9597494355732615 0.7016859783653846 0.9782824615384615
0 0.8896700216346155 0.9448400721153848 0.8534889158653847 0.9423939519230771 0.8522658787223834 0.9604841653025292 0.8884469844916142 0.9629302854948368
0 0.7370773715182838 0.9375715832145505 0.7349866724739985 0.91903855962299 0.6995343971095607 0.9230379091007472 0.7016250961538462 0.9415709326923077
0 0.8634377331585166 0.9998749063647824 0.8625168173076925 0.9862534302884616 0.7311430969241953 0.9951352974814909 0.7320640127750194 1.0087567735578118
0 0.7893464062500002 0.9235156298076923 0.7805131435856901 0.8160628749029607 0.7513861850961536 0.8184572860576923 0.7602194477604637 0.9259100409624239
0 0.8865683662739053 0.9101042166345026 0.8503874005639734 0.9076560620497387 0.8491633461538461 0.9257462067307695 0.885344311863778 0.9281943613155333
0 0.8120839896049041 0.9153776985291624 0.806188264423077 0.8196194639423076 0.787556547528539 0.8207665974807414 0.7934522727103661 0.9165248320675963
0 0.8353973045947762 0.9796780389370506 0.8341758028846152 0.9592590913461536 0.7542000103090698 0.9640434009667953 0.7554215120192307 0.9844623485576923
0 0.7364829596734206 0.9033666444142828 0.7343922603613666 0.884833618449083 0.698940740591792 0.8888328826886464 0.7010314399038461 0.9073659086538461
0 0.8828708437500001 0.8411608028846158 0.8466921142883689 0.8387148433489238 0.8454690541922152 0.856805396233539 0.8816477836538463 0.859251355769231
0 0.8772626859854439 0.8058921733652719 0.841081720275512 0.803444018780508 0.8398576658653847 0.8215341634615385 0.8760386315753165 0.8239823180463024