0 0.11925833723958333 0.328125 0.11668553802030178 0.2638036491123874 0.04982871744791667 0.26982063476562507 0.05240151666719823 0.33414198565323766
0 0.11576477864583333 0.26151424023437503 0.11353311975619051 0.1871427212013872 0.04466708604105879 0.19179224794562322 0.0468987449307016 0.266163766978611
0 0.3297146641948779 0.1699772072750037 0.32744452078483977 0.0943231743039559 0.25790344536505133 0.09901827736397553 0.26017358877508945 0.17467231033502334
0 0.25852807291666663 0.174783408203125 0.2562579294544939 0.09912937426301685 0.18682545383524637 0.10381714519678023 0.18909559729741912 0.17947117913688837
0 0.18141085186723307 0.17870523303384578 0.1791791826706414 0.10433338730947128 0.11004250911458334 0.1090011875 0.11227417831117503 0.1833730332243745
0 0.11015718170970983 0.1822311780303719 0.10792551304711155 0.10785933330713254 0.03976277083333333 0.11246137695312498 0.0419944394959316 0.18683322167636435
0 0.32354875918817955 0.0855923672138234 0.3208392982429385 -0.004702214404277236 0.25119289322916666 -3.469446951953614e-18 0.2539023541744077 0.09029458161810064
0 0.2535556236979167 0.08774809179687501 0.2507805204607973 -0.004734052766326212 0.18066255208333334 1.734723475976807e-18 0.18343765532045272 0.09248214456320122
0 0.17551556249999997 0.09430179492187499 0.17266827394406326 -0.0005860477671146627 0.1037732915818374 0.0040654307667568135 0.10662058013777409 0.09895327345574646
0 0.10523616276041668 0.09776195898437502 0.10242734544189634 0.00415630391093573 0.033019715436814125 0.00884239947157511 0.03582853275533446 0.1024480545450144
0 0.6256822161458334 0.0691147421875001 0.5627824166850528 0.06299980597010907 0.5623282864583333 0.07351023046875012 0.6252280859191139 0.07962516668614116
0 0.6168841835937501 0.17906295507812509 0.4992505420195643 0.16732687029585214 0.4984860379327069 0.18456819507822453 0.6161196795068926 0.19630427986049745
0 0.03289470899392485 0.8489087491849985 0.013381019669863567 0.8328885487827156 -0.010881996436724162 0.8993850425580154 0.008631692887337117 0.9154052429602982
0 0.06298002980965915 0.8385703604523085 0.060599186197916655 0.771258322265625 0.0035371808510251956 0.7757994913903038 0.005918024462767679 0.8431115295769873
0 0.09379627126129143 0.758776029544367 0.08978905078125 0.6935571640625 -0.0005623300009139631 0.7060478793914057 0.003444890479127466 0.7712667448732726
0 0.12166160427323243 0.6812579767149309 0.11765437997947048 0.6160391134626833 -0.0032228921841108613 0.6327499270862555 0.000784332109651111 0.6979687903385032
0 0.10566118696432349 0.6098042000132442 0.09764674054797774 0.4793664765619614 -0.008014446416345744 0.49397372186121724 4.625929269271485e-18 0.6244114453125
0 0.8509203978790292 0.7679912261583068 0.8400825452616644 0.7150986702485547 0.5230024348958334 0.86128279296875 0.5338402875131982 0.9141753488785022