0 0.48845043098958335 0.504133509765625 0.3328307942708334 0.504133509765625 0.3328307942708334 0.55859375 0.48845043098958335 0.55859375
0 0.5368940989583334 0.43102473828125004 0.5188905220796408 0.4207366063773207 0.5070606340588074 0.4673150985648207 0.5250642109375 0.47760323046875
0 0.9191080341924728 0.14983221721386097 0.9006746195823977 0.0913099307207843 0.7203447961804046 0.21911102755384376 0.7387782107904797 0.27763331404692043
0 1 0.06220900195312518 0.9624341796875 0.06220900195312518 0.9624341796875 0.16379992968750018 1 0.16379992968750018
0 1 0.25757927734375025 0.9732563320312501 0.25757927734375025 0.9732563320312501 0.3530472636718752 1 0.3530472636718752
0 0.48031769010416664 0.9326766113281253 0.4598716195988095 0.9178907997556005 0.43348130199727875 0.9999999999377687 0.4539273725026359 1.0147858115102935
0 0.5546387942708334 0.8439839746093752 0.5416276135054843 0.8345747887226539 0.5142691093189659 0.91969633987312 0.527280290084315 0.9291055257598414
0 0.5690104176853784 0.7992689929241932 0.5615755247218318 0.7938923649120571 0.5519270429687501 0.8239120566406253 0.5593619359322967 0.8292886846527614
0 0.6452516461509832 0.9374339056462975 0.5713623693446986 0.9185659845886787 0.5678344142295757 0.9496518480151356 0.6417236910358602 0.9685197690727543
0 0.7287387086804428 0.9823803339118138 0.7275941420423431 0.9288744462225899 0.6432005179611862 0.9329363690168344 0.6443450845992859 0.9864422567060583
0 0.8138108085171235 0.9787129840152308 0.8118012390286852 0.9230898091927218 0.7290715115537538 0.9298147949107184 0.7310810810421922 0.9854379697332274
0 0.6397199785565301 0.9272515864970601 0.6374618059784719 0.8725168296344806 0.5668924197493372 0.879067606315092 0.5691505923273954 0.9338023631776714
0 0.8989690984906389 0.9709140234977769 0.8971401618058187 0.9191043307961191 0.8141005338933728 0.9256999499012013 0.815929470578193 0.9775096426028591
0 0.7254713669802834 0.9239911387858929 0.7235274098632481 0.8689094097170763 0.6400488745504482 0.875538233195658 0.6419928316674836 0.9306199622644746
0 0.9730616058923651 0.9671566825345627 0.9719827377426015 0.9129647762838843 0.8998506923536783 0.9161958339527496 0.900929560503442 0.970387740203428
0 0.8107886249801907 0.9207422710261957 0.8102485969443672 0.8666025448035818 0.7256728361947365 0.868500686733192 0.72621286423056 0.9226404129558059
0 0.6359697300358095 0.870754692143998 0.6356975779409113 0.8155518389297207 0.5687457180259393 0.8162945079714917 0.5690178701208374 0.871497361185769
0 0.8963627231729793 0.9142445585341508 0.8944187808834484 0.859163249600407 0.8109406572923202 0.8657920403851911 0.8128845995818512 0.9208733493189347
0 0.7221010162126035 0.8628971773680689 0.7198706316539528 0.807180408605225 0.6368480868925472 0.8146581834910729 0.639078471451198 0.8703749522539168
0 0.9869763199259137 0.9097360131634327 0.9858031724520432 0.8548943042518626 0.8966883268430914 0.8591834836135587 0.897861474316962 0.9140251925251287
0 0.6324060948793314 0.8099730524559988 0.6305192213731589 0.7565274276409801 0.5671900222664128 0.7615579970064663 0.5690768957725854 0.815003621821485
0 0.8929542015185787 0.854993106052609 0.8913933907060118 0.7993425374879958 0.7223713548557168 0.8100086584787378 0.7239321656682839 0.8656592270433511
0 0.7190534380214552 0.8058124801569546 0.7164781885817105 0.749880017848374 0.6334135963541666 0.7584850761718751 0.6359888457939112 0.8144175384804557
0 0.9893323359206209 0.8485520210286371 0.9866677339452877 0.7927006912759097 0.8937348406300458 0.8026765618137204 0.8963994426053791 0.8585278915664478
0 0.6298352732152668 0.7509682097148626 0.6289405491007963 0.7011696771555908 0.5681305185526311 0.7036279514331275 0.5690252426671015 0.7534264839923993
0 0.8900456855761928 0.7960359357193628 0.8887475017744634 0.7434215447004268 0.7190934573989453 0.7528399716382298 0.7203916412006746 0.8054543626571659
0 0.7160758142652353 0.7459033305330032 0.7141504644178541 0.6913670191069521 0.6311374948340503 0.6979610710205106 0.6330628446814315 0.7524973824465616
0 0.6270543567430735 0.6911761915348794 0.6263229161625293 0.670452368807737 0.5824378285214558 0.6739374160603173 0.583169269102 0.6946612387874598
0 0.9958034799084446 0.7904216397238143 0.9945761598568422 0.7352599715612618 0.8901584224561216 0.7404872692668666 0.8913857425077242 0.7956489374294191
0 0.9764324321895844 0.6932521117433601 0.8871237960899002 0.6704467816767434 0.8804598993837601 0.7291643239987 0.9697685354834443 0.7519696540653167
0 0.8778092909032541 0.6791548266002192 0.8772681343161816 0.6572217891322167 0.635753933128589 0.6706293370985461 0.6362950897156615 0.6925623745665486
0 0.8728483494021232 0.6072083836216258 0.8722946687141291 0.5825262321180872 0.6009707997295977 0.5962207542289699 0.6015244804175919 0.6209029057325085