0 0.8008081535404222 0.46699691600195475 0.41773694768064595 0.28081653963611536 0.38882200240131615 0.34030982873419585 0.7718932082610924 0.5264902051000353
0 0.9490468207209586 0.4497874736774644 0.5268256308939232 0.22114608004163336 0.4839986456743405 0.3002326372418485 0.906219835501376 0.5288740308776796
0 0.39984100466778727 0.286359711324156 0.38927661879787245 0.23279876186988804 0.32228629138696185 0.246011964315544 0.3328506772568766 0.29957291376981193
0 0.49732429764590835 0.21478085715489587 0.33187937295653785 0.13722459767672499 0.3000643884402219 0.20509310697192762 0.4655093131295924 0.28264936645009847
0 0.1306658076923077 0.6412689927884615 0.12904014445092205 0.6236524012750475 0.03535342307692308 0.6322978341346153 0.036979086318308735 0.6499144256480294
0 0.1224288221153847 0.5096153846153846 0.029024641826923138 0.5096153846153846 0.02902464182692314 0.5290692812500001 0.1224288221153847 0.5290692812500001
0 0.1253094110576923 0.581647826923077 0.12377144242959533 0.5640408414466289 0.03247283413461539 0.572015766826923 0.034010802762712386 0.5896227523033711
0 0.1067873798076923 0.7007574567307694 0.10572164774891982 0.6856907890617587 0.022044223557692304 0.6916096634615384 0.023109955616464783 0.7066763311305491
0 0.8314923317307693 0.5763667499999999 0.8124409056654336 0.4833345953153564 0.6003854783653846 0.5267599927884615 0.6194369044307203 0.6197921474731051
0 0.801203423076923 0.7130720769230771 0.78196090223547 0.6212806116293705 0.5708177324738613 0.6655431891104904 0.5900602533153143 0.7573346544041969
0 0.7752432980769229 0.8512417812499999 0.7500817791138921 0.7595377512262884 0.5403993822115385 0.8170698750000002 0.5655609011745694 0.9087739050237117
0 0.7494960889423077 0.9215100841346154 0.49968403125000016 0.9215100841346154 0.49968403125000016 1 0.7494960889423077 1