0 0.9843750000000002 0.9726560000000001 0.8125000000000002 0.972656 0.8125000000000002 0.9960940000000001 0.9843750000000002 0.9960940000000003
0 0.7929690000000001 0.902344 0.558594 0.902344 0.5585940000000001 0.996094 0.7929690000000003 0.996094
0 0.5429690000000001 0.855469 0.3046880000000001 0.855469 0.3046880000000001 0.9375 0.5429690000000003 0.9375
0 0.9882810000000001 0.8281250000000001 0.8125 0.828125 0.8125000000000001 0.9531250000000001 0.9882810000000002 0.9531250000000002
0 0.796875 0.78125 0.558594 0.78125 0.558594 0.878906 0.796875 0.878906
0 0.542969 0.738281 0.3085940000000001 0.738281 0.3085940000000001 0.835938 0.542969 0.835938
0 0.31139189697463016 0.726829930861814 0.05613391446046494 0.686220335086586 0.032743327536655265 0.833245537234399 0.28800131005082047 0.873855133009627
0 0.011718800000000085 0.648438 7.941075211455114e-17 0.648438 8.515128398555436e-17 0.742188 0.01171880000000009 0.742188
0 0.816406 0.617188 0.578125 0.617188 0.578125 0.726562 0.816406 0.726562
0 0.5625 0.617188 0.3242190000000001 0.617188 0.3242190000000001 0.703125 0.5625 0.703125
0 0.996094 0.5742190000000001 0.859375 0.574219 0.859375 0.7617190000000001 0.996094 0.7617190000000003
0 0.8125 0.515625 0.578125 0.515625 0.578125 0.597656 0.8125 0.597656
0 0.5625 0.5 0.3281250000000001 0.5 0.3281250000000001 0.597656 0.5625 0.597656
0 0.3085940000000001 0.5 0.07031250000000006 0.5 0.07031250000000007 0.660156 0.3085940000000001 0.660156
0 0.011718800000000067 0.472656 5.788366574977914e-17 0.472656 6.721204534824436e-17 0.625 0.011718800000000076 0.625
0 0.4414060000000001 0.441406 0.324219 0.441406 0.32421900000000003 0.480469 0.44140600000000013 0.480469
0 0.30859400000000003 0.382812 0.07031250000000006 0.382812 0.07031250000000006 0.480469 0.3085940000000001 0.480469
0 0.01171880000000005 0.355469 4.353239730461105e-17 0.355469 4.951210269548775e-17 0.453125 0.011718800000000055 0.453125
0 0.996094 0.1718750000000001 0.863281 0.1718750000000001 0.863281 0.5078120000000002 0.996094 0.5078120000000003
0 0.03906250000000002 0.15625 1.9135106236677395e-17 0.15625 2.5114811627554092e-17 0.253906 0.03906250000000003 0.253906
0 0.816406 0.14453100000000008 0.546875 0.14453100000000005 0.546875 0.45703100000000013 0.816406 0.45703100000000013
0 0.535156 0.13281200000000007 0.320312 0.13281200000000007 0.320312 0.38671900000000003 0.535156 0.3867190000000001
0 0.308594 0.10546900000000001 0.09375 0.105469 0.09375000000000001 0.316406 0.308594 0.316406