0 0.996094 0.5859380000000002 0.929688 0.5859380000000002 0.929688 0.8007810000000002 0.996094 0.8007810000000002
0 0.9108355234651975 0.5806617860408272 0.768807420133071 0.5777030565922123 0.764182923780531 0.7996930888761961 0.9062110271126574 0.8026518183248109
0 0.7560676819249327 0.5783497140448738 0.611012311713147 0.572977649494653 0.6028418386886116 0.793595063581884 0.7478972089003973 0.7989671281321048
0 0.589844 0.570312 0.4453120000000001 0.570312 0.4453120000000001 0.792969 0.589844 0.792969
0 0.4296880000000001 0.566406 0.28515600000000013 0.566406 0.28515600000000013 0.789062 0.4296880000000001 0.789062
0 0.27309928097088093 0.5626019441736134 0.12902068719531523 0.558485683907759 0.12260416429552429 0.7830787700154209 0.26668275807109004 0.7871950302812754
0 0.10937500000000007 0.558594 6.840803541229166e-17 0.558594 8.204178329783932e-17 0.78125 0.10937500000000008 0.78125
0 0.996094 0.34765600000000013 0.933594 0.34765600000000013 0.933594 0.5585940000000003 0.996094 0.5585940000000003
0 0.9197120027140462 0.33437983172034214 0.7773783766898539 0.33072955683668065 0.7716616192815398 0.5536406627010777 0.9139952453057321 0.5572909375847391
0 0.7634977308402576 0.3305403790795537 0.6162331482716304 0.32464864970198726 0.6071958344566247 0.5505375460209516 0.7544604170252519 0.556429275398518
0 0.597656 0.3242190000000001 0.45312500000000006 0.32421900000000003 0.4531250000000001 0.542969 0.597656 0.542969
0 0.4375 0.316406 0.29296900000000003 0.316406 0.2929690000000001 0.542969 0.43750000000000006 0.542969
0 0.27343800000000007 0.3125 0.13281200000000007 0.3125 0.13281200000000007 0.539062 0.2734380000000001 0.539062
0 0.11718800000000003 0.3125 3.827021247335479e-17 0.3125 5.190396035890244e-17 0.535156 0.11718800000000004 0.535156
0 0.996094 0.1484380000000001 0.941406 0.1484380000000001 0.941406 0.3085940000000001 0.996094 0.3085940000000001
0 0.9277266311711371 0.14665349438309144 0.7853328632119543 0.14046287444577157 0.7785158079240515 0.29726561773464405 0.9209095758832343 0.30345623767196395
0 0.765625 0.14062500000000008 0.621094 0.14062500000000006 0.621094 0.30078100000000013 0.765625 0.30078100000000013
0 0.605469 0.13671900000000006 0.460938 0.13671900000000006 0.460938 0.2929690000000001 0.605469 0.2929690000000001
0 0.441406 0.13281200000000007 0.296875 0.13281200000000007 0.296875 0.292969 0.441406 0.292969
0 0.2853921166657927 0.12750990598646866 0.14045563038147196 0.12379380537517332 0.13620570712806146 0.28955060470807453 0.2811421934123822 0.2932667053193699
0 0.12109400000000002 0.12109400000000001 1.482973794959496e-17 0.121094 2.4875638107680614e-17 0.285156 0.12109400000000002 0.285156