0 0.3856209326923077 0.04578511778846159 6.250074138482206e-18 0.04578511778846157 3.950885984096302e-17 0.5889423076923077 0.38562093269230774 0.5889423076923077
0 0.5096153846153846 5.796810735447723e-17 0.41608317307692305 5.2240911180589715e-17 0.41608317307692305 0.11921603846153851 0.5096153846153846 0.11921603846153853
0 0.40610354567307694 2.486667036654623e-17 0 0 2.4147991838612227e-18 0.039436663461538464 0.40610354567307694 0.039436663461538485
0 0.5307510208817953 0.329783504020807 0.5096153846153846 0.32635968269230775 0.49879594465191945 0.39314930917503804 0.5199315809183302 0.39657313050353726
0 0.5441005360576924 0.27313768750000006 0.5096153846153847 0.2662964663461539 0.500516974849256 0.3121596290203677 0.5350021262915636 0.31900085017421387
0 0.6407491911537126 0.14862827534153797 0.596310002084336 0.1395702943630103 0.5727280537190851 0.2552652449830109 0.6171672427884616 0.2643232259615385
0 0.6998559158036262 0.20284497415511035 0.6358327095589918 0.19190516788639772 0.6219745461592119 0.2730075230582105 0.6859977524038462 0.2839473293269231
0 0.7159135124936051 0.11734289208732629 0.6515163846153845 0.10446751201923082 0.635871117314087 0.18271842762421228 0.7002682451923075 0.19559380769230772
0 0.7349610958580223 0.02835908732796116 0.6698953509615383 0.015920338942307762 0.6543461373150544 0.09725659055665438 0.7194118822115384 0.10969533894230778
0 0.6678891681478133 0.009217167179643783 0.6176837348194476 -0.001208732962601668 0.592582359940865 0.11966576091544694 0.6427877932692306 0.13009166105769238
0 0.6169901470266279 0.0004988601504378401 0.5707864813334895 -0.007180164461647427 0.5515536516145539 0.10854120375329943 0.5977573173076923 0.11622022836538469
0 0.5065113840109021 0.628961022029348 0.5034925511214587 0.586988218392722 0.012734218750000005 0.622285298076923 0.015753051639443315 0.664258101713549
0 0.5093325662101245 0.6853137213571645 0.506464406882169 0.6433700443665575 0.016053273364352177 0.676904950413239 0.01892143269230769 0.7188486274038459
0 0.512092123338709 0.7387294348289059 0.5093236177884615 0.6975239278846155 0.020120970411290868 0.7303923560364788 0.022889475961538456 0.7715978629807693
0 0.5124051370216375 0.7953084187870785 0.5096153846153847 0.7522549591346154 0.02539144951682415 0.7836314129436909 0.028181201923076937 0.826684872596154
0 0.5096153846153848 0.9787738317307693 0.35816964903846166 0.9787738317307693 0.35816964903846166 1 0.5096153846153848 1
0 0.5126748021608436 0.9147047151524371 0.5096153846153846 0.8690087620192309 0.032012301204541 0.9009850564821786 0.03507171875000001 0.9466810096153847
0 0.512576717723354 0.9701587575373622 0.5096153846153846 0.9250484519230769 0.03680558142751644 0.9560867546986033 0.039766914535485816 1.0011970603128886
0 0.5122848282366447 0.8501974650959393 0.5096153846153847 0.8063284086538461 0.02707924868643233 0.8356908594232915 0.029748692307692302 0.8795599158653846
0 0.8489334729037488 0.7505576312281576 0.8460218458635532 0.7303384162533486 0.7600868969982659 0.7427133042559604 0.7629985240384615 0.7629325192307692