0 0.006352445312500024 0.32963465039062495 2.6599093298311043e-17 0.32940206054687493 -0.0010379336474149285 0.3931846720768116 0.005314511665085069 0.39341726192056165
0 0.013284002844097068 0.1672038404902353 0.0011405547887649743 0.16629383936779685 -0.00300703387208827 0.2908250723367639 0.009136414183243824 0.29173507345920235
0 0.02037074099614624 0.00011374865888103425 0.006709379540150155 -0.0009100010613137392 0.0022946497395833453 0.131642166015625 0.01595601119557943 0.13266591573581976
0 0.39447158945748506 0.007388802028793481 0.33071828765957134 0.0026112802421837354 0.317281783362021 0.40604186447962143 0.3810350851599347 0.41081938626623116
0 0.30480594791666665 0.003908449218750054 0.04372178733495718 -0.015656567244272057 0.029854856454499867 0.4006978495856697 0.29093901703620934 0.4202628660486918
0 0.6435275848546559 0.19343064295140855 0.5651843083759336 0.0566268769104572 0.5073638529346947 0.13112883785907564 0.585707129413417 0.267932603900027
0 0.005356970381288226 0.6727362386381976 0.00493337862772342 0.6542976945800842 0.00017266085060186018 0.6545437743012615 0.0005962526041666666 0.6729823183593749
0 0.03257457309170203 0.6500114739219491 0.011561429229586659 0.5801328542696292 -0.01267245477714074 0.5965293960213969 0.008340689084974632 0.6664080156737168
0 0.06795735801445914 0.6227495644793772 0.04617426777960337 0.5545490123996196 0.01336462228090544 0.5781274843477779 0.03514771251576121 0.6463280364275356
0 0.049328802758663026 0.5376246768548611 0.025954426681564263 0.46398988819635684 -0.0064851093227161205 0.4871592533609147 0.016889266754382643 0.5607940420194191
0 1.0045770854209215 0.6825902912060033 0.9949256282905202 0.622715907766783 0.8699060893341088 0.6680591157570868 0.8795575464645101 0.7279334991963071