0 0.3402757397411129 0.02415611672250741 0.2675447663603247 0.012974315431054494 0.2668523599525452 0.027208207041880494 0.3395833333333334 0.038390008333333406
0 0.6824683156249999 0.16190594907407418 0.6652545503966777 0.14125719060284767 0.6099821813563427 0.286885214687965 0.627195946584665 0.30753397315919156
0 0.6284936208333335 0.15503173240740753 0.5885116573849667 0.1058907695718945 0.5220181730057448 0.27687438426721417 0.5620001364541115 0.3260153471027272
0 0.30070145420872346 0.5964570015559719 0.1967427916329938 0.49722543195650354 0.1720993936844696 0.5788209604031564 0.27605805626019925 0.6780525300026248
0 0.8063227510416664 0.40166488425925934 0.8038954126317369 0.39125903736357787 0.7211308523386052 0.452276234616713 0.7235581907485347 0.4626820815123945
0 0.8090899359375 0.41350522870370393 0.8066247202548001 0.40307878837042727 0.7076696713541667 0.47702429074074076 0.7101348870368666 0.4874507310740175
0 0.8121100427083334 0.4242468287037037 0.8094052573311857 0.4128851820168964 0.7039224036853524 0.4922500588687483 0.7066271890625 0.5036117055555556
0 0.8151209114583333 0.43591485833333327 0.812575035463333 0.42516122639767456 0.7053073296875 0.5054224944444444 0.7078532056825002 0.5161761263801031
0 0.8181361828124999 0.4471191435185188 0.8155077375798714 0.4361591122815648 0.7098880146632048 0.5162138632074906 0.7125164598958332 0.5271738944444446
0 0.821272725 0.45925285740740746 0.8186691356732383 0.4483691676023711 0.7117150822916666 0.5292319203703703 0.7143186716184283 0.5401156101754065
0 0.8241602026041667 0.47022241574074086 0.821900177244631 0.4607259908961064 0.7154995923487978 0.5407558658961062 0.7177596177083333 0.5502522907407409
0 0.8271737869791667 0.48165871851851855 0.8246964414935002 0.4714081866865675 0.7181249546874999 0.552810387962963 0.7206023001731663 0.563060919794914
0 0.8305841489583334 0.49241176944444465 0.8282306791597601 0.48267781512219776 0.7216861067639267 0.5640930354925681 0.7240395765625001 0.573826989814815
0 0.8330695802083333 0.5045262055555555 0.8307793031742091 0.49508908569113114 0.7236148942708333 0.5772857259259259 0.7259051713049575 0.5867228457903503
0 0.8364782552083334 0.515511273148148 0.8340337349176377 0.505414772894261 0.7706574609593043 0.5539106071535205 0.7731019812500001 0.5640071074074074
0 0.7638677922610658 0.5717515285942538 0.7611938634789053 0.5607395366948601 0.7237082295511726 0.5895071451376436 0.7263821583333332 0.6005191370370373
0 0.8391854551743889 0.5274553901731059 0.8369649783755009 0.5183176637799928 0.7295041645833334 0.6008479138888889 0.7317246413822215 0.6099856402820022
0 0.8423718473958334 0.5386106324074074 0.8397710091904332 0.5279653608843191 0.7325619279404331 0.6107487331065413 0.7351627661458333 0.6213940046296296
0 0.8445963204926985 0.547628651609647 0.8428141461957457 0.5402155499267505 0.8082388203124999 0.5664862379629633 0.8100209946094528 0.5738993396458597