0 1.0136026184021298 0.413929602853296 0.9503417124503629 -0.012312981617787443 0.858552941382085 0.0013098731262638718 0.921813847333852 0.42755245759734734
0 0.9017662117741798 0.3687537388297967 0.8522000028098476 -0.013340091651896247 0.6850685190441759 0.00834064063944886 0.734634728008508 0.39043447112114177
0 0.7102948996901005 0.3412100601718565 0.6704600280048487 0.02854128231070675 0.5150321550338637 0.04834322549948368 0.5548670267191154 0.3610120033606334
0 1.0099454371137144 0.9064468778054551 0.9999999993330017 0.8418293237913745 0.9738157859374998 0.8458593968750001 0.9837612237182126 0.9104769508890806
0 0.9835744796874998 0.9105056906250002 0.9603227024359597 0.8363482960704586 0.9008603410491023 0.8549924999306805 0.9241121183006424 0.9291498944852222
0 0.9129560375000001 0.9201721015625001 0.9026489294935389 0.8532046541476885 0.8321829656249999 0.8640502265625001 0.842490073631461 0.9310176739773116
0 0.8440502453125 0.9295749171874998 0.8178429678895505 0.8538974598236863 0.7582405957400797 0.8745378982897642 0.7844478731630292 0.9502153556535781
0 0.7717186140625 0.9395047015624998 0.7493071752490459 0.8654627872250407 0.6892328921875001 0.8836464218750002 0.7116443310009541 0.9576883362124594
0 0.7011001718750001 0.9491711125 0.6800195081588524 0.874861375620779 0.6183435765254731 0.8923580002724932 0.6394242402416207 0.9666677371517143
0 0.6319905823284431 0.9579854236566758 0.6068023491628491 0.8852506183902212 0.5616980838068635 0.9008703309664418 0.5868863169724575 0.9736051362328964
0 0.9984519671874998 0.8336486109375001 0.975672619376839 0.7678698185083792 0.9498987531447058 0.7767953679392212 0.9726781009553667 0.842574160368342
0 0.9620882843749999 0.8380428 0.9394677624709613 0.7641247346609025 0.8796762127846491 0.782422238162259 0.9022967346886878 0.8563403035013566
0 0.8917330590043149 0.8486906764579019 0.8724965871954872 0.7769693081269274 0.8093564803736888 0.7939041897828221 0.8285929521825164 0.8656255581137966
0 0.8204559031249999 0.8562335640625 0.7994851066688019 0.7840052892173355 0.7386638839362782 0.8016641559821178 0.7596346803924762 0.8738924308272822
0 0.7502328562500001 0.8670417421874997 0.728589024680202 0.7924953662507754 0.667649929327623 0.8101884532620961 0.6892937608974211 0.8847348291988204
0 0.6795124003246962 0.8764135728514377 0.654234460930882 0.8034197179796019 0.5962428515773391 0.8235023453345001 0.6215207909711532 0.8964962002063359
0 0.6089954328124999 0.8863743406250002 0.5988691473657755 0.8205816908646801 0.5441382719208538 0.8290054353030543 0.5542645573675784 0.8947980850633744
0 0.9731449718749999 0.7605708562500002 0.9556080716818631 0.709930416503175 0.9330557328511564 0.7177403430593656 0.9505926330442932 0.7683807828061908
0 0.9387385678894484 0.7634608647871413 0.9315055066600537 0.7164661165096613 0.8640479546315515 0.7268486511989906 0.8712810158609461 0.7738433994764705
0 0.8695884859374999 0.7741039015625001 0.8621746105502404 0.7259343596534688 0.7934295124414338 0.7365150621194823 0.8008433878286935 0.7846846040285136
0 0.7985742078124999 0.7826286125000002 0.7913411448487515 0.7356338624143938 0.7228110703124999 0.7461814734375001 0.7300441332762483 0.7931762235231065
0 0.7266530522837997 0.7938104377093783 0.7203683679062051 0.7462429483069419 0.6503970482490689 0.7554876586133548 0.6566817326266634 0.803055148015791
0 0.6579002732200647 0.8044022044915685 0.6515036786076698 0.7548292250031917 0.5794007039032001 0.7641329526445856 0.585797298515595 0.8137059321329623
0 0.5871141796875001 0.8127693218750002 0.579519486522335 0.7634249859165434 0.5424053068348348 0.7691373093540435 0.55 0.8184816453125002