0 0.11547774981843104 0.3756539843914681 0.0005354542536911369 0.34386072221519 -0.0007045425599322109 0.4280408419903887 0.1142377530048077 0.45983410416666676
0 0.2493837952441689 0.47591516969458536 0.24858283815877666 0.3948193608779567 0.13784602235946178 0.4153568366671263 0.138646979444854 0.496452645483755
0 0.3693951012620192 0.4170733359375001 0.2775896697716346 0.4170733359375001 0.2775896697716346 0.4791666666666668 0.3693951012620192 0.4791666666666668
0 0.17071485064787945 0.3107811627373856 0.17060386203122363 0.2995466681202408 0.14451540733672047 0.3043863570496191 0.1446263959533762 0.3156208516667639
0 0.2396947827631837 0.38737782788842706 0.2389051325609728 0.3040480220272996 0.1284991439468227 0.32369388936180976 0.12928879414903366 0.4070236952229373
0 0.21041111285450065 0.30447190798489154 0.21030358461413304 0.29358927526536616 0.18306831603214954 0.298642451258551 0.18317584427251715 0.3095250839780764
0 0.3762815549469671 0.4071394090418406 0.37557364221612033 0.3234968110649374 0.26710964093311423 0.34073461853449155 0.267817553663961 0.4243772165113948
0 0.2086829982879261 0.29064508438041037 0.20854574074661608 0.278688523128536 0.18132767931997082 0.2845557287286797 0.18146493686128082 0.29651228998055407
0 0.36782645362905675 0.3153668570023625 0.3669975414126787 0.2314602389492566 0.2566296970949489 0.2519340682832362 0.25745860931132697 0.3358406863363422
0 0.35855317545621634 0.22694852537984186 0.35820021986005257 0.19430853561048664 0.30368375431988637 0.20537839093081736 0.30403670991605014 0.2380183807001726
0 0.39993990384615385 0.19078347395833353 0.3858057620192307 0.19078347395833353 0.3858057620192307 0.27299522265625026 0.39993990384615385 0.27299522265625026
0 0.10101762379807691 0.31210380859375003 0.09256872026200515 0.05999639317648237 -0.008093423240701177 0.12334325438728656 0.00035548029537059114 0.37545066980455416
0 0.40043938444651767 0.18163275378791335 0.3999247967690747 0.1481987778590775 0.38208402729785335 0.15335497048512176 0.3825986149752963 0.1867889464139576
0 0.22450474939411838 0.23071689054310837 0.2152366661612189 -0.022104188288513165 0.09829576318977888 0.05839421818941434 0.10756384642267838 0.3112152970210359
0 0.40074547494712576 0.049232966105110625 0.3694523647842768 0.040577217661181546 0.3684941876936151 0.10562523754304376 0.39978729785646405 0.11428098598697284
0 0.3531960542448935 0.03608068301609422 0.2290848506568572 0.0017512252733632345 0.22626667180276877 0.19306964758289125 0.35037787539080506 0.22739910532562224
0 0.6842200262262174 0.4660163977705487 0.576902368606008 0.3409221331801211 0.5716280080235315 0.4258886468786048 0.6789456656437409 0.5509829114690324
0 0.3202898274208925 0.8683611034110058 0.2566298868052781 0.7856866793426561 0.25328553004807697 0.8340428437500002 0.3169454706636914 0.9167172678183498
0 0.26393889272836546 0.7809566341145837 0.15003491675284553 0.6364421916548321 0.1454511075721154 0.7042841471354168 0.25935508354763537 0.8487985895951685
0 0.7897565519991223 0.6809860250638095 0.7028373363572479 0.6405577699729157 0.7022546971473341 0.66407979482458 0.7891739127892085 0.7045080499154737
0 0.8581916932091348 0.8833459401041672 0.7962436072428533 0.8526775869993944 0.7948229317257347 0.9065636592174956 0.8567710176920162 0.9372320123222683
0 0.8845144190389781 0.7562898635445808 0.808131271882785 0.7315924145780991 0.8070429562238814 0.7947964088018327 0.8834261033800744 0.8194938577683143