0 0.7174214372799546 0.46291392226191813 0.5881708164062502 0.43378009114583344 0.5762285425046135 0.4573273061463836 0.705479163378318 0.4864611372624685
0 0.5851323247205369 0.4330952002263549 0.4589120917392114 0.40464443547136986 0.44262719839383124 0.43675422310440326 0.5688474313751568 0.4652049878593883
0 0.4520972560663864 0.40310833346593533 0.38974944140625 0.3890547786458334 0.3778071677617388 0.4126019933569815 0.4401549824218752 0.42665554817708334
0 0.7027190425916279 0.3466186480787606 0.667639468209985 0.3448219608956253 0.6622888755514801 0.39125223172634854 0.697368449933123 0.3930489189094839
0 0.6184269461208567 0.32098797067521145 0.4909050163937523 0.30293521096926135 0.45748469722602064 0.4078578848252999 0.5850066269531251 0.42591064453124994
0 0.684507310084246 0.4470653831375357 0.663745881636808 0.3217210085311122 0.579260258808743 0.32794046847430997 0.600021687256181 0.4532848430807334
0 0.5051180969933345 0.23160805588933067 0.4237209020501808 0.22008501989437126 0.3716665438179082 0.3835094949691121 0.4530637387610619 0.3950325309640714
0 0.6560369926858802 0.24421642918096106 0.6221475947640154 0.2417397615387459 0.6105230151078873 0.31243511379819316 0.6444124130297522 0.31491178144040827
0 0.7027925286720288 0.25197327630331684 0.6593808795042922 0.2458276848919333 0.6537097353805145 0.2636322253142006 0.697121384548251 0.26977781672558415
0 0.5508405839843752 0.9420231015625 0.40084900408686164 0.9185135723251264 0.3847736715019431 0.9640963090092763 0.5347652513994566 0.9876058382466498
0 0.7163383164062502 0.9368626809895834 0.5382195917968753 0.9368626809895834 0.5382195917968753 1 0.7163383164062502 1
0 0.8857092617187502 0.9357377252604167 0.7029246113281252 0.9357377252604167 0.7029246113281252 1 0.8857092617187502 1
0 0.940039458984375 0.9466304817708336 0.8959467760649686 0.9376538878649825 0.867388173828125 1.0000000000000002 0.9114808567475314 1.0089765939058513