0 0.3379332887157824 0.6194792774448473 0.2493181269531251 0.6150853502604168 0.23372959649084551 0.754811546649715 0.3223447582535028 0.7592054738341454
0 0.24601330776293634 0.5876587199831359 0.17322248241719643 0.5840494322410623 0.1574105809854957 0.7257777777699475 0.23020140633123562 0.729387065512021
0 0.1583970460533218 0.5600499030942497 0.11408946417502736 0.5578529391179969 0.09725989077795569 0.708703073784164 0.14156747265625014 0.7109000377604167
0 0.10854169631445512 0.536265731285863 0.06265180092708866 0.5339903096527495 0.04226261914825258 0.7167466549673898 0.08815251453561904 0.7190220766005032
0 0.05704434562542866 0.5129417775140185 0.012736762304828793 0.5107448139390374 -0.00791597868798849 0.6958635544404591 0.036391604632611374 0.6980605180154403
0 0.3340100402378105 0.526285449542049 0.25963649852942167 0.5225976846187831 0.24776775548606494 0.6289819609281071 0.3221412971944538 0.632669725851373
0 0.2582142284869913 0.49255838424929727 0.1854234042273112 0.488949096268549 0.173230987030916 0.598234559794547 0.2460218112905961 0.6018438477752953
0 0.008023453125000073 0.39285776171875003 7.216680006135912e-17 0.39285776171875003 7.85925921380007e-17 0.46281852734375 0.00802345312500008 0.46281852734375
0 0.17706982470714921 0.4069397147102723 0.1327622407991133 0.4047427514165942 0.1163893796216117 0.5514992458163909 0.1606969635296476 0.5536962091100689
0 0.12689122662322677 0.3860566147993434 0.08100133350161098 0.3837811930381932 0.06411165375338432 0.5351700938638498 0.1100015468750001 0.537445515625
0 0.07717841026962588 0.366239220613573 0.03140317448387251 0.3634572652001036 0.010942721245496737 0.5130853635969471 0.0567179570312501 0.5158673190104166
0 0.39054991387692833 0.4758885880271982 0.36364898261355455 0.47455472206613963 0.3319218009778313 0.7589380300280585 0.3588227322412051 0.760271895989117
0 0.34468866688730504 0.4305686337326304 0.27189743785197684 0.4269593287982354 0.2596450065036537 0.5367828177742272 0.3324362355389819 0.5403921227086221
0 0.2701519225774747 0.39982110023622314 0.19736069313802557 0.3962117911370509 0.1857554760324164 0.5002339180954606 0.25854670547186553 0.5038432271946328
0 0.19667801332807489 0.25971010785282617 0.15078771629618506 0.25743466578062685 0.13512210015620146 0.3978517813302134 0.18101239718809126 0.40012722340241286
0 0.14610734259896208 0.23325603123019953 0.10101193621901959 0.23073655460688272 0.08173297643255761 0.3841004218141832 0.12682838281250008 0.3866198984375
0 0.09604025084336579 0.20998201737951264 0.050358084395421485 0.20745030513349647 0.03123077691143076 0.3608426445248172 0.07691294335937507 0.36337435677083335
0 0.03473920871827964 0.17090554113500944 0.018915071766120308 0.17012091133672125 0.01125581617865258 0.2387738733278295 0.027079953130811907 0.2395585031261177
0 0.43566056381432605 0.07154395374485804 0.23627624822900697 0.061657605922470826 0.19414828793030603 0.4392672003546961 0.39353260351562513 0.44915354817708336
0 0.2249929187178226 0.037836790705350405 0.1791486991324034 0.03534356364888474 0.15227718686166722 0.2549435673089749 0.19812140644708642 0.25743679436544054
0 0.17417275911019575 0.005041196164946477 0.12828246050709863 0.0027657542365798742 0.10303936094471948 0.22902966507303057 0.1489296595478166 0.23130510700139717
0 0.12063528515625001 1.0408340855860843e-17 0.0747453116912838 -0.0022754256694819705 0.051925595980033726 0.20226674710818815 0.09781556944499993 0.20454217277767014
0 0.055397447265625045 6.938893903907228e-18 0.037990877328028444 -0.000863093898784009 0.027638939828028414 0.09192543214288268 0.04504550976562502 0.0927885260416667
0 1.0596335821001157 0.2895960660223397 0.9832399368116215 0.276533013500086 0.8176476812078832 0.706930835161625 0.8940413264963774 0.7199938876838786
0 0.7331054585644399 0.8791711991421605 0.5921494433593752 0.8780393671875002 0.5899461211987451 0.9999936754501761 0.7309021364038097 1.0011255074048364