0 0.6316837798998777 0.3159532069517818 0.4242959790954164 0.2897482678730278 0.4047054795081968 0.45 0.6120932803126581 0.47620493907875405
0 0.4215373094671089 0.2663700686066271 0.012094773636962111 0.2265071913967578 -0.005964529945053269 0.41823384155857407 0.4034780058850935 0.4580967187684434
0 0.6765108398753146 0.09540834592579547 0.5290405737804875 0.06448467008743274 0.489187301213986 0.2609267440136836 0.6366575673088131 0.2918504198520463
0 0.4665730148665757 0.06887766924337077 0.024926267025498116 0.016384086509749405 0.0039675692347164665 0.1986436336090063 0.445614317075794 0.25113721634262764
0 0.9460803463114754 0.43285196250000013 0.9061027274590164 0.43285196250000013 0.9061027274590164 0.4500000000000001 0.9460803463114754 0.4500000000000001
0 1.0134770534509991 0.43011308254807923 0.9520805119078721 0.38710713141259784 0.9250437636573458 0.4270029129780207 0.9864403052004728 0.470008864113502
0 0.9106462294264243 0.42495260365626053 0.8258826425076315 0.3621753495493389 0.796782910546503 0.40278723650850595 0.8815464974652958 0.4655644906154276
0 1 0.3469731166666668 0.9595940204918033 0.3469731166666668 0.9595940204918033 0.41259410625000015 1 0.41259410625000015
0 0.9419288176743619 0.3812698096607148 0.8576495221381873 0.3185190041571631 0.828453784956021 0.35904915373813395 0.9127330804921956 0.42179995924168556
0 0.9744006575588839 0.3361962771955697 0.8901760129997252 0.27329446462636786 0.8624040119993294 0.31173065786682413 0.9466286565584883 0.3746324704360261
0 1.0146375493673074 0.28217036371443194 0.9227793022915285 0.21227850104652776 0.8830809580341128 0.2662073438619503 0.9749392051098916 0.3360992065298545
0 0.6521196370098664 0.5174394624368013 0.5789081085050003 0.5078497952090617 0.576148343130813 0.5296271570832365 0.6493598716356791 0.5392168243109762
0 0.5296674742377155 0.5650307438833936 0.4912213657879572 0.5606717123033621 0.4825943300748317 0.6393185267533019 0.5210404385245901 0.6436775583333334
0 0.6878430573883731 0.5787447616421849 0.6766289073762821 0.5774365882340007 0.6665398460250294 0.6668307130277868 0.6777539960371204 0.6681388864359711
0 0.7059627282301596 0.45021221802547934 0.689786709502542 0.44816814711011477 0.6746939376833926 0.5716212066988209 0.6908699564110102 0.5736652776141855