0 0.071125623046875 0.5989583333333334 0.070405791015625 0.5862790924479166 0.046055886991013595 0.5868934944906179 0.0467757190222636 0.5995727353760346
0 0.38867187500000006 0.170793109375 0.10844512304687505 0.170793109375 0.10844512304687509 0.5989583333333334 0.3886718750000001 0.5989583333333334
0 0.3809947109375 0.17801999999999996 0.3708707794306869 -0.00030446099991566247 0.3115177931201512 0.001193147634401413 0.3216417246269643 0.179517608634317
0 0.18193595703125007 0.0005278463541666852 0.02693216719415145 -0.03199362370298568 -0.1468232051451697 0.33607421537645016 0.008180584691928922 0.3685956854336025
0 0.7189844042968749 0.5299342317708333 0.5392496269531251 0.5299342317708333 0.5392496269531251 0.5989583333333334 0.7189844042968749 0.5989583333333334
0 0.6826318903412938 0.48512929900302537 0.5212430614255912 0.23667812116652218 0.3227927881378689 0.293971125115228 0.48418161705357143 0.5424223029517312
0 0.472445646484375 0.0466742955729167 0.388671875 0.0466742955729167 0.388671875 0.23408393880208334 0.472445646484375 0.23408393880208336
0 0.24022554205869165 0.9916690683730108 0.223267248046875 0.9589340651041667 0.10852601830295294 0.9853524798484267 0.12548431231476959 1.0180874831172708
0 0.24770253586426383 0.8060501093821705 0.23393684570312506 0.7795533984375002 0.13667528640136137 0.8020110703053297 0.15044097656250013 0.82850778125
0 1.016037831037881 0.7197654371737677 0.8872060908403331 0.6682080558138899 0.7510002070680771 0.8194754662963724 0.8798319472656252 0.8710328476562502
0 0.8696479641203767 0.8716709711601984 0.5807648905405434 0.7587012940932625 0.5005263045967645 0.8498941794722077 0.7894093781765976 0.9628638565391436