0 0.6224092295767171 0.39919163440042976 0.21360635956006543 0.3368143133690309 0.20707883984375006 0.433068123046875 0.6158817098604016 0.49544544407827384
0 0.23328491219022784 0.32540963057691263 2.0816681711721685e-17 0.289813779296875 -0.007494556338899808 0.40032737632418597 0.225790355851328 0.4359232276042236
0 0.2946974348958334 0.03402682812500005 0.016410689812328707 -0.014171802600842397 -0.00391408055248213 0.24986592491307677 0.27437266453102255 0.2980645556389192
0 0.6928736652839819 0.04795902669061813 0.2787257596069416 -0.015233855306867536 0.26059379209561 0.2521374260753002 0.6747416977726503 0.3153303080727859
0 0.7560368916918185 0.28528373854145683 0.7532502568104565 0.255451346135368 0.7023780078125 0.2661432597656249 0.705164642693862 0.29597565217171373
0 0.7193272578125 0.19483956640624997 0.707391026754534 0.033279965850836785 0.6677512689420341 0.03986939749146179 0.6796875 0.20142899804687497
0 0.8155089986979166 0.27525327734374994 0.8148520203679036 0.24799752430909622 0.7635234609821104 0.25078130137681637 0.7641804393121233 0.2780370544114701
0 0.5488362903645833 0.698802716796875 0.49265425499902943 0.6628979180356207 0.4599626861979167 0.77799471875 0.5161447215634706 0.8138995175112544
0 0.21941001618934378 0.7416949461988089 0.15177885528436047 0.7386140147504492 0.15083532216307602 0.7852160061229525 0.21846648306805935 0.7882969375713123
0 0.5469590364583334 0.6982186660156251 0.4926186364522498 0.6664870683058113 0.46446345182291654 0.774972591796875 0.5188038518290002 0.8067041895066889
0 0.3019810768229168 0.7451269472656251 0.2352582190455752 0.7380779911485131 0.23295306272620367 0.7871724787672999 0.2996759205035453 0.7942214348844119
0 0.3758106888020834 0.749002830078125 0.30419683689463883 0.7429502965773505 0.30219713537262344 0.7961865553169919 0.37381098728006795 0.8022390888177664