0 0.8465347067038601 0.05963884142503051 0.8435273351793054 -0.0011967868858168483 0.8176982727062145 0.00008005678530650287 0.8207056442307692 0.06091568509615386
0 0.8110529951923078 9.786598979295689e-17 0.7867171201923077 9.637584722179687e-17 0.7867171201923077 0.06390416826923087 0.8110529951923078 0.06390416826923087
0 0.7752207088874867 0.06777695452454172 0.7750188820791362 -0.00005740803657383048 0.7557239350961539 -2.6688053476566264e-19 0.7559257619045046 0.06783436256111555
0 0.7479277283653845 0.05456711538461538 0.7449081205349943 -0.001268858862299438 0.7210364297188423 0.000022121468666766668 0.7240560375492323 0.055858095715581584
0 0.7127656298076922 0.0512249110576923 0.7103493434889573 -0.0009986792504853954 0.6887647259615383 4.270088556250602e-18 0.6911810122802732 0.0522235903081777
0 0.5228369759615386 0.10294011778846154 0.5166791735088189 -0.0020795632278802 0.4812127764423077 4.270088556250602e-18 0.4873705788950274 0.10501968101634175
0 0.47070304611391306 0.09872694657084108 0.4702626612048527 -0.00009490493737647781 0.44896610576923085 2.6688053476566264e-19 0.4494064906782912 0.09882185150821757
0 0.15865182481532245 0.6595858601099427 0.14664991495254487 0.6456112438028426 0.12174074638722245 0.6670041457121307 0.13374265625000004 0.6809787620192308
0 0.1425052776224773 0.7065709066230332 0.1154461850961539 0.6713566298076923 0.08779238343521507 0.6926061582808131 0.11485147596153847 0.727820435096154
0 0.6589176346153847 0.5115382043269231 0.6467813282342944 0.4451902056868074 0.38630321634615383 0.49283658894230775 0.39843952272724403 0.5591845875824235
0 0.6238236744969173 0.8071755770840376 0.6193318975295523 0.7875398129137287 0.5498498384172503 0.803434173329691 0.5543416153846153 0.8230699374999999