0 0.1269547259615385 0.17438102884615383 2.2442285672005432e-17 0.17438102884615383 3.9183510045414537e-17 0.44778597115384616 0.1269547259615385 0.44778597115384616
0 0.13232020673076922 1.0374083126902157e-17 3.192817589745787e-19 2.271807245134529e-18 1.1489250329226987e-17 0.18241943028846153 0.13232020673076925 0.18241943028846153
0 0.6542254520595564 0.4341580935656549 0.6135558125000001 0.4266665961538463 0.6087083585593049 0.45298232366632896 0.6493779981188612 0.4604738210781375
0 0.7197589582005944 0.4237617528239779 0.5976467956730769 0.4055987500000002 0.5919816036137736 0.4436865519014558 0.7140937661412912 0.4618495547254336
0 0.12401839147523495 0.6518865214309054 0.04475572596153855 0.6263051923076923 0.01433315660168828 0.7205682357806329 0.09359582211538468 0.746149564903846
0 0.2161471250000001 0.6892497379807693 0.14803410520905838 0.6688117016857755 0.12022963851899676 0.7614745271452177 0.18834265830993846 0.7819125634402114
0 0.2985083533653846 0.7288699326923077 0.2392272668269231 0.7077640432692309 0.20729015999230632 0.7974672704632929 0.26657124653076786 0.8185731598863697
0 0.3870812283373763 0.7652257957273295 0.32387563903003735 0.7433443952266648 0.2927146033653847 0.8333547043269232 0.3559201926727236 0.8552361048275879
0 0.47385236295941685 0.7991331165333562 0.4154422956730769 0.7777099663461537 0.38149377886750624 0.8702703570243362 0.43990384615384615 0.8916935072115385
0 0.43724016826923084 0.6504978389423078 0.37946400452806167 0.6237665675390788 0.33941758653846155 0.7103216875000002 0.3971937502796307 0.7370529589032292
0 0.35146644471153843 0.6139170024038462 0.2943427620192308 0.589948139423077 0.2569998950547408 0.6789453557287511 0.3141235777470484 0.7029142187095203
0 0.2653399399038462 0.5748259759615386 0.21067856875466612 0.5496938198783847 0.16852783558158918 0.6413698727630001 0.22318920673076922 0.666502028846154
0 0.1833447427884616 0.5384615384615385 0.10737593125105044 0.5012822887403867 0.05921361285899051 0.5996929375988986 0.13518242439640166 0.6368721873200504
0 0.47069692788461537 1 0.46942847836538465 0.9909745096153848 0.4392318321168236 0.9952183700356072 0.44050028163605437 1.0042438604202224
0 0.6414902091346153 0.9716474399038462 0.639482947431495 0.9573650312055736 0.568069079326923 0.9674015961538461 0.5700763410300432 0.9816840048521187
0 0.4694670235574173 0.9739766463643833 0.46712514654104415 0.9573133286611294 0.437561969137473 0.9614681630659769 0.43990384615384615 0.9781314807692308
0 0.6371794929586497 0.9237038701683894 0.6345030869308422 0.9046602516618534 0.49167596144380116 0.9247332949995334 0.4943523674716087 0.9437769135060693
0 0.46478326923076924 0.9406500120192308 0.46277600812737857 0.9263676056405177 0.4378965850504555 0.9298641801597486 0.43990384615384615 0.9441465865384616
0 0.6351310308420266 0.892432088162622 0.6331001328051783 0.8734001394118475 0.48673738983105025 0.8890184983758395 0.4887682878678986 0.908050447126614
0 0.6330268282220152 0.8597853327650585 0.6308315187534478 0.8409161452468379 0.4847655067840024 0.8579099929577034 0.48696081625256976 0.8767791804759241
0 0.6278896153846154 0.8230560408653846 0.6255477388185894 0.806392723777783 0.4827200032416663 0.8264658535854754 0.4850618798076924 0.843129170673077
0 0.6242479591346153 0.7798730697115382 0.6219060823017559 0.7632097517228009 0.5504922139423076 0.7732463173076923 0.552834090775167 0.7899096352964298
0 0.6219445918418524 0.7462125229423181 0.6196027168545639 0.7295492056328393 0.5505697572115384 0.7392511490384617 0.5529116321988268 0.7559144663479405
0 0.6199757539934662 0.7149322617958241 0.6176338774038462 0.6982689447115382 0.55098121716038 0.7076363656080218 0.55332309375 0.7242996826923077
0 0.45847857211538473 0.708408110576923 0.4399038461538463 0.708408110576923 0.4399038461538463 0.7271171802884615 0.45847857211538473 0.7271171802884615
0 0.6159995690343063 0.6693689901419554 0.6136576921984618 0.652705672299708 0.47083117548076925 0.6727786322115384 0.47317305231661366 0.6894419500537858
0 0.6160770240384615 0.6353732115384615 0.6137352330986849 0.6187105038844527 0.47090810817307693 0.6387835480769231 0.47324989911285353 0.6554462557309317
0 0.6134781601925343 0.582334427668367 0.6111362836538461 0.5656711105769231 0.46592824846131176 0.5860787694470178 0.468270125 0.6027420865384616
0 0.6111747067307692 0.548673264423077 0.6088328302249509 0.5320099471599794 0.46600570483750414 0.5520829904836624 0.46834758134332244 0.5687463077467598