0 0.40622255528846163 0.28100189663461544 0.389423076923077 0.2807086610576924 0.3885747016672916 0.3293121146523896 0.4053741800326762 0.32960535022931264
0 0.9238519269564287 0.239548846967707 0.8108882106380089 0.2375770569172676 0.8096296283182808 0.30968115141631003 0.9225933446367005 0.31165294146674943
0 0.8057575071268895 0.2375569065110332 0.6950647739558611 0.23193100050247947 0.6913452985198316 0.30511368456272325 0.80203803169086 0.310739590571277
0 0.4098006875 0.21374640865384617 0.3894230769230769 0.2133907163461539 0.38845815809886636 0.26867091108996444 0.4088357686757894 0.2690266033976567
0 0.6675604286405132 0.18458634181762518 0.6002629870984112 0.183411659041488 0.5982492451930399 0.2987787018811304 0.6655466867351418 0.29995338465726756
0 0.5882457404154162 0.18320189727388847 0.5185449727372539 0.18198526615694094 0.5165731842223278 0.2949489831578243 0.5862739519004901 0.29616561427477184
0 0.5065271110150772 0.18177549519995576 0.43682634421844113 0.18055886338527427 0.434854554574469 0.2935225788561724 0.5045553213711051 0.2947392106708539
0 1.0019799301826602 0.1711899564412444 0.9611209223431065 0.17047675987383398 0.9583481826923078 0.32932692307692324 0.9992071905318615 0.3300401196443336
0 0.9252363813413218 0.160233544814646 0.8146759897135 0.1583037049750118 0.8133754464422277 0.23281173950084394 0.9239358380700495 0.2347415793404781
0 0.8074660128261382 0.15817785524100783 0.6969056226088702 0.15624801520539877 0.6956889903846152 0.2259487836538462 0.8062493806018831 0.22787862368945525
0 0.6745492470652762 0.0596892903156447 0.6048478647149892 0.05847264732250542 0.6028760743645393 0.17143636297806916 0.6725774567148263 0.17265300597120847
0 0.5933787948119946 0.05699145537405077 0.5252323250377223 0.0540534081975688 0.5202347236303511 0.16997016269267015 0.5883811934046234 0.17290820986915215
0 0.5139027709309251 0.053058031927058075 0.4448419697407677 0.05020677046505999 0.44006232909351317 0.16597511261812417 0.5091231302836706 0.16882637408012227
0 0.4153926186757958 0.031123879823180826 0.39135781624736754 0.030704350943030475 0.3904348581730769 0.08358060336538466 0.4144696606015052 0.08400013224553501
0 1 1.0421970820401819e-16 0.6997284735576923 8.583338001738509e-17 0.6997284735576923 0.14230485096153858 1 0.1423048509615386
0 0.6779951850961539 8.326672684688674e-17 0.608293803450027 -0.0012166441580815496 0.6074609511945004 0.046497350547515075 0.6771623328406272 0.04771399470559671
0 0.5962516586538461 7.259150545626024e-17 0.5289542156999099 -0.0011746819294532784 0.5282301628042549 0.04030625620300596 0.5955276057581912 0.04148093813245931
0 0.39378079949030453 0.6443686501028038 0.2539079254807693 0.6028723846153846 0.22986097935584932 0.6839282441279657 0.3697338533653846 0.7254245096153847
0 0.855541389423077 0.4081186418269232 0.42890857599958093 0.32751497359335535 0.30487402383739437 0.9840261611157044 0.7315068372608905 1.0646298293492722
0 0.9591730772268563 0.3297727712460111 0.6762272671307026 0.26833648278447264 0.6629843557692306 0.32932692307692313 0.9459301658653843 0.39076321153846155