0 0.013589248488512734 0.3643144660441426 3.0071337063607627e-17 0.3620829337860781 -0.0005370868856112674 0.3685308182721869 0.013052161602901437 0.3707623505302514
0 0.020167974607013334 0.3327143777589134 3.4367242358408714e-17 0.3294025331069609 -0.0009399104844374771 0.3406864337181798 0.019228064122575824 0.3439982783701323
0 0.0261899594921403 0.3108267758913413 2.5775431768806537e-17 0.30652604159592534 -0.0008056476294874179 0.3161980747751469 0.02538431186265286 0.32049880907056283
0 0.03221183252720679 0.28893957385398983 2.5775431768806537e-17 0.28364997028862476 -0.0009398761384559235 0.29493345802657756 0.03127195638875084 0.30022306159194256
0 0.8051314492140264 0.284565247877759 0.741694755382767 0.12133315529669905 0.67955649879081 0.16894055772495764 0.7429931926220694 0.33217265030601756
0 0.8648817430394572 0.1699753057804894 0.8376893615102217 0.10239398886947801 0.7666703832833401 0.15872861857285958 0.7938627648125756 0.22630993548387096
0 0.34212975305480564 0.7173396604064954 0.13192470885473462 0.6589817873632355 0.11884534420163625 0.7518593385257948 0.3290503884017073 0.8102172115690547
0 0.21910218077388158 0.8472411018675721 0.17726679981173474 0.8235318059513143 0.1681186239774875 0.8553547242618843 0.20995400493963431 0.8790640201781422
0 0.2763543083434099 0.40989849490662145 0.2333439537190726 0.39969983833481304 0.22922566384522375 0.4339393370118846 0.2722360184695611 0.44413799358369305
0 0.3824943597339783 0.5659782809847199 0.32987297745075067 0.5551062708110024 0.32729583860965733 0.5796969570184652 0.379917220892885 0.5905689671921827
0 0.881844253325272 0.6631015271646861 0.8499725145355654 0.6414648352729646 0.8380266369657464 0.6761555610274997 0.869898375755453 0.6977922529192212
0 0.842732938249395 0.5481470820054074 0.7918500333669606 0.5225640960794079 0.754617154224166 0.6685556446506283 0.8055000591066004 0.6941386305766278
0 0.8139017378911788 0.7984468054549183 0.7345889883054623 0.5791415128276417 0.660933909658172 0.6316557450497614 0.7402466592438885 0.850961037677038