0 0.46875 5.4283964493732224e-17 0.16548180312500002 3.571414316442433e-17 0.16548180312500005 0.51875 0.46875 0.51875
0 0.3089623703125 3.2266275723397404e-17 2.076006041505136e-18 1.3347786830388283e-17 3.3840282394389604e-17 0.51875 0.30896237031250007 0.51875
0 0.6022609300175656 0.21115571060544358 0.5578740775328742 0.10692641364232414 0.5121108624999999 0.12641503281250002 0.5564977149846912 0.23064432977561947
0 0.7532372778401648 0.10039176778848753 0.6458230672044907 0.08529566654498225 0.6373094188637984 0.14587334825194748 0.7447236294994726 0.16096944949545278
0 0.8336049260916403 0.2532389723024281 0.7252052658713269 0.23451245407281665 0.7151807171874999 0.29254020156250005 0.823580377407813 0.3112667197921115
0 0.9062548672197618 0.4048447300278702 0.8015761538162955 0.378847599800442 0.7859190872144589 0.4418915424669859 0.8905978006179252 0.4678886726944141
0 0.622172159375 0.4756084328125 0.5167973328125 0.4756084328125 0.5167973328125 0.51875 0.622172159375 0.51875
0 0.5663782071630671 0.48665448940403006 0.5175072156249999 0.3638560140624999 0.4415660629985654 0.3940788602100237 0.49043705453663256 0.5168773355515538
0 0.23021498951804426 0.9837755018721003 0.04517530309156483 0.625550659637204 -0.05481057911024569 0.6771979886562399 0.13022910731623374 1.0354228308911364
0 0.450673431675647 0.7870743969762398 0.2856391755865847 0.47229066620792237 0.18678838033583106 0.5241159858272116 0.35182263642489336 0.838899716595529
0 0.35305989632281054 0.9153644085786192 0.1458849592367482 0.5187424423970428 0.04642054572643759 0.5706975416309236 0.25359548281249994 0.9673195078125
0 0.9715771117961592 0.970267500554671 0.9627772982476852 0.9011482414179411 0.8490899637627034 0.915622171821504 0.8578897773111777 0.9847414309582339