0 0.518444302861433 0.4447076795195392 0.0005592010752530144 0.41368515209137874 -0.002236832944798331 0.460361695981142 0.5156482688413816 0.4913842234093025
0 0.5514749902343751 0.3080273671875 3.8163916471489756e-17 0.2749927265625 -0.007381562989057011 0.398219354740922 0.5440934272453181 0.431253995365922
0 0.5619022948527048 0.1700103180841991 0.006580755188984435 0.13384869423488102 -0.001557402348447855 0.2588235624140389 0.5537641373152726 0.294985186263357
0 0.5660871252733839 0.029711550572106754 0.1426812361243816 0.00434854576438716 0.1351878608458317 0.1294417374660234 0.558593749994834 0.154804742273743
0 0.08746627606142146 0.004006869579137984 0.054630963421731495 -0.032332374974112274 -0.018937678182462135 0.03414257180171276 0.013897634457227838 0.07048181635496302
0 0.6882367329024994 0.4606626014058832 0.6675964890005909 0.37371309639805317 0.6480979299710443 0.37834170255365296 0.6687381738729528 0.465291207561483
0 0.587548244140625 0.23335954296875006 0.55859375 0.23335954296875006 0.55859375 0.3547889414062501 0.587548244140625 0.3547889414062501
0 0.6781200763321109 0.33515185006940434 0.5825979017865534 0.0608043936165889 0.547241394282171 0.07311480656818772 0.6427635688277284 0.34746226302100314
0 0.5156890397951308 0.6828668513836387 0.4602281738281251 0.6249906855468751 0.4163622023923694 0.6670260333819865 0.4718230683593751 0.7249021992187501
0 0.41612375242174793 0.5413940307537047 0.3608723803244763 0.4721122994097012 0.030036086887103353 0.7359503819372466 0.08528745898437501 0.8052321132812501
0 0.9829043834826737 0.49628451555774894 0.7705894787566808 0.47634970395965737 0.7545703562827164 0.6469607200266143 0.9668852610087093 0.6668955316247058