0 0.06456102083333333 0.025474728515625013 2.826593563619203e-18 0.025474728515625007 9.021123211142424e-18 0.177221248046875 0.06456102083333334 0.177221248046875
0 0.06143754036458333 5.642946536622997e-18 0 0 1.539043610821583e-18 0.037701734375 0.06143754036458333 0.037701734375000004
0 0.2700006131805499 0.8468545427337638 0.26875430208333334 0.787954240234375 0.2295646329132001 0.7898200314849861 0.2308109440104166 0.848720333984375
0 0.31527332552083337 0.843738384765625 0.31363857682291674 0.7857850468750001 0.27336507359752715 0.7883411270517041 0.2749998222954438 0.8462944649423291
0 0.31538483593749994 0.776627080078125 0.31394003272066434 0.7182651407705635 0.27310718080049684 0.7205395636588408 0.2745519840173325 0.7789015029664023
0 0.3151590130208333 0.706585970703125 0.31289051571257115 0.649946364748943 0.27313848185840445 0.6535286479520679 0.2754069791666666 0.7101682539062499
0 0.27234126562500005 0.7383216601562501 0.2681606765302034 0.6496892093443087 0.23990805804062007 0.6526875843443087 0.2440886471354167 0.7413200351562501
0 0.23042773562736574 0.632600180969996 0.23038286458333335 0.5957491640624999 0.16658558728930092 0.5959239479362538 0.16663045833333331 0.63277496484375
0 0.23362244189556372 0.5906022605195473 0.23302869010416674 0.5377314003906252 0.18927914273985305 0.538836864480453 0.18987289453125003 0.5917077246093752
0 0.18460922135416669 0.54131540625 0.14226126479193896 0.5405464764286003 0.1418181588541667 0.59545450390625 0.18416611541639447 0.5962234337276496
0 0.13828058618974234 0.5932027608019681 0.1369133243422111 0.5394969053546365 0.09146613398580206 0.5421001777557934 0.09283339583333332 0.5958060332031251
0 0.15751858106718233 0.6355921848138243 0.15626202975927198 0.5942614078584678 0.08774093306708963 0.5989486078102685 0.08899748437499999 0.640279384765625
0 0.15556340506737942 0.6728266066474609 0.1540421411423197 0.6347615833453455 0.08566420742910698 0.6409101934947598 0.0871854713541667 0.6789752167968751
0 0.9233116769636748 0.5469760804818675 0.8767941757035956 0.41184757635581287 0.5658686159274211 0.6526763376708206 0.6123861171875 0.7878048417968753