0 0.7500000000000002 0.972656 0.6718750000000002 0.972656 0.6718750000000002 0.996094 0.7500000000000002 0.996094
0 0.39491301230853343 0.995952512484159 0.3248917737612199 0.8068971401792515 0.06866341667361042 0.9017975214563404 0.13868465522092394 1.0908528937612478
0 0.7345095487542155 0.9515095011830987 0.6722795255602063 0.7959324518373339 0.4291487187891786 0.8931835297319479 0.4913787419831877 1.0487605790777128
0 1.0570965695146772 0.9282950484114405 0.9957729742910026 0.7647689497050797 0.7765942916267821 0.8469627091336231 0.8379178868504565 1.0104888078399838
0 0.4634966944122048 0.6606950291282909 0.4548757800230359 0.6391430190246291 0.39358878953535054 0.6636581290131112 0.40220970392451943 0.685210139116773
0 0.6674117218603071 0.7777019944720867 0.6044062580044298 0.6173253832119556 0.36245184327923974 0.7123794563212282 0.425457307135117 0.8727560675813593
0 0.558593517203938 0.6249987931025364 0.5502421700380966 0.6041220285439739 0.48491431275796526 0.6302551783534902 0.49326565992380655 0.6511319429120528
0 1.015624586198678 0.7382819655128785 0.9509711640787626 0.5766442723057997 0.7105331212907038 0.6728170273459702 0.7751865434106191 0.834454720553049
0 0.5475480957136715 0.5979249244900519 0.5378496932250837 0.5752964221224901 0.4751480214316431 0.6021698775497412 0.48484642392023086 0.6247983799173029
0 0.9478278018268737 0.5639967729405074 0.8868249035397888 0.4013258478213507 0.6428178035395403 0.4928304623782441 0.7038207018266252 0.6555013874974008
0 0.8827195178037661 0.38415375513641614 0.8568325857639347 0.32202299755620345 0.7328491088737691 0.3736810163108291 0.7587360409136005 0.4358117738910418
0 0.996094 0.2773440000000001 0.933594 0.2773440000000001 0.933594 0.45703100000000013 0.996094 0.45703100000000013
0 0.32052618818521794 0.7753158720590597 0.12404575205311724 0.2513345075661303 -0.1289509690666671 0.34620220606474256 0.06752946706543358 0.8701835705576719
0 1.0179690000000001 0.25312499999999993 0.9953126 0.18515580000000004 0.8992181 0.21718730000000022 0.9218745 0.28515650000000015
0 0.5850725985250114 0.5435845149382477 0.38935574278613366 0.02004223898371915 0.13679320063028122 0.11445819906648125 0.33251005636915887 0.6380004750210096
0 0.996094 1.1122278969260235e-16 0.820312 1.0045924651021637e-16 0.820312 0.13281200000000012 0.996094 0.13281200000000012
0 0.8550938912100889 0.2984863130496057 0.7083770279434328 -0.09278369694211669 0.4579415855912912 0.0011235834893200125 0.6046584488579474 0.3923935934810424