0 0.4031478084663832 0.21875574720627475 0.3969241560754665 -0.016639714924832672 -0.0057176581380069475 0.01700532610782263 0.0005059942529097768 0.25240078823893003
0 0.8153309148203857 0.37583966718426715 0.6150324857612819 0.20577242213930147 0.5890667177499331 0.30242489848925946 0.7893651468090368 0.4724921435342252
0 0.09885967552083334 1 0.09134156093750002 0.976577175925926 0.07918389671017133 0.9889103475556597 0.08670201129350466 1.0123331716297337
0 0.07588771934158214 0.9910305134541659 0.06704331093750007 0.9641397712962965 0.06165966242925126 0.9697360282125009 0.07050407083333333 0.9966267703703703
0 0.08403187224644565 0.9831943664624738 0.07485226822916674 0.9555606574074074 0.06919745223272115 0.9614975363153039 0.07837705625000006 0.9891312453703706
0 0.10561452028169255 0.9609148269215098 0.09645960156249998 0.9329027574074076 0.09113369221830743 0.9384039647451571 0.1002886109375 0.9664160342592595
0 0.11822320711877081 0.9469088789995886 0.10891373767958523 0.9196066920081033 0.09907699878998114 0.9302073685640703 0.10838646822916671 0.9575095555555557
0 0.11474482170590541 0.9899713548144891 0.10590076874999997 0.9623555416666665 0.09310468148390552 0.9753072077328123 0.10194873443981095 1.002923020880635
0 0.13044986423614607 0.9725569816053315 0.12090972083333339 0.945312000925926 0.10840812638885401 0.9591473063576317 0.11794826979166669 0.9863922870370373
0 0.1392752833333333 1 0.13030325625 0.9739520453703706 0.1181162978844795 0.987218877168289 0.1270883249678128 1.0132668317979188
0 0.8286498067708333 0.5717900175925926 0.8260592620553489 0.5212904339543263 0.7945316317708333 0.5264019481481481 0.7971221764863177 0.5769015317864145
0 0.46730097359568584 0.6289293846488438 0.4658516436787085 0.5692757485420055 0.4458231302083334 0.5708136694444446 0.44727246012531074 0.6304673055512829
0 0.5221064343749999 0.6198222898148149 0.5155961551265977 0.556147925472177 0.4952942337514005 0.5627082766388317 0.5018045129998028 0.6263826409814697
0 0.4871960733398657 0.9889305193064156 0.4859368181683948 0.9371003106817436 0.46301469114583327 0.9388604240740743 0.4642739463173042 0.9906906326987465
0 0.5501171473958333 0.9826293888888891 0.5486003994480249 0.952126655042078 0.5150520432291666 0.9573989638888888 0.5165687911769752 0.9879016977356998