0 0.35758544740346204 0.39917094173228357 0.1720170905459388 0.3991709417322835 0.1720170905459388 0.42992125984251967 0.35758544740346204 0.42992125984251967
0 0.442345603195739 0.39901187795275594 0.4244319442952952 0.3921992859808798 0.41461235540054064 0.4283151202548897 0.4325260143009844 0.4351277122267659
0 0.5087729873501997 0.3791166535433072 0.4427262776298269 0.3791166535433072 0.4427262776298269 0.42992125984251967 0.5087729873501997 0.42992125984251967
0 0.9693238867047659 0.055312155673266264 0.8796608794940078 0.00298549370078755 0.8742986820567055 0.015837339133374477 0.9639616892674634 0.06816400110585319
0 0.9870650308709324 0.01585194612530063 0.9177226854490921 -0.02537357408155746 0.9065804148977336 0.0008407404230634768 0.9759227603195739 0.04206626062992157
0 0.15594510198413075 0.8361642299811238 0.14451492628296922 0.823867837077092 0.1268787853641476 0.8467982121422323 0.13830896106530916 0.8590946050462639
0 0.17908011804911805 0.8128940898589297 0.14018401630696545 0.759023048334535 0.11960125783673371 0.7798098037787343 0.15849735957888633 0.8336808453031289
0 0.9289358371857351 0.8149498696686841 0.8978093394850448 0.8076438786467346 0.8934037920332821 0.8338971501521464 0.9245302897339723 0.841203141174096
0 0.6970346847475989 0.7531703659570801 0.6433675599201064 0.7387212645669291 0.6362848206392904 0.7755173119389335 0.6899519454667827 0.7899664133290845
0 0.8794406070067189 0.7992878458128432 0.8586901983506946 0.794417324715964 0.8541889182414458 0.8212410867771369 0.8749393268974701 0.8261116078740159
0 0.7515948385971141 0.7471317131981995 0.7446774456436729 0.7455080674597503 0.739896816013575 0.7739965090440522 0.7468142089670163 0.7756201547825013
0 0.7760736044217456 0.7512070577881983 0.7622397024765628 0.7479599803518233 0.757411259839105 0.776733404453389 0.7712451617842878 0.7799804818897639
0 0.7320550468691778 0.7350415149271297 0.7130337622953722 0.7305768472620652 0.7071470456525589 0.7656565787916286 0.7261683302263646 0.7701212464566931
0 0.7059565484224455 0.7214235947265469 0.6489014478317693 0.7060623242039122 0.645985137575259 0.7212130516875755 0.7030402381659353 0.7365743222102101
0 0.9769045618901187 0.7754432485422798 0.9561532689747005 0.770572518897638 0.9516519833828511 0.7973963081506341 0.9724032762982692 0.8022670377952758
0 0.9459409770948082 0.7671664479750097 0.9269192529960053 0.7627016803149607 0.9224275515336872 0.789468348875384 0.94144927563249 0.793933116535433
0 0.9080704671417185 0.7572091017323637 0.8959656934021062 0.7543678770856506 0.891877825461453 0.7787280509438381 0.9039825992010653 0.7815692755905512
0 0.887799764003132 0.7494744631344489 0.8670493559876566 0.7446039421879188 0.8622303969112891 0.7733207979511081 0.8829808049267645 0.778191318897638
0 0.7082655765645807 0.6947258322834647 0.652811862211048 0.6820746240819194 0.6503556587275056 0.6971335988079586 0.705809373081038 0.7097848070095039
0 0.7831266400366603 0.6984671208817885 0.7692927390146471 0.6952200370078742 0.7640986941843783 0.7261720767560069 0.7779325952063916 0.7294191606299214
0 0.9143824687204554 0.7088822905370958 0.9040072649800266 0.7064470291338584 0.900304064058122 0.7285149159328049 0.9106792677985508 0.7309501773360424
0 0.8955236568033854 0.70344671204405 0.8747732483355526 0.6985761905511811 0.8695504563960367 0.7296995404027014 0.8903008648638694 0.7345700618955703
0 0.954348048945695 0.717067531553579 0.9353263255659123 0.7126027645669292 0.9312097073078176 0.7371342633503273 0.9502314306876003 0.7415990303369772
0 0.9839092307736795 0.7229887456930658 0.9631583788324986 0.7181181199617163 0.958705013571469 0.7446563474969969 0.9794558655126498 0.7495269732283466
0 0.6556206688691681 0.622860672340976 0.6331406904127831 0.6175841866141732 0.6048803800797661 0.7859913159937539 0.6273603585361511 0.7912678017205566
0 0.7923277349607247 0.6581659601173298 0.7281385035405342 0.6408839277094099 0.7231389780096086 0.6668573139835501 0.7873282094297991 0.6841393463914699
0 0.7189719677464207 0.6110965347790691 0.6688461318242344 0.5976008716535435 0.6663463160064592 0.6105878415659873 0.7164721519286456 0.6240835046915131
0 1.0049995242860867 0.6789988768877793 0.9714011811073829 0.669953005490939 0.9651517489186632 0.7024198765293411 0.9987500920973671 0.7114657479261814
0 0.8308496602926974 0.6321115204822996 0.8078805845539282 0.6259274267716536 0.802881060080139 0.6519008133759684 0.8258501358189082 0.6580849070866144
0 0.9596922574683387 0.6676042916194724 0.91323231988907 0.6516379522129441 0.9053158470468462 0.6838588334788744 0.951775784626115 0.6998251728854027
0 0.7629506712952842 0.6044854647203819 0.7560337206637309 0.6028619225903818 0.750887589956283 0.6335284322659614 0.7578045405878362 0.6351519743959614
0 0.7423244001335187 0.5988724529107138 0.7336783230380072 0.5968430516876984 0.7285130280975642 0.6276237688557248 0.7371591051930759 0.6296531700787402
0 0.7994288054340674 0.6120302055102071 0.7925118546356841 0.6104066637268326 0.7866251417448924 0.6454864141221373 0.7935420925432759 0.6471099559055118
0 0.7805124962143106 0.6069372598642253 0.7735955466045275 0.6053137181102365 0.7677088326804966 0.6403934692696334 0.7746257822902797 0.6420170110236222
0 0.722576046503291 0.5893009745515244 0.67255242322528 0.5758328317704299 0.6704693145197799 0.5866549379465842 0.720492937797791 0.6001230807276786
0 0.8641525066276304 0.6226261306174938 0.8520477321476879 0.6197849056456359 0.8450644225906301 0.6613994167604258 0.8571691970705726 0.6642406417322836
0 0.9564041909447334 0.6191294657774427 0.9200903135818906 0.6106058952755906 0.9160311951132604 0.63479474492029 0.9523450724761029 0.643318315422142
0 0.9109836639687335 0.6006083939039814 0.8902328132824874 0.5957377690647917 0.883980600283932 0.6329955868693566 0.9047314509701783 0.6378662117085463
0 1.002083108668499 0.623574802341697 0.9817399846870837 0.6180977070866143 0.9796568758546867 0.6289198118956072 0.999999999836102 0.6343969071506899
0 0.8057508318168646 0.5636463949489272 0.798833880876026 0.5620228532426088 0.7944091695651535 0.5883903323094297 0.801326120505992 0.590013874015748
0 0.771983762016045 0.5547938443898306 0.742085395472703 0.5467441377952755 0.7366691634167112 0.5748823886810354 0.7665675299600532 0.5829320952755906
0 0.7889291513348533 0.5567812419561913 0.7802830732356858 0.5547518401574805 0.775136942528238 0.58541834983306 0.7837830206274053 0.5874477516317708
0 0.7029658135249937 0.5335174653235591 0.6701101895723371 0.5258056164776768 0.6642618092508877 0.5606569372247148 0.6971174332035444 0.5683687860705972
0 0.8412979237509428 0.5660293907648843 0.8240053255659121 0.5619704826771655 0.8188784524339998 0.5925222281515313 0.8361710506190304 0.5965811362392502
0 0.9155616735693535 0.5752371837154153 0.8946191944074567 0.5695987196850396 0.8921193779291161 0.5825856893965436 0.9130618570910127 0.5882241534269194
0 1.0027191664977297 0.5886177204788258 0.9869626018300001 0.5853714088348476 0.9842434353322704 0.6038317426867308 1 0.6070780543307088
0 0.9806599402315639 0.5723916219348117 0.9344785067834188 0.557151951831845 0.92663348054111 0.5904040203980141 0.9728149139892551 0.6056436905009809
0 0.9192168645317172 0.5534553852347225 0.8999943695073239 0.548280003937008 0.897494553577471 0.5612669746077977 0.9167170486018643 0.566442355905512
0 0.8233507623060894 0.4694759255496018 0.7870368848202398 0.460952355905512 0.7751963557857868 0.5315117171397702 0.8115102332716365 0.54003528678386
0 1.005327184262466 0.5163825525393909 0.9364980346533707 0.5011998740616309 0.9311429515594997 0.535156352670917 0.9999721011685949 0.550339031148677
0 0.8856046865602992 0.48407962116715325 0.8475612394921338 0.475150088284931 0.8364134450756429 0.5415813490075416 0.8744568921438083 0.5505108818897638