0 0.26840946992505194 0.29111472850391185 0.11189399218176856 0.2844844785579863 0.1115601821621018 0.3095194215107292 0.2680756599053852 0.31614967145665474
0 0.2864584940184254 0.24950512067826552 0.12990280074434607 0.23430260854320623 0.12856236997380066 0.2781574699650076 0.28511806324787997 0.29335998210006686
0 0.461992250222046 0.22416795014353608 0.30604530580162614 0.21756179122872166 0.30471006715200066 0.31770156251732556 0.4606570115724205 0.32430772143213993
0 0.3045591531702703 0.21344383503655787 0.15116503443538173 0.1980500038570175 0.1503798192364835 0.22290825285170002 0.3037739379713721 0.2383020840312404
0 0.6611768746761072 0.1045972459763672 0.5100364070600382 0.0894283772223248 0.5049707075195312 0.24978497824194965 0.6561111751356002 0.264953846995992
0 0.42908729098540765 0.07895803394669831 0.15415444805622783 0.048250764189346644 0.14974366237980133 0.1737153685682188 0.4246765053089811 0.20442263832557045
0 0.6610889048632153 0.05012039049150364 0.5850654809654411 0.04221246070751617 0.5836037980271851 0.08685590006995839 0.6596272219249593 0.09476382985394587
0 0.6598682546395227 0.013370738564696451 0.5954427781656592 0.010641572323302942 0.5952424922746076 0.02566253796378379 0.6596679687484711 0.028391704205177302
0 0.4718355498615945 0.9798006063522652 0.4638099711914063 0.956330952132289 0.4378077230491718 0.9845797786027749 0.44583330171936003 1.0080494328227512
0 0.8982509320235549 0.7465215650719729 0.8542871453400948 0.5991019375739808 0.7933697035148697 0.6568186103236707 0.8373334901983298 0.8042382378216628
0 0.9990140325006015 0.698911002628612 0.9853009890521364 0.6965117859539314 0.9842877473646914 0.7149109155173139 0.9980007908131565 0.7173101321919946
0 0.7444017590521342 0.5318563107729368 0.7342162531668535 0.4735363681968527 0.7146414400125025 0.4843976976926449 0.7248269458977833 0.542717640268729
0 0.820649294154959 0.408403758697958 0.8122104633789063 0.35842893124456043 0.7856757319687083 0.37266419498839354 0.794114562744761 0.4226390224417911
0 0.9265794576469225 0.4810084126979787 0.9084275982097547 0.401715072119136 0.88362696116514 0.4197521877241045 0.9017788206023077 0.4990455283029472
0 0.8483670283974374 0.9904655337430092 0.8328209243164062 0.9376451583986076 0.8176034024635034 0.9518744693249278 0.8331495065445346 1.0046948446693291