0 0.3732548919529902 0.5261074271831788 0.34999999957848404 0.4064714197064892 0.30407165137549386 0.4153989893983104 0.32732654375000003 0.535034996875
0 0.8060089377272316 0.4044926000632948 0.7976611180808005 0.3615468039129784 0.779255215625 0.3651245500000001 0.7876030352714312 0.4080703461503165
0 0.8611947574136188 0.39003927743999833 0.8443298112352103 0.3288049889966519 0.8094377235534311 0.3384148529432208 0.8263026697318395 0.39964914138656726
0 0.9124453847224417 0.375405550246912 0.8966487990353121 0.3146576755312815 0.8613704731674243 0.3238312820167638 0.8771670588545539 0.3845791567323943
0 0.9644612392847589 0.360602695632209 0.9478496897145773 0.30029306280600315 0.9113403672527498 0.3103491084396431 0.9279519168229313 0.3706587412658489
0 1.011329327881143 0.3454818255168369 0.9999999997386249 0.2871975174053432 0.9720889432409313 0.2926228802193246 0.9834182713834494 0.35090718833081835
0 0.781388865625 0.31059069062499994 0.7718484178493749 0.2615093287445944 0.7503759120074069 0.2656831599658279 0.7599163597830321 0.3147645218462335
0 0.831749528125 0.29125089687500005 0.8234015546132873 0.2483043127607166 0.7865897507852213 0.2554598053246259 0.7949377242969341 0.29840638943890935
0 0.8833018838309599 0.27804603282237783 0.8743578255611745 0.23203284539077235 0.8375468065836327 0.23918818317724275 0.8464908648534181 0.28520137060884826
0 0.9348543901235219 0.26484195551063416 0.9259101808789669 0.2188279824661999 0.8921665481483027 0.2253870794501319 0.9011107573928576 0.2714010524945662
0 0.9956098500000001 0.24984900312499994 0.9866656403233544 0.2038350313086339 0.9498546187499999 0.21099036874999996 0.9587988284266457 0.257004340566366