0 0.9062500000000001 0.777344 0.6875 0.777344 0.6875000000000001 0.925781 0.9062500000000002 0.925781
0 0.6718750000000001 0.773438 0.4921880000000001 0.773438 0.4921880000000001 0.9375 0.6718750000000002 0.9375
0 0.4492190000000001 0.773438 0.3398440000000001 0.773438 0.3398440000000001 0.957031 0.4492190000000001 0.957031
0 0.3203120000000001 0.769531 0.2070310000000001 0.769531 0.2070310000000001 0.996094 0.3203120000000001 0.996094
0 0.18930052668927688 0.7678183227855894 0.07823721987205737 0.7650419178164497 0.07246238511959163 0.9960500924382537 0.18352569193681115 0.9988264974073934
0 0.0312500000000001 0.730469 8.94566522726368e-17 0.730469 1.006984812624298e-16 0.914062 0.03125000000000011 0.914062
0 0.871094 0.648438 0.6875 0.648438 0.6875 0.765625 0.871094 0.765625
0 0.6791633048521689 0.6485507656229568 0.4991554565346592 0.6425493263560029 0.49518770353720465 0.7615585586346598 0.6751955518547144 0.7675599979016137
0 0.035156200000000075 0.621094 7.606207790696262e-17 0.621094 8.156343625809237e-17 0.710938 0.03515620000000008 0.710938
0 0.4531250000000001 0.566406 0.3437500000000001 0.566406 0.3437500000000001 0.753906 0.4531250000000001 0.753906
0 0.3242190000000001 0.566406 0.21093800000000004 0.566406 0.21093800000000007 0.75 0.3242190000000001 0.75
0 0.19140600000000005 0.566406 0.07812500000000007 0.566406 0.07812500000000008 0.75 0.19140600000000008 0.75
0 0.9960940000000001 0.5351560000000002 0.929688 0.5351560000000002 0.9296880000000001 0.9179690000000003 0.9960940000000003 0.9179690000000003
0 0.871094 0.519531 0.691406 0.519531 0.691406 0.640625 0.871094 0.640625
0 0.679688 0.519531 0.5 0.519531 0.5 0.632812 0.679688 0.632812
0 0.460938 0.3632810000000001 0.347656 0.363281 0.3476560000000001 0.546875 0.46093800000000007 0.546875
0 0.32897959286694706 0.3611996902913032 0.21817512141770717 0.35835873649278976 0.21334267529783427 0.5468365070216967 0.3241471467470742 0.5496774608202102
0 0.19973917433487537 0.35706280524631606 0.08745160064700659 0.3543887864218492 0.08296907634779871 0.5426192405045065 0.1952566500356675 0.5452932593289733
0 0.03906250000000004 0.324219 3.970537605727557e-17 0.324219 4.4967499656191874e-17 0.410156 0.03906250000000005 0.410156
0 0.996094 0.07031250000000008 0.503906 0.07031250000000006 0.503906 0.48828100000000013 0.996094 0.48828100000000013
0 0.46928591194077146 0.0664167073915674 0.3565067852241992 0.06420549626735264 0.351036591607844 0.34320357667100143 0.46381571832441626 0.3454147877952162
0 0.335938 0.05078120000000003 0.222656 0.050781200000000026 0.22265600000000002 0.335938 0.335938 0.335938
0 0.20629664485057198 0.04500108604663257 0.0935741311545194 0.042183203560253145 0.08645989260944917 0.32677095897940805 0.19918240630550174 0.3295888414657875
0 0.042968800000000015 0.027343800000000005 3.34864971465254e-18 0.0273438 1.4590552183253487e-17 0.210938 0.04296880000000003 0.210938