0 0.5404067509951999 0.38979302817017875 0.44864886267053056 0.29245701626311205 0.2467508974630738 0.4827846306939516 0.33850878578774307 0.5801206426010184
0 0.39993108894230767 2.4488716397635625e-17 0 0 3.061616997868383e-17 0.5 0.39993108894230767 0.5
0 0.6728043776720306 0.004498580667987499 0.6364592190181845 -0.06847731115893556 0.4989665504807693 -3.416070845000482e-17 0.5353117091346155 0.07297589182692302
0 0.8073165456730769 0.2049371009615384 0.7025699883764734 -0.004573270120400157 0.5360845950527502 0.07866257019039152 0.6408311523493537 0.28817294127233006
0 0.9013494038461539 0.38672970192307715 0.8173625560527865 0.21760276464613992 0.6526756041297096 0.29938475743460147 0.736662451923077 0.4685116947115387
0 1 0.39273424278846164 0.7454310216346154 0.39273424278846164 0.7454310216346154 0.5000000000000001 1 0.5000000000000001
0 0.5507487764423076 0.13198691105769236 0.5260973116733004 0.08253397409073568 0.43448315061560816 0.12820210630227413 0.45913461538461536 0.17765504326923082
0 0.6232180411447591 0.2830190151489383 0.5589725362171268 0.15524930748948493 0.4436145647839061 0.21325391012900824 0.5078600697115383 0.34102361778846163
0 0.7252488581730769 0.47816803365384636 0.6437054662974723 0.3097244940574998 0.4284408414074484 0.4139339383996618 0.5099842332830531 0.5823774779960084
0 0.45913461538461553 0.8835298701923077 0.3638270480769232 0.8835298701923077 0.3638270480769232 0.9655076730769232 0.45913461538461553 0.9655076730769232
0 0.36945542885458404 0.8775193880472306 0.029533763754889638 0.8431237247017124 0.02046054955472669 0.9327914844929318 0.3603822146544211 0.9671871478384501
0 0.7049119807692309 0.7350828293269233 0.6526648184793713 0.6750021783428899 0.4124884454000185 0.8838636626467401 0.46473560768987804 0.9439443136307735