0 0.6729671202162668 0.5753307338535562 0.6047304849804047 0.23806379261619123 0.41986006823992283 0.2754672070947654 0.48809670347578493 0.6127341483321304
0 0.47253308169715236 0.6213329084924234 0.40653268090117756 0.2812034743982041 0.13238325678666574 0.3344007871145485 0.19838365758264048 0.6745302212087678
0 0.1782466135938004 0.6421180311950775 0.11227274930879487 0.3160350837713271 -0.0038634547858394245 0.33953203210318283 0.062110409499166123 0.6656149795269333
0 0.27192680747421216 0.15133776671482277 0.23995081009615388 0.008145697115384615 -0.03197599737805833 0.06886924770825417 8.540177112501205e-18 0.21206131730769234
0 0.9901109399038462 0.6134568197115386 0.98503855770925 0.5891513050497293 0.775060391826923 0.6329722043269232 0.7801327740215194 0.6572777189887324
0 0.9888737480531595 0.5665618968373589 0.8700000194192642 -0.038449383630482684 0.6494347317775069 0.004887689570711933 0.7683084604114023 0.6098989700385536
0 0.43394144711538457 0.9430827932692308 0.38915430979294957 0.8981480901980718 0.32305199278846175 0.964033326923077 0.3678391301108968 1.008968029994236
0 0.3995799086538462 0.9294162932692308 0.38609314454383803 0.9149347562251576 0.3619580059582326 0.9374119918856935 0.37544477006824073 0.9518935289297666
0 0.8079810402560224 0.996073213371289 0.7968591144696486 0.9028840136467627 0.6088755016136081 0.9253194439049862 0.6199974273999818 1.0185086436295125
0 0.8807090220315332 0.7569872014416996 0.7974703737744353 0.7353587223223816 0.7617833701666062 0.8727025422125488 0.8450220184237042 0.8943310213318669
0 0.7887900840596576 0.649069494872905 0.7065912400930936 0.6277118323582139 0.643422462140319 0.870828349389373 0.7256213061068829 0.8921860119040642
0 0.6626155697115385 0.6490384615384616 0.6177884615384616 0.6490384615384616 0.6177884615384616 0.8466349038461538 0.6626155697115385 0.8466349038461538