0 0.39333007056405167 0.28274635990867186 0.13729660900960483 0.25047500972372505 0.09465690798159633 0.5887685794467588 0.35069036953604316 0.6210399296317056
0 0.9897662593749998 0.03228280468750011 0.8045579555126082 0.024302222087581822 0.8025992266065751 0.0697591613361431 0.9878075304689669 0.0777397439360614
0 0.9759468484375 0.09673637968750011 0.802526334375 0.06561024843750007 0.7969230850274671 0.09682898148417533 0.970343599089967 0.12795511273417537
0 0.97270009375 0.1400040062500001 0.79727718125 0.10590524531250009 0.7914730099861058 0.13576511704295358 0.9668959224861057 0.16986387798045358
0 0.9632335140624999 0.18206421093750014 0.7868832549801028 0.15037349371587033 0.7812795234374998 0.1815567421875001 0.9576297825198969 0.21324745940912987
0 0.9550111359374999 0.22436467500000012 0.7795362072792058 0.1941689813775389 0.7750279578125001 0.22036757656250017 0.9505028864707942 0.2505632701849614
0 0.9500297699402829 0.2672515088822065 0.7706386421875001 0.23629932968750014 0.7652435082055656 0.267568183596246 0.9446346359583483 0.2985203627909524
0 0.9433017484375 0.3111769671875001 0.76141415 0.2771140953125001 0.7562785632938004 0.30453690146889406 0.9381661617313004 0.338599773343894
0 0.9337442445406623 0.3456206929802256 0.7512574689462623 0.32056824287007746 0.7471458109375001 0.3505183359375001 0.9296325865319002 0.3755707860476482
0 0.92581839375 0.3878305781250001 0.7445602811347001 0.36584896118417154 0.7409291984374999 0.3957904890625001 0.9221873110527999 0.4177721060033286
0 0.9186343188418219 0.43807988748053683 0.7382327156249999 0.4030133687500001 0.733637796650384 0.42665217806671346 0.9140393998672061 0.46171869679725014
0 0.9181588859375001 0.49174376250000007 0.43011246718749996 0.49174376249999996 0.43011246718749996 0.6000000000000001 0.9181588859375001 0.6000000000000002
0 0.3851098109375001 0.6 0.1579886687500001 0.6 0.1579886687500001 0.67783846875 0.3851098109375001 0.67783846875
0 0.3950644036615253 0.9344291946300354 0.3098583843750001 0.9212008843750003 0.30340222555775936 0.9627862102475391 0.3886082448442846 0.9760145205025742
0 0.8028622520312982 0.7728951625758615 0.4913870109375001 0.7090455453125002 0.47639069097331654 0.7822015418018349 0.7878659320671147 0.8460511590651961