0 0.06974203774776692 0.12458419553168168 0.011803400134577997 0.11900901912263065 -0.0018146504503198074 0.26053123114726684 0.05612398716286913 0.26610640755631787
0 0.6396902617191289 0.45119760586343916 0.47074418798153933 0.4290026103242415 0.4623328258596541 0.4930290528061926 0.6312788995972436 0.5152240483453904
0 0.8429505842063097 0.4271543346976802 0.6806256154466299 0.4105927821682555 0.6725370830239097 0.48987102437996766 0.8348620517835895 0.5064325769093925
0 0.6365608142170689 0.37411497816412115 0.5028350914090537 0.36139913344100594 0.49662685005026797 0.4266878799732024 0.6303525728582832 0.4394037246963176
0 0.9155243539351045 0.39440429924248943 0.6579410447473746 0.36842603324906353 0.6546001476258817 0.40155216015944656 0.9121834568136113 0.4275304261528725
0 0.6125317609375001 0.34047855468750005 0.5384711351341636 0.33074896655714536 0.534672496875 0.35966381093750005 0.6087331226783365 0.36939339906785473
0 0.6502609609840599 0.23628386936874407 0.6341208572724283 0.23320425204308756 0.6156033772775125 0.3302533383389936 0.6317434809891441 0.33333295566465015
0 0.941251024589398 0.24895608280130363 0.6856052832213363 0.22317117035945094 0.6725068143392979 0.35303656337509515 0.9281525557073598 0.3788214758169478
0 0.8913285197575764 0.17505189604239196 0.7417487899995662 0.16025417614561083 0.737106316127518 0.2071816752490804 0.8866860458855281 0.22197939514586146
0 0.2535458117396965 0.6687923233318168 0.21954788542271278 0.6651078421317106 0.21420418618301645 0.7144159219248938 0.24820211250000015 0.718100403125
0 0.1321819731727983 0.6267146634001188 0.09383815594366651 0.619952549254447 0.09030611717397341 0.6399805828122661 0.1286499344031052 0.646742696957938
0 0.13697014025829019 0.5985106103389474 0.09647640068966241 0.586893412036745 0.09103696126179792 0.6058535122142132 0.1315307008304257 0.6174707105164157
0 0.22299877512896357 0.6079368055017241 0.14629806470150014 0.5908475893071664 0.14237997946915812 0.6084329435688609 0.21908068989662155 0.6255221597634187
0 0.27133920278539403 0.6109424465043797 0.232661084311706 0.5998460324227948 0.21782615295969032 0.6515552808487812 0.2565042714333783 0.6626516949303662
0 0.13530681179405252 0.5306768752299468 0.06281225715004095 0.5248030125876818 0.05880813441848849 0.574221446732735 0.13130268906250003 0.580095309375
0 0.22840768450409188 0.5489902548655147 0.1558895758181467 0.5339306113970623 0.1468926663140549 0.5772542705940477 0.21941077500000014 0.5923139140625
0 0.6565635704999594 0.932158251719607 0.6506214891336419 0.8295598594094962 0.582896384375 0.833482221875 0.5888384657413176 0.9360806141851109