0 0.026699938382130355 0.2576250575730325 0.0077675528250515675 0.2556040096090262 -0.014875267996195336 0.46771308446636317 0.00405711756088345 0.46973413243036954
0 0.056568153963117235 0.00025262848977439353 0.03526924385752653 -0.0020210484898082032 0.014111256682526146 0.19617863902178545 0.03541016678811685 0.19845231600136806
0 0.6407962396000446 0.04313074942224028 0.5414009018319939 0.032520213395704066 0.4707105996132743 0.6947192246787315 0.5701059373813251 0.7053297607052676
0 0.5020784185844381 0.020369278954617005 0.09785115910447512 -0.025528893460221427 0.019209550994440387 0.6670712702260239 0.42343681047440335 0.7129694426408621
0 0.897783328358109 0.6758835584038334 0.7518685715582593 0.6438983341491196 0.7426556610171711 0.6859271031305825 0.8885704178170208 0.7179123273852961
0 0.7421484976219644 0.6362612653841195 0.6081730769230771 0.6068932740384615 0.5978085023780357 0.6541759846158806 0.731783923076923 0.6835439759615384
0 0.9826156436269904 0.6014986484810658 0.9120142633971391 0.5966429508050577 0.9049388193902086 0.6995192305818035 0.9755401996200599 0.7043749282578117
0 0.9596105165222616 0.19087948227123952 0.7911027564725605 0.17646142840374118 0.7542461731435074 0.6072144521432422 0.9227539331932084 0.6216325060107406
0 0.777917289896223 0.15813031080636233 0.6329789220944616 0.14520578735959064 0.5945815237300697 0.5758024178418605 0.7395198915318311 0.5887269412886322
0 0.9522654565794311 0.7150103259571041 0.7539020753658063 0.6701662201829524 0.731593483173077 0.7688460288461539 0.9299568643867018 0.8136901346203056
0 0.7297664687500001 0.6995192307692307 0.6081730769230771 0.6995192307692307 0.6081730769230771 0.7596846418269231 0.7297664687500001 0.7596846418269231