0 0.15307688867187505 0.397804453125 0.02982591210937505 0.397804453125 0.029825912109375054 0.4296875 0.15307688867187505 0.4296875
0 0.02540187304687505 0.39481070703125 4.850915176896053e-17 0.39481070703125 5.064473941264576e-17 0.4296875 0.025401873046875054 0.4296875
0 0.1708993078298053 0.3646130569543529 0.1609022436335103 0.2831935027293627 0.07948269030583789 0.293190566815481 0.08947975450213291 0.3746101210404712
0 0.08298407127805085 0.3537618447406568 0.0751292288068282 0.2897892684117677 -0.006411813876579721 0.2998012466995356 0.001443028594642931 0.3637738230284247
0 0.18780186486015804 0.25756374166541884 0.07512517033062846 0.24907189612018402 0.0730525775694124 0.27657273798025567 0.185729272098942 0.2850645835254905
0 0.06747815828937828 0.24350167843685155 0.04510373861395831 0.06127665638939406 -0.020470211118710377 0.06932812514274408 0.001904208556709596 0.25155314719020155
0 0.9129509375 0.411283294921875 0.9075220152644132 0.35259789688680593 0.7045586366769903 0.37137381791514434 0.7099875589125769 0.43005921595021335
0 1 0.3562551484375001 0.98685237890625 0.3562551484375001 0.98685237890625 0.3789298691406251 1 0.3789298691406251
0 0.7934053779337978 0.34752284028458547 0.7114174461075757 0.2538362624475822 0.5396430657064046 0.40416117040104804 0.6216309975326267 0.49784774823805145
0 1.0834939857903423 0.2660998250736035 0.9919850451968304 0.17120699587032162 0.8606430203067383 0.2978653498683004 0.9521519609002502 0.3927581790715823
0 1.0342283802407024 0.12734856366724256 0.9415504984872722 0.027589227728302246 0.7214535317694855 0.2320625280341982 0.8141314135229155 0.3318218639731385
0 0.6510146355665672 0.15149247003920946 0.4332286235727465 0.036652379772810995 0.3127865232701537 0.26506220285996984 0.5305725352639745 0.3799022931263683
0 0.808065438831265 0.08446274443912963 0.7993791793691564 -0.009433720063586573 0.520887154101264 0.01632927327611533 0.5295734135633726 0.11022573777883153
0 0.14095744140625008 0.620107205078125 7.701426255948304e-17 0.620107205078125 9.387922822797868e-17 0.8955329960937499 0.1409574414062501 0.8955329960937499
0 0.02668145312500007 0.547099419921875 6.718378052403892e-17 0.547099419921875 7.066260407020682e-17 0.603912919921875 0.026681453125000074 0.603912919921875
0 0.31606231640625 0.4296875 0.11112023046875005 0.4296875 0.11112023046875005 0.5600219824218751 0.31606231640625004 0.5600219824218751
0 1.1070680468214806 0.6133927424935934 0.7861758923957521 0.40143164770626366 0.6508715773238556 0.6062715651924506 0.9717637317495842 0.8182326599797805