0 0.15255886357197926 0.32337429265973916 0.13605627883257723 0.3148202572371361 0.004783844000514274 0.5680731808852484 0.0212864287399163 0.5766272163078515
0 0.3210103153020492 0.00045902463516654207 0.3028146568727943 -0.0089723612686979 0.15109397953239476 0.2837372839182246 0.16928963796164964 0.29316866982208906
0 0.2890342947984032 0.0004043422782416169 0.20243900615251872 -0.04456068250565403 -0.06883834128521062 0.4778751510641197 0.01775694736067383 0.5228401758480153
0 0.07514788914555988 0.01754192149367991 0.031775731405624646 -0.004939805092913005 -0.04210446623035475 0.137591222200881 0.0012676915095804764 0.1600729487874739
0 0.7122345646727933 0.3376730394887942 0.7080798997395833 0.32747223697916666 0.6792699548584565 0.33920618316745577 0.6834246197916666 0.34940698567708334
0 0.7035747862964539 0.3094852062710742 0.6994199830729166 0.29928451953125007 0.6706114298493793 0.311018422635176 0.6747662330729166 0.3212191093750001
0 0.7079762131284072 0.3245428065835016 0.7038221007372795 0.31434153703600287 0.6750125751088721 0.32607321482750135 0.6791666874999999 0.33627448437500007
0 0.7068612873191285 0.2683447432981581 0.7030885360520548 0.26013024758242886 0.6619057305037597 0.2790446748571875 0.6656784817708333 0.2872591705729167
0 0.6939438725352539 0.2270263401322463 0.6901706901041665 0.21881002864583332 0.6489874503814125 0.2377226364302538 0.6527606328124999 0.24593894791666673
0 0.6895429831817679 0.21196915155710405 0.6857702330729164 0.20375465625000003 0.6445874269744819 0.22266907891164608 0.6483601770833332 0.23088357421875008
0 0.6852839538346122 0.19883862145115103 0.6815107721354167 0.19062231249999997 0.6403275344466378 0.20953492151759898 0.6441007161458333 0.21775123046875
0 0.7024608324360049 0.25328937131227264 0.6986873751421393 0.2450733371763927 0.6575045674457177 0.26398776273912006 0.6612780247395834 0.27220379687499996
0 0.6978067898057807 0.2425466396458352 0.6945712767587159 0.23386720676394882 0.6776634335675187 0.2401701009722803 0.6808989466145833 0.24884953385416667
0 0.4805888095334058 0.9942605679776694 0.4667982566931503 0.8366337951248694 0.32151986293351464 0.8493440050050186 0.33531041577377024 1.0069707778578187
0 0.7323428624970264 0.7271726204121453 0.5665398510463491 0.5786795188943419 0.5430518777924146 0.604905496118667 0.708854889243092 0.7533985976364702