0 0.3387893135564624 0.015954946428408445 0.2597741750461078 -0.006116890425087847 0.2529394843749999 3.469446951953614e-17 0.3319546228853546 0.022071836853496327
0 0.7703913300399635 0.2580862786278079 0.7129568332882136 0.25704969471994865 0.7006426083182412 0.4276247221431558 0.7580771050699912 0.42866130605101505
0 0.855376291385324 0.2688349045109889 0.8308976998156845 0.2682546285983609 0.8222404005087357 0.3595553741657429 0.8467189920783752 0.36013565007837095
0 0.0691169160156252 0.8632051083984376 2.220446049250313e-16 0.85558091015625 -0.024266150685014032 0.910576905985623 0.04485076533061094 0.9182011042278105
0 0.16069907226562524 0.87354132421875 0.08965274521408145 0.8622199640086262 0.054665883180187724 0.9171093058463786 0.1257122102317315 0.9284306660565024
0 0.24661396875000008 0.8841228564453125 0.1754120523944479 0.8728698383056419 0.13938794006344235 0.929854235761042 0.21058985641899453 0.9411072539007126
0 0.33121226171875023 0.8965332675781251 0.25863652003341603 0.8875525653858987 0.23265759570312528 0.9400384306640626 0.3052333373884595 0.949019132856289
0 0.42345512109375016 0.9060621259765624 0.35459996530255866 0.8956615381892525 0.3224849667968751 0.948814380859375 0.3913401225880666 0.9592149686466849
0 0.4619901855468752 0.9107036796875001 0.43618449065380493 0.9074005230730672 0.4203363242187503 0.9383537138671877 0.44614201911182055 0.9416568704816206
0 0.10549434570312516 0.7890758369140626 0.0310731035156252 0.7804616191406251 0.006474408096384554 0.8335908038629114 0.08089565028388451 0.8422050216363489
0 0.18412834960937519 0.7980010019531251 0.1153420012937969 0.7914985045161821 0.09564109895004691 0.8435997603755571 0.1644274472656252 0.8501022578125
0 0.2754692110179264 0.8078723484991943 0.20319250000000016 0.8014178496093752 0.18423438273207404 0.8544905352898686 0.25651109375000025 0.8609450341796877
0 0.3621229628906251 0.8208765380859375 0.28980499609375016 0.8131907089843751 0.26898743215991333 0.8621601785583534 0.3413053989567883 0.8698460076599158
0 0.45481379663950705 0.8291750921287222 0.3856342679767609 0.8215928284257326 0.36256599086850405 0.8742107734063853 0.4317455195312502 0.881793037109375
0 0.03732788553076871 0.7384030710825462 1.1102230246251565e-16 0.7338180390625 -0.014623447900255993 0.7635813202620294 0.02270443763051261 0.7681663522820756
0 0.062231144821750406 0.7008236530781206 0.020545130762098573 0.6934704345838978 -0.0028403046924326825 0.7266139346687441 0.03884570936721915 0.733967153162967
0 0.12438355672353729 0.7481094947132239 0.06275622155634453 0.7381302158597627 0.04266606054687516 0.7691470634765626 0.10429339571406793 0.7791263423300238
0 0.11906282929422124 0.7098953689984218 0.09386257278638283 0.7069036134417716 0.08024625521091178 0.7355769700292873 0.10544651171875019 0.7385687255859376
0 0.484445374538496 0.7904198989024471 0.14013569462256958 0.751273406627704 0.1269285125769795 0.7803140713109762 0.47123819249290594 0.8194605635857193
0 0.25357385742187516 0.7271555224609376 0.1812226669628037 0.7189469795061457 0.1676949454496357 0.7487557641183141 0.24004613590870716 0.756964307073106
0 0.4238642753906252 0.7517940800781252 0.3541755178922884 0.7421066581583651 0.34039017968750024 0.7668986796875001 0.41007893718583704 0.7765861016072603
0 0.9636662649711765 0.8643764377628089 0.7668971210937501 0.819839609375 0.7206705384282674 0.8708982805059013 0.9174396823056938 0.9154351088937103