0 0.5533439364907264 0.15587816385597375 0.32190204199353395 0.13996067775643214 0.27136025245544765 0.4665752769831828 0.50280214695264 0.48249276308272443
0 0.3251912418876401 0.12106155206967435 0.020206574218750016 0.09709385937499998 -0.029127477104365362 0.3761014651404169 0.27585719056452473 0.4000691578350913
0 0.5734807024667459 0.03639069041998668 0.3522840171653079 0.008156934447417436 0.31643754876148983 0.13297395605156304 0.5376342340629278 0.16120771202413228
0 0.34514437693173017 0.004521740953892915 0.038794503144433654 -0.019880946725773094 0.01667202049996556 0.10355208300091573 0.3230218942872621 0.12795477068058173
0 0.23487110599532945 0.573213371022575 0.11558491909671126 0.5550750253958537 0.09714886100589884 0.6089612842238458 0.21643504790451704 0.6270996298505671
0 0.1445734372826586 0.641778638589213 0.10251076953125011 0.6380026380208333 0.0700738791235917 0.798593732504537 0.11213654687500016 0.8023697330729168
0 0.3469587808926971 0.6537982763709942 0.22287271988676127 0.6440437224366553 0.19229966202091622 0.8168947415158061 0.3163857230268521 0.8266492954501449
0 0.5374332221121255 0.517846842741336 0.38547636867257623 0.5067960547933804 0.3382350881487541 0.7955089552133252 0.4901919415883034 0.8065597431612809
0 0.755079710812832 0.6050617973337851 0.6142677128906251 0.5976213229166666 0.607644103589696 0.6533336400998649 0.7484561015119029 0.6607741145169833
0 1 0.6111636861979168 0.9092258144531252 0.6111636861979168 0.9092258144531252 0.69517602734375 1 0.69517602734375
0 0.8902248230898955 0.6977738220606476 0.618098024518765 0.6648353171496669 0.6003179255254318 0.7301211706975281 0.8724447240965623 0.7630596756085088