0 0.21352495312500006 0.4350367476066144 0.12067164257812503 0.4350367476066144 0.12067164257812503 0.5195822454308094 0.21352495312500006 0.5195822454308094
0 0.1680296348145374 0.4113874206446249 0.11484983039733515 0.3194782381532382 0.012792956036111747 0.5070856288204661 0.06597276045331399 0.598994811311853
0 0.24864153126534888 0.2870234643942635 0.2027562100287218 0.2845740446535946 0.1997907988805605 0.46106210332286457 0.2456761201171876 0.46351152306353355
0 0.3033975261945465 0.1573724199279357 0.24744592134560123 0.06565285581952798 0.139487164838277 0.27488494262257157 0.19543876968722226 0.3666045067309793
0 0.20648841077073876 0.005755818626292931 0.10204635265308672 -0.0018242579924103652 0.1006105311728904 0.061028178706368445 0.20505258929054243 0.06860825532507174
0 0.1228342900390625 1.3874443527347905e-17 8.768951851439245e-18 4.680982701851109e-19 2.035265178861009e-17 0.33719130461270674 0.12283429003906252 0.33719130461270674
0 0.9992977158203125 0.22010571105308988 0.9667434656813707 0.21931815039832034 0.966681619127373 0.2274400765880173 0.9992358692663148 0.22822763724278683
0 1.0000020317383316 0.2059066348791531 0.9322375496003261 0.20426725583995245 0.9321602382812502 0.21442005221932137 0.9999247204192557 0.216059431258522
0 1.0000773113082597 0.19169233857176549 0.9330400459393663 0.19007055280135968 0.9329627346311063 0.20022334912950737 0.9999999999999998 0.20184513489991315
0 1.000061846657703 0.179507093254099 0.9336535244209591 0.1779005228816846 0.9335916777343751 0.18602244908616208 0.999999999971119 0.1876290194585765
0 0.8344523359374999 0.17550062053959983 0.798362132998493 0.1746275156715271 0.7981920537109374 0.19696293907745882 0.8342822566499443 0.19783604394553153
0 0.6853490671089975 0.1658007751619536 0.6114566694021049 0.16401315091837596 0.6113175156057781 0.18228735326406137 0.6852099133126707 0.18407497750763904
0 0.7651028623046875 0.15554532985204542 0.6904294243485 0.15373880858247727 0.6901665771418115 0.18825686074831677 0.764840015097999 0.19006338201788492
0 0.6860492998046873 0.1536328450826807 0.6476396180929875 0.15270362732722098 0.6475623108172489 0.16285590354101498 0.6859719925289487 0.16378512129647468
0 0.7277552822265624 0.14042569103568336 0.6921865397376596 0.13956520162728953 0.6921092324218747 0.14971747780678865 0.7276779749107775 0.15057796721518246
0 0.5784328017578125 0.13681323846823337 0.5019598202166282 0.13496318346575556 0.5018825129706715 0.14511545983548532 0.5783554945118559 0.14696551483796313
0 0.4935230576171875 0.13475907832898182 0.4846531335483311 0.1345444942316027 0.4846222082029927 0.13860571663849916 0.49349213227184907 0.13882030073587828
0 1.000231924904409 0.1429555489603224 0.93213229205518 0.14130806990823996 0.9319003671507711 0.17176541912024154 1 0.17341289817232397
0 0.5791485214843751 0.12261443603133168 0.46780103884451507 0.11992068690455145 0.4677237315770004 0.13007296314947206 0.5790712142168605 0.1327667122762523
0 0.5415405821939145 0.10748901745612675 0.5062321725047848 0.10663482652265867 0.506154865227749 0.11678710269783811 0.5414632749168787 0.1176412936313062
0 0.9225585874023436 0.7326471714534379 0.8929040271632847 0.6525729093737874 0.7742022036132812 0.7922341131418627 0.8038567638523402 0.8723083752215132
0 0.9956446459960939 0.6018988241949522 0.9490818788922173 0.5048759577159764 0.8443261932110024 0.6645969983429318 0.8908889603148791 0.7616198648219077