0 0.2666480722580646 0.5475740088495575 0.14111320064516134 0.5475740088495575 0.14111320064516134 0.5796460176991151 0.2666480722580646 0.5796460176991151
0 0.2678092050784408 0.4570912926455091 0.14349145046342004 0.4562986760800782 0.14322624612139429 0.5345617951887089 0.267544000736415 0.5353544117541399
0 0.3989476139164546 0.3924147883181001 0.2978901500904415 0.3917683333296685 0.2972661587134578 0.5753017718659816 0.39832362253947085 0.5759482268544133
0 0.2680433775094007 0.38934142256576043 0.14459114741587778 0.3882473150285249 0.14438258606428517 0.43252442557424436 0.26783481615780813 0.43361853311147985
0 0.54 0.1351900389380532 0.4315193367741935 0.13519003893805318 0.4315193367741935 0.4209299380530974 0.54 0.4209299380530974
0 0.3308052200626861 0.12960488434536907 0.11371491678423733 0.12151091404733957 0.10930187160554306 0.34421270107080976 0.32639217488399175 0.3523066713688392
0 0.5234098273348708 0.03954641358878713 0.4494885147234856 0.0379888179109984 0.4485984667690694 0.1174646076966027 0.5225197793804547 0.11902220337439144
0 0.749951358748127 0.3165179277561655 0.7156918451901076 0.27389035974611337 0.6320717974539702 0.4003370763870359 0.6663313110119895 0.44296464439708805
0 0.4379362364017801 0.9016029601327962 0.42802941297970115 0.7121978125629141 0.38051835289027375 0.71687348280585 0.3904251763123527 0.9062786303757319
0 0.6322727432258064 1.0000000000000002 0.6004848006451614 0.8936241238938054 0.5250684478345397 0.9360266084934379 0.5568563904151848 1.0424024845996327
0 0.7268089638709678 0.9093697345132743 0.7168330220399816 0.86290013728323 0.6700984579243366 0.8817769951439833 0.6800743997553229 0.9282465923740276
0 0.7734202103225807 0.8780673610619469 0.7572794645021029 0.831859488711498 0.7179994161290323 0.8576753221238935 0.7341401619495099 0.9038831944743425
0 0.7051483258064517 0.8469396274336286 0.6833633692153128 0.7980655377910063 0.6516815741935484 0.8246357061946903 0.6734665307846872 0.8735097958373126
0 0.7536911870967742 0.8125860619469029 0.7399427873523541 0.7699014836334873 0.7025617460620314 0.7925551792087085 0.7163101458064516 0.8352397575221241