0 0.6040011922725766 0.1646936649220801 0.4048947628443796 0.046007697655328215 0.263826542033651 0.210351226295612 0.4629329714618481 0.3290371935623639
0 0.2637253463402025 0.185193203276613 0.24394248750000003 0.0010309999999999972 -0.012676362678567801 0.02017420334682424 0.00710649616163467 0.20433640662343724
0 0.8638740499100296 0.2386539790764668 0.6992794602530383 0.1433040175221477 0.6206014673139248 0.23762011307913092 0.7851960569709162 0.33297007463345
0 0.5470480041711816 0.6756303122181238 0.5320101350968511 0.6437738092138003 0.3926388637381696 0.6894614748602601 0.40767673281250005 0.7213179778645835
0 0.5446552562681777 0.8906477646636453 0.5385828221109945 0.8778840446172446 0.5109741283428167 0.8870056002660993 0.5170465625 0.8997693203125
0 0.6117989765624999 0.45963541666666674 0.5967920852497215 0.4577460822605668 0.5883907057189282 0.5040875746698629 0.6033975970317066 0.5059769090759628
0 0.6161105687500001 0.45963541666666674 0.6012453404262024 0.4583377082162228 0.591733556547885 0.5340025160279323 0.6065987848716826 0.5353002244783762
0 0.7395587375 0.4596354166666668 0.6108319927834529 0.44324264388951384 0.5642512777862143 0.6972580316493304 0.6929780225027613 0.7136508044264834
0 0.6361725402441953 0.6683647692472491 0.5390625000000001 0.6489132734375002 0.5355077380836711 0.6612374853347924 0.6326177783278664 0.6806889811445415
0 0.61730550871816 0.5941690722902685 0.6000152461848902 0.5920082687852578 0.562094450893072 0.80272608501578 0.5793847134263418 0.8048868885207908
0 0.7038977499999999 0.7598617500000001 0.5390625 0.7324233059895834 0.5360951528310747 0.74480261715892 0.7009304028310746 0.7722410611693368
0 0.6062077004859032 0.6812442655642704 0.5871600562500001 0.6790105859375002 0.552138489187232 0.886403288369638 0.5711861334231351 0.8886369679964082