0 0.244514267578125 3.863427035078085e-17 0.1401865498046875 2.820949296681314e-17 0.1401865498046875 0.0204736677290837 0.244514267578125 0.020473667729083714
0 0.7561745567744063 0.07989443461791448 0.7507524420885142 0.05075457317477934 0.7109302739257811 0.07048691235059765 0.7163523886116732 0.09962677379373279
0 0.8325532306497937 0.2100237617806446 0.7217618177271873 0.08818923496917078 0.6918299826331272 0.1606731290219166 0.8026213955557336 0.28250765583339044
0 0.8939006325703807 0.28203510967805895 0.801091549815943 0.16819353442877424 0.7702553943336489 0.2351391691831012 0.8630644770880866 0.3489807444323859
0 0.9719841545735007 0.31862221354718023 0.9669366114456779 0.2879694909975842 0.9210851111101847 0.30807601460729545 0.9261326542380075 0.33872873715689145
0 0.9997191713162878 0.18846239097208628 0.963419879274975 0.18486947305374565 0.9628109316227382 0.20125284430593054 0.9991102236640511 0.20484576222427117
0 0.8993751439992739 0.12065372129561348 0.8943431387061473 0.09134331027915892 0.8514433956013892 0.11095641400820895 0.8564754008945157 0.1402668250246635
0 0.1444533388671875 0.9130859346613549 0.11431365314058986 0.8792211989457652 0.10520232568359383 0.9008157976095619 0.13534201141019148 0.9346805333251517
0 0.10916393480262526 0.8951645888104602 0.0917418102255474 0.8629063711528429 0.02518612395656039 0.9586298262247146 0.04260824853363826 0.9908880438823321
0 0.7568332467998911 0.8877848198790806 0.7476651888885608 0.7754288763468168 0.6886247193940002 0.7882581938145037 0.6977927773053304 0.9006141373467674
0 0.8071752483548031 0.8788983201587887 0.79882965234375 0.7779043800796813 0.7544690822116031 0.7876662184866299 0.7628146782226564 0.8886601585657372
0 0.8169800766601564 1.0000000000000002 0.8095906855468751 0.9029622151394421 0.7637530256222633 0.9122574993038974 0.7711424167355446 1.0092952841644556
0 0.7657463852539064 1 0.7596039370359575 0.9128201498300066 0.6980314468517023 0.9243728780561374 0.7041738950696511 1.011552728226131