0 0.12323819662816748 0.6270194984928151 0.07241037812500006 0.60827928125 0.067189082534496 0.6224406466806636 0.11801690103766342 0.6411808639234788
0 0.06745445627775334 0.6064520341941453 0.016626637500000107 0.5877118203125 0.011405342159746867 0.6018731876808547 0.06223316093750011 0.6206134015625
0 0.1339633212594167 0.5612677011364459 0.026193601562500037 0.5215330078125 0.00791951389792489 0.5710965791045253 0.11568923359484155 0.610831272428471
0 0.02129017656250006 0.5011513515625 6.137333985793855e-17 0.5011513515625 6.575043035021729e-17 0.5726346640625 0.021290176562500065 0.5726346640625
0 0.16502661402743596 0.42050858192621554 0.09596186562500005 0.41052442031250014 0.07880144536859299 0.5292304422443472 0.14786619377102891 0.5392146038580627
0 0.10075823160467087 0.35411886219817823 0.008671705938116624 0.34080662026741343 -0.010300728695417616 0.4720471429325242 0.08178579697113664 0.485359384863289
0 0.19972674484609593 0.4184848910890297 0.10742326736539096 0.351895941486283 0.08821851430964237 0.37851695746234326 0.1805219917903473 0.4451059070650899
0 0.13958979164534396 0.07389216782440854 0.04914756492917795 0.06081762958691035 0.010673077971334054 0.32696226957500185 0.10111530468750005 0.34003680781250006
0 0.04466964476796147 0.056955184933629374 0.034803221875 0.05552887187500001 0.004326877107038568 0.26634689944137063 0.01419330000000003 0.26777321249999997
0 0.97321906270173 0.33685738193993303 0.5754767648488165 0.2349032775919749 0.5538461744695524 0.31928831315661627 0.9515884723224659 0.42124241750457436
0 0.2951066546875001 0.805846296875 1.0208249488954486e-16 0.805846296875 1.139709804432767e-16 1 0.2951066546875001 1
0 0.741425396875 0.6687500000000001 0.5892938000000001 0.66875 0.5892938000000002 0.7843836265624999 0.7414253968750001 0.7843836265625