0 0.24273616537056167 0.3963011337787934 0.19271957226457778 0.3934530106529621 0.18442804882812508 0.5390625000000001 0.23444464193410897 0.5419106231258315
0 0.1897685729693092 0.34160776845866225 0.051487390297787025 0.33373354786050274 0.040071808623782956 0.5342054695048627 0.17835299129530513 0.5420796901030223
0 0.11547095817644058 0.3030742086071959 0.10359111914062503 0.29992897265624996 0.10201641291730948 0.305876779674054 0.11389625195312503 0.309022015625
0 0.11422007465630507 0.2860579439519643 0.09656705645942767 0.28505271494103884 0.0959833987151011 0.2953024397991184 0.1136364169119785 0.2963076688100439
0 0.17562953085117197 0.1320148006278574 0.1404281806208835 0.1188760970890006 0.08259318373535533 0.27382821811937313 0.11779453396564381 0.2869669216582299
0 0.22389370245634213 0.0360421197031086 0.184367933622915 0.019222734977831085 0.1446819776175462 0.11248523825146883 0.18420774645097332 0.12930462297674633
0 0.26353850816783403 0.030986034134963633 0.14879451553338593 0.024452102923126016 0.128237487834302 0.3854591840225375 0.2429814804687501 0.3919931152343751
0 0.22367219139266742 0.022673109975347244 0.21680711328124996 0.022282187500000022 0.21626246445713823 0.03184688883240036 0.22312754256855566 0.03223781130774758
0 0.87329766796875 1.1102230246251565e-16 0.8549433766095149 -0.0026715061620736363 0.8389202648481905 0.1074135334773803 0.8572745562074255 0.11008503963945404
0 0.8319179648437501 9.71445146547012e-17 0.8123530210707055 -0.002530098209026499 0.7986507815557502 0.10342766450486802 0.8182157253287948 0.10595776271389462
0 0.7309926270230384 0.13010993162132314 0.53338956669333 0.10152594316847968 0.5183050744359166 0.20580606623465658 0.7159081347656249 0.23439005468750002
0 0.409216201171875 0.954487990234375 0.34399638220625356 0.9298048352186712 0.3378645935052982 0.9460067408809465 0.40308441247091964 0.9706898958966503
0 0.7253844804687499 0.746146943359375 0.6020625737767651 0.7002826484938873 0.5941974000935069 0.7214308688672239 0.7175193067854917 0.7672951637327116