0 0.10928537890625001 0.42968750000000006 0.08906949651077972 0.37429022353712643 0.05332028230155651 0.38733602571963044 0.0735361646970268 0.44273330218250406
0 0.08134311523437499 0.36699383789062495 0.06379971422563971 0.31891994107555965 0.03251915532338445 0.33033502129488684 0.050062556332119715 0.37840891810995214
0 0.48289606249999995 0.4058409355468751 0.4408000649357846 0.15872374429568958 0.07259241011255474 0.221447298501228 0.1146884076767701 0.4685644897524135
0 0.4016821266616665 0.13943955082814152 0.3893683180674443 0.0671534919823981 -0.012313808594222205 0.13557936693550657 -6.938893903907228e-18 0.20786542578125
0 0.391771990489874 0.03214745733587164 0.3831809372576336 -0.018284815322029413 -0.008591053232240412 0.04845288749834895 6.938893903907228e-18 0.09888516015625001
0 0.85888446484375 0.015759095703125003 0.85485726098382 -0.005880999775699891 0.82325583203125 0 0.82728303589118 0.021640095478824894
0 1.0052460310474118 0.12947279378070475 0.9233863931181799 0.10378576695544905 0.9180869296874999 0.12067414257812509 0.9999465676167317 0.1463611694033808
0 0.698885849609375 0.36316398242187503 0.62890625 0.33624687500000006 0.597597203722626 0.41764471943782566 0.6675768033320011 0.44456182685970064
0 0.776080923828125 0.2641270820312501 0.749613874559024 0.2374081241645608 0.6855063408457247 0.30091124662076174 0.7119733901148257 0.32763020448745106
0 0.9210581856917353 0.14821727226593168 0.8653818739167445 0.09238965477029543 0.7439430060119462 0.21349939533190804 0.7996193177869368 0.2693270128275443
0 1.0154066972102682 0.8343660467845256 0.9957690058593747 0.798279017578125 0.9774569719694307 0.8082439849762738 0.9970946633203243 0.8443310141826744