0 0.785156 0.71875 0.644531 0.71875 0.644531 0.882812 0.785156 0.882812
0 0.621094 0.652344 0.4765620000000001 0.652344 0.4765620000000001 0.882812 0.621094 0.882812
0 0.46280419149823804 0.6498883835148322 0.3200691122237469 0.6462278129985964 0.31425997604181394 0.8727410053457659 0.456995055316305 0.8764015758620017
0 0.30078100000000013 0.644531 0.15625000000000008 0.644531 0.1562500000000001 0.871094 0.30078100000000013 0.871094
0 0.14062500000000008 0.636719 7.797558853063036e-17 0.636719 9.208774468826492e-17 0.867188 0.1406250000000001 0.867188
0 0.46875000000000006 0.40234400000000003 0.32421900000000003 0.402344 0.3242190000000001 0.617188 0.4687500000000001 0.617188
0 0.3145423690982344 0.39762089779506427 0.16663623801896726 0.39285000808223514 0.15964842972426538 0.6094845881719255 0.3075545608035325 0.6142554778847547
0 0.14843800000000004 0.390625 0.0039062500000000555 0.390625 0.0039062500000000685 0.609375 0.14843800000000004 0.609375
0 0.792969 0.22265600000000008 0.652344 0.22265600000000005 0.652344 0.3750000000000001 0.792969 0.3750000000000001
0 0.640625 0.21484400000000006 0.492188 0.21484400000000006 0.492188 0.3671880000000001 0.640625 0.3671880000000001
0 0.476562 0.21093800000000004 0.332031 0.21093800000000004 0.332031 0.3632810000000001 0.476562 0.36328100000000013
0 0.320312 0.20312500000000003 0.171875 0.203125 0.17187500000000003 0.359375 0.320312 0.359375
0 0.15717169687095703 0.20189474521382708 0.012538696640322276 0.1972294342635586 0.0076663386077174215 0.3482812650987402 0.15229933883835217 0.3529465760490087