0 0.4700743406250002 0.6293493703124999 0.31651492604085696 0.597166877940807 0.30594205063231356 0.6476155672298648 0.45950146521645674 0.6797980596015577
0 0.31298540980347705 0.5648284638562988 0.15713166380846771 0.5321651361534284 0.1460301794977139 0.5851360989308603 0.30188392549272325 0.6177994266337306
0 0.6054980196191442 0.6076995681783457 0.492737302941282 0.5840675400296138 0.4769546078125 0.659375 0.5897153244903622 0.6830070281487318
0 0.4893505406282719 0.5517590426333816 0.3332360687753209 0.5190410713970535 0.320020009375 0.5821017703125001 0.47613448122795105 0.6148197415488281
0 0.3292064362589103 0.4899355015674461 0.17608281910488388 0.4569253030369384 0.16255504404877186 0.5196762691277209 0.31567866120279825 0.5526864676582287
0 0.17863043406256082 0.449813500079709 0.01808007453681453 0.38892250708544884 -0.01679309716671549 0.480872071043662 0.1437572623590308 0.5417630640379221
0 0.524749508600258 0.44858269155627123 0.3689247320150678 0.41592543844078983 0.3541228444967252 0.48655295899276874 0.5099476210819154 0.5192102121082502
0 0.35892113105214285 0.41382891307803427 0.20289356481257198 0.38112915604453856 0.19126347025854917 0.43662239247872653 0.34729103649812 0.4693221495122222
0 0.6485053833671357 0.44585974494232666 0.5591831108641374 0.42660376429313923 0.5330655416276876 0.5477547292299747 0.6223878141306859 0.5670107098791621
0 0.5364778809624655 0.3832657506863457 0.3833542662327011 0.3502555629158313 0.3720591754729299 0.4026498460947293 0.5251827902026944 0.4356600338652437
0 0.3752440285740078 0.3382527007538971 0.22158321696383299 0.30604896040886237 0.20836715781250006 0.36910965937500007 0.36202796942267484 0.40131339972003477
0 0.20912201452864068 0.3036671391901847 0.05344617480716416 0.2701067484533604 0.031181095038293714 0.3733872798591326 0.18685693475977022 0.4069476705959569
0 0.01877452343750003 0.24511221406250003 0.011118309208671401 0.2434616973103434 -0.007656214228828595 0.33055064887284336 3.3306690738754695e-17 0.332201165625
0 0.30413556702547634 0.2838514582267851 0.2274213678632567 0.2677739441384858 0.22213486331919804 0.29299861259391835 0.2988490624814177 0.30907612668221757
0 0.22514466465293143 0.22779823452208156 0.06923264824046918 0.19512270130932055 0.05601645498989434 0.2581840544501216 0.2119284714023566 0.29085958766288267
0 0.03506514972833275 0.16954522698480096 0.027408935000879993 0.16789471084094065 0.013824439062500022 0.23090882812500002 0.02148065378995278 0.23255934426886035
0 0.7044381947826927 0.18640547920993847 0.617667816886175 0.16769963349810973 0.5710062063954402 0.38414777692425084 0.6577765842919578 0.4028536226360796
0 0.080654415625 0.044789675000000015 0.055133811720652605 0.03928797695480381 0.04152403750000001 0.1024193328125 0.06704464140434742 0.10792103085769619
0 0.5905954428452992 0.14461939809048172 0.4145034491404888 0.10665771606167365 0.3712237579251327 0.30741823840251986 0.5473157516299431 0.345379920431328
0 0.40833435876814034 0.09810829171239036 0.2679708813855294 0.06784891749844481 0.2327179629770205 0.23137583582523868 0.3730814403596315 0.2616352100391842
0 0.26397797533736633 0.04920802975797723 0.12361450048500319 0.018948657172508394 0.09428878216195943 0.15498121087921515 0.23465225701432257 0.18524058346468397
0 0.9585823627760401 0.3098976230181757 0.9296655875 0.17393172968749998 0.8334712705007797 0.19439001800789193 0.8623880457768198 0.3303559113385677
0 1 0.4566461453125002 0.9080088968750001 0.4566461453125002 0.9080088968750001 0.6593750000000002 1 0.6593750000000002
0 0.500763434375 0.8057721015625001 0.44506779424258697 0.7904400874035291 0.43875364564834535 0.8133770964749495 0.4944492857807584 0.8287091106339204
0 0.44318211466689006 0.7426394789029803 0.38469778556683715 0.7058566138979765 0.3311588949482145 0.7909828295466299 0.38964322404826734 0.8277656945516337
0 0.39543266778099906 0.8740078027757592 0.27043207807269776 0.7338520155088863 0.1970680854635582 0.7992830798861006 0.3220686751718595 0.9394388671529734
0 0.7920614183990095 0.8085496731634894 0.724129542595555 0.6947063800071812 0.6014461469764376 0.7679132678552086 0.6693780227798922 0.8817565610115168
0 0.7211874930746919 0.6652225152119374 0.6829786206011648 0.6571009594481916 0.6716499234826333 0.7103982286026336 0.7098587959561605 0.7185197843663794
0 1 0.6593750000000002 0.8073338218749999 0.6593750000000002 0.8073338218749999 0.7403292968750002 1 0.7403292968750002