0 0.06505551562500007 0.6126704484375 0.007949582812500074 0.6126704484375 0.007949582812500076 0.6296875 0.06505551562500007 0.6296875
0 0.4890625 0.04931710000000006 0.406010225 0.04931710000000005 0.406010225 0.6167678765625 0.4890625 0.6167678765625
0 0.39763935813703616 0.6054641357923931 0.396224836262663 0.04884769245215803 0.11492054800142233 0.04956256725304001 0.11633506987579542 0.6061790105932751
0 0.1138971421875 0.05010534375000002 6.291540841013773e-18 0.05010534375000001 3.742532137528266e-17 0.5585585656250001 0.11389714218750005 0.5585585656250001
0 0.479070453125 5.4319397161301755e-17 0.406585890625 4.988099778864069e-17 0.406585890625 0.036799714062500044 0.479070453125 0.03679971406250005
0 0.39540961726848406 0.037885189757369216 0.39493530783916464 -0.001846451613867622 0.13094602181178572 0.0013050066013152214 0.13142033124110514 0.04103664797255206
0 0.11546265557506952 0.04252952839429377 0.11380608723012375 0.0056857330601731105 -0.0013252534657842527 0.01086226096068996 0.00033131487916151885 0.047706056294810624
0 1.0380379788888 0.02160602137059118 0.7004984132924719 -0.1278372685239119 0.42291041642970334 0.4991358926127146 0.7604499820260315 0.6485791825072177
0 0.19186335624999998 0.9999999999999998 0.17813989090861967 0.8255629000495442 0.02811967395070216 0.8373654194018672 0.04184313929208246 1.0118025193523228
0 1.003519366528036 0.9921106670647027 0.9945865344757768 0.6391674365432748 0.73361230498755 0.6457725751615788 0.7425451370398091 0.9987158056830069
0 0.7302295049784847 0.9999329289352336 0.7295871274087581 0.6319258803824139 0.4887382986522272 0.6323462959312371 0.4893806762219538 1.0003533444840567