0 0.19033134301051724 0.38630621255040715 0.1824456796875 0.3354675950520834 0.02145087841128379 0.34656633903051376 0.02933654173430101 0.3974049565288375
0 0.2978921132151166 0.3084809125565275 0.26944943652751124 0.20920858604585083 -0.007430455984480361 0.24446605760390674 0.021012220703125 0.3437383841145834
0 0.38574489852698624 0.18518506898074705 0.3568776223163581 0.08443077695132757 -0.02376210030389978 0.132900868732882 0.00510517590672839 0.23365516076230144
0 0.41876224648675175 0.0658002132565446 0.3928666269129548 -0.024582217903839004 -0.02547112823533385 0.028688289165556376 0.0004244913384630969 0.11907072032593997
0 1.0558223005106255 0.2819618872031649 1 0.24061341666666672 0.7864482711534018 0.36874873557999743 0.8422705716640273 0.4100972061164956
0 0.035278010415110916 0.4879339725506579 5.551115123125783e-17 0.4501542317708334 -0.009703893227610838 0.45418148187642554 0.025574117187500023 0.49196122265625003
0 0.39943387326999835 0.6546828294329433 0.3320155156250001 0.6363132890625001 0.32306891266062204 0.6509066567594037 0.3904872703056203 0.669276197129847
0 0.24219355185082447 0.6400742319485161 0.17121175585937515 0.6190976809895833 0.15403569228980074 0.6449294425306505 0.22501748828125007 0.6659059934895833
0 0.6162050392605192 0.7039359851394248 0.5715856254891187 0.5954132437164524 0.387979233256908 0.6289644688274804 0.4325986470283084 0.7374872102504528
0 0.4774552792968751 0.5550081731770834 0.4296875000000001 0.5550081731770834 0.4296875000000001 0.63158236328125 0.4774552792968751 0.63158236328125
0 0.5750509741083604 0.6034913925059114 0.51631828515625 0.41619783723958337 0.396828740779204 0.4328512956934279 0.4555614297313143 0.620144850959756