0 0.25025864599609376 0.44699540000000004 0.24282362544295685 0.2588026369756325 0.005016030273437501 0.2832345480314961 0.012451050826574415 0.4714273110558636
0 0.681703665531874 0.378934267136168 0.6795774292753567 0.369198310274043 0.6365844973153019 0.39361475375917243 0.6387107335718192 0.4033507106212975
0 0.7279478775225345 0.358141718485278 0.7248983324762612 0.34417842302169765 0.690230103787816 0.3638677667388705 0.6932796488340893 0.37783106220245083
0 0.6719480881000734 0.36842622653931806 0.6652451002830697 0.3356439712510431 0.6116839748392668 0.36412343179880824 0.6183869626562706 0.3969056870870832
0 0.7716565472825123 0.33319941922735874 0.7685945457689493 0.31956786407520865 0.7257758431735613 0.3445797225572593 0.7288378446871242 0.3582112777094094
0 0.7153340062132674 0.343493751426496 0.7077721140149704 0.306508776113163 0.6644574506950214 0.3295387027433121 0.6720193428933184 0.3665236780566451
0 0.8172195172483019 0.30888498443698603 0.8144690589467636 0.2954363694572583 0.7694305633080472 0.3193895861560084 0.7721810216095856 0.3328382011357361
0 0.760810618060773 0.31765388443432624 0.7532792458739209 0.2841269305644184 0.7007853804956244 0.31479179359205245 0.7083167526824765 0.3483187474619603
0 0.8047458642888771 0.29408669911578655 0.7980425771071908 0.2613042147180343 0.7444818152161362 0.289784554837167 0.7511851023978224 0.3225670392349192
0 0.8925327387130688 0.2669800564408731 0.8894389693689239 0.2518499492444329 0.8443998487924904 0.27579899928591584 0.8474936181366353 0.29092910648235604
0 0.8302295273218803 0.27960490064434923 0.8017629222101407 0.24249686419546496 0.7898180992819385 0.2663255384929281 0.8182847043936781 0.30343357494181233
0 0.6447197740445099 0.3223264233341182 0.5925255709766525 0.254291788653019 0.5699644451363273 0.29930141881140343 0.6221586482041845 0.36733605349250265
0 0.9181400391204221 0.2524327669229169 0.9152183692451449 0.2381429680779062 0.8901784286051395 0.25145642339410584 0.8931000984804167 0.2657462222391165
0 0.6784006444007513 0.3034862024358676 0.6282966381571568 0.23817242786287385 0.6167942895021756 0.2611184104765883 0.6668982957457702 0.326432185049582
0 0.8798864815256469 0.2513366610012667 0.8733546255975504 0.21939496608224796 0.8217206275247013 0.24685283684563383 0.8282524834527978 0.27879453176465263
0 0.9055855222706708 0.23537072359931602 0.8761234427996338 0.20041282085960477 0.8653099434481597 0.22411218795769572 0.8947720229191967 0.25907009069740694
0 0.7298629666246432 0.27425544037280014 0.670382941784508 0.19673698987012547 0.6473835380492947 0.24262879045605773 0.7068635628894298 0.32014724095873237
0 0.7658917826994599 0.2546990210382114 0.708423010401468 0.18456332845993462 0.6919840787086801 0.2195916141435981 0.7494528510066719 0.28972730672187486
0 0.8005710528180517 0.23598039535098086 0.7429083427228906 0.1645302928743959 0.7258883356936563 0.20024971233414662 0.7835510457888173 0.2716998148107316
0 0.8690009399453973 0.1980551032227699 0.8339362387210534 0.1557555689862457 0.82299988631705 0.17933099320580081 0.8580645875413938 0.22163052744232498
0 0.8440584391946176 0.21099592339757886 0.7859283041490097 0.14005310237660892 0.7693633722355234 0.17534987486797357 0.8274935072811314 0.2462926958889435
0 0.1939766535008749 0.7552380489873803 0.1839539177932254 0.732501732412138 0.14840908634428324 0.7732486811287564 0.15843182205193274 0.7959849977039989
0 0.1922880997410275 0.6749080829856466 0.16674471933436813 0.6377809534271897 0.14955116575888186 0.668542283275097 0.17509454616554124 0.705669412833554
0 0.2954862825870488 0.6254001720143787 0.2836934403368092 0.5604873083129763 0.22152777335177443 0.5898564179507148 0.23332061560201395 0.654769281652117