0 0.32893897891016516 0.31637985464857127 0.027437936905312894 0.276805538347838 -0.009506664068007598 0.5582718208039472 0.29199437793684463 0.5978461371046805
0 0.3294270833333333 2.7572054905734826e-17 1.5718638819310214e-17 7.400463747904072e-18 4.251512602335954e-17 0.4376198463541667 0.32942708333333337 0.4376198463541667
0 0.7954434192708334 0.5550538515625 0.6398651445364636 0.5240178438687734 0.6309519401419893 0.5686982349722784 0.7865302148763592 0.5997342426660052
0 0.6384498829597608 0.4958604356659418 0.48290394582472107 0.46483087985532406 0.47354510995835297 0.5117451477943168 0.6290910470933927 0.5427747036049344
0 0.930696014563094 0.5378994338520275 0.8152511870867701 0.5148695698997552 0.802372734375 0.5794270833333334 0.9178175618513239 0.6024569472856057
0 0.8151134440892541 0.4869670111148528 0.6569830396509729 0.45542188625115854 0.6458415636751133 0.5112722311052303 0.8039719681133946 0.5428173559689247
0 0.6548630628142582 0.4372604377893848 0.5043109825405295 0.39703525199735773 0.48956593000254006 0.4522220283821106 0.6401180102762688 0.49244721417413767
0 0.4991899373592778 0.39036860892355746 0.34608402510360725 0.33681150376009167 0.3170795203254124 0.41972788152239743 0.470185432581083 0.4732849866858633
0 0.85121937109375 0.39660722526041675 0.6954975227252279 0.36554257845900695 0.6830191515511549 0.4280945539016168 0.838740999919677 0.4591592007030267
0 0.6874421086407191 0.36393561874893 0.530173180911902 0.3325623468263795 0.5203687134405507 0.38171049082544933 0.6776376411693678 0.4130837627479998
0 0.9767970890101028 0.39950345443491586 0.8889748812694463 0.37603872027302154 0.8600449127604168 0.48431583463541683 0.9478671205010732 0.507780568797311
0 0.8646007733391136 0.3465242272257946 0.714048694862198 0.30629903721284624 0.7016606003681335 0.3526643464593528 0.8522126788450491 0.39288953647230124
0 0.7054066033803393 0.29783132078684416 0.5488232425395009 0.2665948133029216 0.5376817666357617 0.32244515901242965 0.6942651274766 0.35368166649635224
0 0.5390623033854166 0.26697039453125004 0.38600086349353435 0.22607474228409105 0.36182791737541065 0.31654758562958213 0.5148893572672929 0.35744323787674115
0 0.34980208984375 0.21063185807291673 0.34227445286246533 0.20862059006970424 0.32189944635204865 0.2848787775697042 0.3294270833333333 0.2868900455729167
0 0.634693379325307 0.24888087608963735 0.5575506819023399 0.23349183255097947 0.5530940231137532 0.25583231651814176 0.6302367205367203 0.2712213600567997
0 0.5541700295335776 0.19797343281453875 0.39804943618268895 0.1668292386938978 0.3869078450520833 0.22268015625000004 0.5430284384029719 0.253824350370641
0 0.36743621188506453 0.1446321166709056 0.3599085653235034 0.1426208445239321 0.3450913535899722 0.19807765235855537 0.3526190001515334 0.20008892450552887
0 1.0373598382912632 0.17283334181979929 0.9520466723758946 0.1500389826092325 0.9020182194913621 0.33728204840459725 0.9873313854067308 0.36007640761516396
0 0.41539669270833324 0.035560549479166696 0.39030467861821533 0.02885635082589469 0.37514276775325306 0.0856033090728835 0.40023478184337097 0.0923075077261555
0 0.9227129843749998 0.13908686067708342 0.7495782530617396 0.09282793905775237 0.704709651012633 0.26075907727363745 0.8778443823258932 0.3070179988929685
0 0.7418232961034018 0.09166696558544996 0.6038170631864621 0.0547938337029758 0.5662056009793925 0.19556343879753593 0.7042118338963324 0.23243657068001009
0 0.5985186365400742 0.04444130473936823 0.4605124022916174 0.007568169505416815 0.42873646426688367 0.12649696464806712 0.5667426985153404 0.16337009988201853
0 0.7082359521968593 0.9897047175972672 0.50222939453125 0.8590798919270833 0.42180350615165896 0.9859184184267203 0.6278100638172682 1.1165432440969043