0 0.18809872382406326 0.5662039501770008 0.18721653234942884 0.48852424840405334 0.0023461814714439144 0.4932481962102815 0.003228372946078329 0.570927897983229
0 1 0.4763759628906252 0.9347000455729167 0.4763759628906252 0.9347000455729167 0.5683593750000002 1 0.5683593750000002
0 0.8531011130938619 0.457697893605042 0.7358247387279144 0.4565300790662883 0.735564877348894 0.5152466805088427 0.8528412517148415 0.5164144950475964
0 0.3715487271557449 0.7199173693002224 0.3695745854660714 0.7140965942234613 0.2434376226332432 0.810351392891989 0.24541176432291664 0.8161721679687501
0 0.37206896106393633 0.6357103248067653 0.3697916666666667 0.6290668828125001 0.22094935167371446 0.7438650526740098 0.2232266460709842 0.750508494668275
0 0.4949869583333335 0.995607310546875 0.4859289101562501 0.995607310546875 0.4859289101562501 1 0.4949869583333335 1
0 0.9094145390625 0.9956624472656253 0.9093697384777736 0.9872308939900962 0.857646990633607 0.9878492522997157 0.8576917912183335 0.9962808055752447
0 0.6485089583333333 0.99878164453125 0.6484372799179159 0.9852916774894056 0.577022890182897 0.9861454570521168 0.5770945685983144 0.9996354240939611
0 1.0032720086944131 0.9876967853452344 0.999901337310733 0.9513570562044747 0.9228293642758901 0.9674417842776701 0.9262000356595702 1.0037815134184298
0 0.4774457343750001 0.957303720703125 0.3967180026041668 0.957303720703125 0.3967180026041668 1 0.4774457343750001 1
0 0.4888018813635882 0.9897818889395448 0.45977573805519145 0.9455433591052711 0.45455500950668565 0.9532506593948474 0.4835811528150824 0.9974891892291211
0 0.5623606289062499 0.999811572265625 0.5620739157053113 0.9458517050371876 0.474973481169982 0.9468930141204153 0.47526019437092065 1.0008528813488526
0 0.6356968302552077 0.9871302379686259 0.635436996643171 0.9382292144570958 0.5436521544624723 0.9393265283181016 0.543911988074509 0.9882275518296316