0 0.476762198221593 0.42858001284183234 0.18442028421656703 0.42205063151690264 0.17715158599042743 0.7474941989865186 0.4694934999954534 0.7540235803114482
0 0.1709210011072041 0.3548867197384301 0.00038809749916054873 0.35107791192044197 -0.008277622649579352 0.7390708192653832 0.1622552809584642 0.7428796270833713
0 1.0133418658500615 0.21498600308770444 0.9997477910915897 0.19923124327591707 0.9601106768040285 0.2334323292507126 0.9737047515625001 0.24918708906249995
0 1.0133147316362914 0.1710585422646858 0.9997829688992435 0.15519715170719267 0.9470921935129522 0.20014901569250693 0.9606239562500001 0.21601040625000006
0 1.0132237959350905 0.1273157875526431 0.9999045016688463 0.11111667074684091 0.9324916901087557 0.16654506756919787 0.9458109843749998 0.1827441843750001
0 1.0144317743451357 0.0822316283036634 0.9998965693311398 0.06459519356262211 0.9181966668610041 0.13192880432145881 0.932731871875 0.1495652390625001
0 1.0082744437485218 0.04359562345657375 0.9930183511662396 0.025022116705073306 0.9043966105427177 0.09781512762349953 0.9196527031249999 0.11638863437499998
0 0.9893268209643133 0.013704427935159025 0.9739184345835048 -0.004641237642663132 0.8911635792441913 0.06486394223467791 0.906571965625 0.08320960781250006
0 0.9378553265625001 0.009738579687499981 0.923550105592375 -0.0070294272961306525 0.879248122779875 0.03076574145386939 0.8935533437500001 0.04753374843750002
0 0.8869736945986577 0.012582063593164317 0.8854214211611579 0.004999357343164301 0.8771880968750002 0.006684820312499973 0.8787403703125001 0.014267526562499988
0 0.8112038190327068 0.05996722010546174 0.7964880515624999 0.04264784531249992 0.6481416700297931 0.1686934377070382 0.6628574374999999 0.1860128125
0 1.0003933769072049 0.8246508612427073 0.9882859690385377 0.8244477161527547 0.9878925921313331 0.8478929033475475 1.0000000000000002 0.8480960484375002
0 0.9705855368089141 0.8184038166664631 0.9393719668216006 0.8137457885995332 0.935287167536454 0.8411181372713367 0.9665007375237675 0.8457761653382667
0 0.9366543714389828 0.8146621606227313 0.8754207985263539 0.803700522273829 0.8705619896676889 0.8308426534996215 0.9317955625803178 0.8418042918485238
0 0.8713950663507412 0.8037863717977396 0.8034268609735333 0.7940376616330506 0.799540259813533 0.8211351239023701 0.8675084651907408 0.8308838340670592
0 0.8010084860805806 0.7942942673232762 0.732961130494231 0.7832280416782074 0.7285334504196235 0.810454300216833 0.7965808060059731 0.8215205258619018
0 0.9847116589511817 0.787673655428859 0.95419593189494 0.7822110679789527 0.9515664815594066 0.7969000023864851 0.9820822086156482 0.8023625898363914
0 0.7279405826201278 0.7835758947573878 0.5904274132014546 0.7632191730076793 0.5864532484251439 0.7900653420962923 0.7239664178438173 0.810422063846001
0 0.9511435488528349 0.7810628677250787 0.8455153840881227 0.7652987163429044 0.8429490908923702 0.7824942401579085 0.9485772556570824 0.7982583915400828
0 0.5861416445568663 0.7623434239806968 0.5174006948426412 0.7528500137907785 0.5136935654941188 0.7796930119371688 0.582434515208344 0.7891864221270871
0 0.5129114341975766 0.7514703101297968 0.4886351513893149 0.7497059379815869 0.48680553602775517 0.7748799127536465 0.5110818188360169 0.7766442849018566
0 0.8401296017542492 0.7639568731248112 0.7429097645848576 0.7494477618727281 0.740173274128237 0.7677839061055499 0.8373931112976285 0.7822930173576331
0 0.7387601875000002 0.7500000000000001 0.6470070437500002 0.75 0.6470070437500002 0.7645111796875 0.7387601875000002 0.7645111796875002