0 0.24312270898437496 0.5042834746093748 0.23661265795079472 0.2942651528815177 0.0011653828125000008 0.323458296875 0.007675433846080238 0.5334766186028572
0 0.3627844029473828 0.4963970539904345 0.35598819306008544 0.27714713926374823 0.23330356013985157 0.2923588307494453 0.24009977002714888 0.5116087454761316
0 0.3604372178401298 0.2728363957300491 0.35574479528969366 0.07797193064550981 0.22791701768055608 0.09028452844963031 0.23260944023099223 0.2851489935341696
0 0.24141366992187496 0.28671941992187494 0.23533284456318684 0.09054819369142109 -0.005887082969113371 0.12045709074110698 0.00019374238957475115 0.31662831697156085
0 0.474843353515625 9.011945599597345e-17 0.261037849609375 6.393583339608585e-17 0.261037849609375 0.05203452929687507 0.474843353515625 0.05203452929687509
0 0.2399671766250156 0.050588368931118316 0.23839331470283717 -0.00018539853274232576 -0.0015023217307862718 0.029559300459577272 0.00007154019139216181 0.0803330679234379
0 0.7760524244217027 0.06121794620253895 0.775074030373424 -0.0023503023639922446 0.7160782160283643 0.0012817721342156738 0.717056610076643 0.06485002070074687
0 0.713840736328125 0.06541178320312502 0.7119091779349687 0.0030983748820685303 0.657825663611849 0.009804184680433356 0.6597572220050053 0.07211759300148984
0 0.20140821736749398 0.9628239045201394 0.017722261408862284 0.9430796982295538 0.016217761310656185 0.9990668642288505 0.19990371726928788 1.0188110705194362
0 0.21287902893943353 0.7509849469295986 0.00024716973827576885 0.7221833017194332 -0.0060625716249299785 0.9085132182706387 0.20656928757622778 0.9373148634808041
0 0.1966544143986168 0.7093053485468913 0.1941588956852225 0.5935286458804778 -0.001906301198803662 0.6104330612456036 0.0005892175145906613 0.7262097639120171
0 0.8095298950969132 0.6125546110516373 0.5050783253002139 0.577768452577438 0.49840634520943716 0.8113435182226915 0.8028579150061365 0.8461296766968908