0 0.2000847109266581 0.33800204176321774 0.005996922397423957 0.33079274314734736 -0.015225804606157876 0.4736316089704809 0.17886198392307628 0.4808409075863513
0 1.030611609387541 0.19023735873183223 0.934394778355233 0.17791523065712225 0.799749493312061 0.44075827533552164 0.895966324344369 0.4530804034102316
0 1.001891014156735 0.00024458693533670195 0.8841050174122153 -0.01499005097930052 0.7717733196617304 0.20213196169473785 0.8895593164062501 0.21736659960937507
0 1.005217480810624 0.9626816560929907 0.9364295859375003 0.955996150390625 0.9312121051268765 0.9694169571882593 1.0000000000000002 0.976102462890625
0 1.0052172896201341 0.9348263561604669 0.9468643575736004 0.9291550271686718 0.9416470679534666 0.94257534483633 1.0000000000000004 0.9482466738281251
0 1.004931337166425 0.9089328400616501 0.9565538319938842 0.9042310214807433 0.9516224948274592 0.9169157829815932 1 0.9216176015624999
0 1.005962780963984 0.8354145045826622 0.8806015786248388 0.8232306305283055 0.8746387974719169 0.8385685561191439 0.9999999998110621 0.8507524301735007
0 1.006208437435116 0.8096993930804152 0.8911410218529534 0.7961670020523266 0.8844799662195197 0.8103269249956794 0.9995473818016822 0.8238593160237679
0 1.0059627810336826 0.7797034359950229 0.897636094977021 0.7691751491662574 0.8916733139433385 0.7845130744993596 1 0.7950413613281251
0 1.0052174816506834 0.7298891015751939 0.9009318164062502 0.7197535605468752 0.8957143340621903 0.7331743689583634 0.9999999993066233 0.7433099099866821
0 1.0052172906178911 0.7020338016745268 0.9113665869640608 0.6929124378004503 0.9061492963461696 0.7063327552665485 0.9999999999999999 0.715454119140625