0 0.2861134156250001 0.43392636875 5.772840407182792e-17 0.43392636875 7.019369386688373e-17 0.6375 0.2861134156250001 0.6375
0 0.4474545084732047 0.38600566767534394 0.41831511155292206 0.1786680923949156 -0.029139396920282706 0.24155372471957168 0 0.4488913
0 0.41875 2.735594933048285e-17 2.4101450844450895e-19 1.7149069733351396e-18 1.3160970309821944e-17 0.210998890625 0.41875 0.21099889062500005
0 0.49282993125 0.59842344375 0.430938178125 0.59842344375 0.430938178125 0.6375 0.49282993125 0.6375
0 1 0.5435740281250002 0.64876245 0.5435740281250001 0.64876245 0.6375000000000001 1 0.6375000000000002
0 0.6843098270887655 0.5462670111967796 0.6556053187499999 0.342023825 0.39875434135519067 0.37812187634623207 0.4274588496939562 0.5823650625430117
0 1.0291393956801815 0.4978043750337132 0.9995651119207309 0.2873724105090038 0.6794922448627998 0.33235571813269255 0.7090665286222504 0.5427876826574021
0 0.8475194240003573 0.29296268397381453 0.8183800280738078 0.0856251090107462 0.3896106040734504 0.14588472191193175 0.41875 0.3532222968750001
0 1 0.07592653437500013 0.90467781875 0.07592653437500012 0.90467781875 0.27812474375000007 1 0.27812474375000007
0 0.881930552560395 0.05699433576438735 0.8708165427687442 -0.029451390899892405 0.40763599020834923 0.030098032710720278 0.41875 0.11654375937500003
0 0.08983578078146609 0.788362243707289 9.992007221626409e-17 0.778863915625 -0.012102900306970277 0.8933339033299207 0.07773288047449571 0.9028322314122098
0 0.2865072284135752 0.8220281903240474 0.09670144687500012 0.7926488593750001 0.0799026625933367 0.9011777562722404 0.26970844413191175 0.9305570872212877
0 0.49244510803467156 0.9807501447923223 0.47722302378364984 0.8724393752284417 0.4035279157489783 0.8827965460611196 0.41875 0.9911073156250001