0 0.4187984333863076 0.2860783373353027 0.21369753789985238 0.2778854233762664 0.21268528526462835 0.36701722940481546 0.4177861807510836 0.37521014336385167
0 0.5969699158090469 0.16208194177606297 0.5131305519304825 0.08761673902993589 0.44183320263671877 0.36996336996337004 0.5256725665152832 0.4444285727094971
0 0.4379951802223422 0.13826643590762777 0.2483391804733216 0.11611506596872699 0.24358487954766248 0.2592900986886533 0.4332408792966831 0.2814414686275541
0 0.662804598389953 0.13603858631109142 0.6297842027186675 0.04513289051767138 0.5572888717711255 0.13775525047779186 0.590309267442411 0.22866094627121192
0 1.0101088319462952 0.13273225327940763 0.9398638314231444 0.08934789590827313 0.8905901811523438 0.3699633699633701 0.9608351816754944 0.41334772733450453
0 0.9305947844781857 0.11218375708763093 0.7078551907946254 0.08036235278629891 0.6966286171875 0.35676356135531145 0.9193682108710602 0.38858496565664347
0 1.003722496832066 0.027524210501006313 0.946470409074692 0.019344964686632923 0.942747912242626 0.11099381737244005 1 0.11917306318681344
0 0.950434265625 0.019911256410256623 0.8614011643295045 0.0071916563393729935 0.8577377507032615 0.0973858601783412 0.946770851998757 0.11010546024922482
0 0.73671019921875 1.5745278962163237e-16 0.62465633203125 1.4458467207419166e-16 0.62465633203125 0.08711787912087927 0.73671019921875 0.08711787912087929
0 0.11320104101562502 0.4268762353479854 0.08087203369140626 0.4099271840659342 0.022924778884941557 0.7986987288795357 0.05525378620916031 0.8156477801615871
0 0.7529071582677845 0.547990958906751 0.7139420760550027 0.5276970827105495 0.688851944321022 0.6971418492195243 0.7278170265338039 0.7174357254157258