0 0.149371055440356 0.3719956201854433 0.0694762737008364 0.35888848327910167 0.0642862333806041 0.39052446462020135 0.1441810151201237 0.4036316015265431
0 0.18412304557291667 0.30075183333333333 0.10155294187255814 0.2840347977164684 0.0918851588541667 0.33178667578125 0.17445526255452526 0.3485037113981149
0 0.21296719661458338 0.23708857421875004 0.1312341047389585 0.21942039598315125 0.1203497703222179 0.26977138820350666 0.20208286219784277 0.28743956643910545
0 0.2460949205729167 0.17241828385416666 0.16102942811912255 0.15596327111005895 0.15170174197593375 0.20418348385397878 0.2367672344297279 0.22063849659808646
0 0.2752122170822844 0.10709006310101925 0.19024344642693847 0.09315051283594694 0.18204859823049743 0.1431023522940302 0.2670173688858433 0.15704190255910253
0 0.535116929841665 0.11383391976123376 0.285009516193464 0.05623137760084601 0.21341015625000007 0.36711228776041666 0.4635175698982012 0.4247148299208044
0 0.30869006763402 0.04125448727496132 0.22433731398453652 0.02386493136542493 0.21349740364583333 0.0764468541666667 0.29785015729531683 0.0938364100762031
0 0.7551596634871137 0.3377801815380062 0.725627545838691 0.27344066327877364 0.635828141652872 0.3146589788789735 0.6653602593012947 0.37899849713820605
0 0.6739111644431229 0.4121520460819606 0.5993135637714149 0.22057851001741524 0.5248032970302275 0.24959236672478857 0.5994008977019355 0.441165902789334
0 0.8804900246404411 0.3219973865437988 0.8086947317382168 0.14787644655035112 0.7192182910463271 0.18477027027749424 0.7910135839485513 0.35889121027094184
0 0.07140923087351832 0.9013531885209399 7.401486830834377e-17 0.8817665625000002 -0.009611487679024014 0.9168082762681418 0.061797743194494235 0.9363949022890815
0 0.13298830500187445 0.7712394073811808 1.1102230246251565e-16 0.7345586992187499 -0.014198521868366306 0.7860363683096666 0.11878978313350803 0.8227170764720976
0 0.9827473446975755 0.8607889795338557 0.8132721901041666 0.7126110598958332 0.8095764255964767 0.7168380072224768 0.9790515801898856 0.8650159268604992
0 0.9710156280797224 0.9361197519978194 0.7791879921875001 0.76688509375 0.7749389461390277 0.7717013912313472 0.96676658203125 0.9409360494791666