0 0.01744015399449664 0.26825685581214126 0.004087525841368074 0.26744107205450957 -0.009537538059531035 0.49045410722388605 0.0038150900935975327 0.49126989098151774
0 0.15073779893014544 0.1234599149413692 0.013396767568374534 0.11506900573945229 -0.01356033540977708 0.5562984644849981 0.12378069595199381 0.5646893736869151
0 0.03765864453124999 4.336808689942018e-18 0.02049104178305727 -0.001048863432623867 0.014999716340448622 0.08883213615939439 0.03216731908864135 0.08988099959201827
0 0.5913440901799447 0.4895626208998225 0.5860125941845009 0.46004347283869573 0.4888610081693999 0.4775901612023964 0.4941925041648437 0.5071093092635232
0 0.5889742506509508 0.4475872413906852 0.5796663163848716 0.3978857375060134 0.48039782373385054 0.4164764144889976 0.4897057579999297 0.46617791837366934
0 0.584156255093268 0.3821365241259599 0.5762774167632418 0.3373682638434483 0.4805044965892384 0.35422349452884166 0.4883833349192644 0.3989917548113532
0 0.8412091806105844 0.36953912047603354 0.837956007200289 0.3509285030250844 0.8139924346817002 0.35511738376150404 0.8172456080919956 0.3737280012124532
0 0.8045101340752303 0.4030749101876938 0.7956360914081281 0.3193490149407308 0.7899180289026967 0.319955067948545 0.7987920715697989 0.403680963195508
0 0.8413743932652256 0.3143941359348596 0.8377557421874999 0.29774007421875 0.8152393492087935 0.3026325125384709 0.8188580002865191 0.3192865742545805
0 0.8383336167752422 0.2935901206564223 0.8340185537549871 0.27373354860650956 0.7933705806937202 0.2825668238044695 0.7976856437139753 0.30242339585438227
0 1 0.2730112031250001 0.9647753828125001 0.2730112031250001 0.9647753828125001 0.3724958886718751 1 0.3724958886718751
0 0.9651431412401573 0.3958775139492541 0.9444214379105184 0.22730190752972132 0.8438427676839608 0.23966527023676382 0.8645644710135998 0.4082408766562966
0 1.0061890821694182 0.25677362350614347 0.9999999999999999 0.20500208789062496 0.9579913301997312 0.21002405809356958 0.9641804123691493 0.2617955937090881
0 0.9313948486762441 0.18716524538474827 0.921316351874925 0.13822456033067104 0.8298742878271677 0.15705548901491434 0.8399527846284867 0.20599617406899157
0 0.8094813309839501 0.07993823470310932 0.8062564651221764 0.04008340027161915 0.7686396146457868 0.043127178991545494 0.7718644805075605 0.08298201342303566
0 0.9229401917732293 0.055334281202850444 0.9160506766346974 -0.0038662243999950108 0.8172455334472817 0.0076323181009964325 0.8241350485858135 0.06683282370384189
0 0.8232240377027817 0.9917683219166505 0.760670078125 0.8574173730468752 0.6454556379170614 0.9110613517174682 0.7080095974948432 1.0454123005872435