0 0.28499318990384614 0.35817307692307687 0.24935633651196076 0.21524146864371124 0.16072325517315023 0.23734017839284266 0.1963601085650356 0.38027178667220823
0 0.05954630048076924 0.358173076923077 0.03710399796539264 0.26816191996391164 0.01844446394230769 0.272814264423077 0.04088676645768429 0.36282542138224233
0 0.5164763374024837 0.2700352095475186 0.4873992636258742 0.1534134245147816 0.40271568255278345 0.17452741049809115 0.4317927563293929 0.29114919553082813
0 0.3940004014423077 0.35817307692307687 0.351402263136828 0.18732128347069887 0.2651014741258412 0.2088384877790443 0.30769961243132093 0.37969028123142223
0 0.17103078846153846 0.3581730769230769 0.1414822159484742 0.23966022917422486 0.05284961298076923 0.26175881971153847 0.08239818549383351 0.3802716674603905
0 0.5123534251772274 0.12737215932497806 0.4832762011022667 0.010749778727501833 0.38764564611734714 0.034593153056369966 0.4167228701923078 0.15121553365384618
0 0.034784064913176226 0.24892085099895936 0.002332410749931696 0.11876437813442342 -0.01865953397093685 0.12399825790469482 0.01379212019230768 0.25415473076923073
0 0.13682987259615384 0.22100069711538461 0.09379561635111787 0.04839971684172713 0.0074954242736453335 0.06991677064970361 0.050529680518681314 0.24251775092336111
0 0.38698278671426434 0.1611078483181828 0.34278551526791673 -0.016157717796623 0.21683336673800724 0.015245681181731375 0.2610306381843549 0.19251124729653715
0 0.24412248798076933 0.19424964423076924 0.20050672451209195 0.019316370765768823 0.11420653125000002 0.04083342548076923 0.15782229471867737 0.21576669894576964
0 1.03931121219485 0.18899472009586255 0.588368909466028 -0.05658070717713865 0.5362072689183027 0.03920204504650112 0.9871495716471247 0.2847774723195023
0 0.4879807692307694 0.8258295649038462 0.46166718750000013 0.8258295649038462 0.46166718750000013 0.8677746177884615 0.4879807692307694 0.8677746177884615
0 0.4879807692307694 0.7301542524038461 0.45660426442307706 0.7301542524038461 0.45660426442307706 0.8270293149038461 0.4879807692307694 0.8270293149038461
0 0.7234130600961538 0.693244235576923 0.5277799576209193 0.5803185645868355 0.48865024519230765 0.6481071105769232 0.6842833476675422 0.7610327815670106
0 0.9493966129807693 0.8176094975961539 0.8112378094821506 0.7345953185180119 0.7698987668269232 0.8033950432692311 0.9080575703255419 0.886409222347373
0 1.037370292884949 0.870049680217575 0.9918915125562424 0.844005665402472 0.9545212196712934 0.9092627063387428 1 0.9353067211538458