0 0.5226957192897271 0.06055752307204696 0.42909570338411174 0.039856302159213285 0.3122520080124448 0.5681619412956371 0.4058520239180602 0.5888631622084708
0 0.42566553637073495 0.03840119727909122 0.09598914342219174 -0.042822892122344 -0.03843899187100705 0.50280074097532 0.29123740107753615 0.5840248303767552
0 0.07373888476562508 2.42861286636753e-17 0.047320394921005954 -0.004824246913864948 -0.026418489844619093 0.39898385269551 4.163336342344337e-17 0.40380809960937497
0 1.0053278136291204 0.14970460975383898 0.9997619627244989 0.13632827386623353 0.7371705703124998 0.24559171875000005 0.7427364212171212 0.2589680546376055
0 0.23460591483250995 0.7909507224331913 0.10499659644014334 0.7561917750911331 0.09242500081084437 0.8030687971304724 0.22203431920321098 0.8378277444725306
0 0.34045390294230515 0.7588863977066536 0.18224946220150048 0.7252590069198276 0.1719271237840256 0.7738217927400614 0.3301315645248303 0.8074491835268873
0 0.29233557041625136 0.6948956282022231 0.2261383290952875 0.681627387926219 0.2161662374868766 0.7313796490358243 0.2823634788078404 0.7446478893118283
0 0.1957318027343751 0.5683593750000001 0.1499223503632848 0.5577382525146601 0.11980547536328481 0.6876338970459102 0.1656149277343751 0.69825501953125
0 0.2499761295332037 0.568375937523256 0.20455110473634058 0.5587205508388614 0.18880919467673485 0.6327804179556611 0.23423421947359796 0.6424358046400557
0 0.14097463085937512 0.568359375 0.08768678094071329 0.5571798151086164 0.056651335937500075 0.70511158984375 0.10993918585616189 0.7162911497351336
0 0.8423691208703212 0.817652026480927 0.8367522910156251 0.7758446425781251 0.8057793237733603 0.7800058665260129 0.8113961536280564 0.8218132504288148
0 0.8879238085937499 0.8357099707031249 0.8821948696345169 0.8025430184602812 0.8379723872126419 0.8101815829134061 0.8437013261718749 0.8433485351562499