0 0.609375 0.3661990390625001 0.5736257421875 0.3661990390625001 0.5736257421875 0.52326791015625 0.609375 0.52326791015625
0 0.5756810195161675 0.5288492185337661 0.559560710451886 0.37171571375284507 0.4732870938898903 0.38056651463717395 0.4894074029541717 0.537700019418095
0 0.48090603684514144 0.5397443851403265 0.46216675533878576 0.3846120157112309 0.3745067230780602 0.3952009471343454 0.39324600458441594 0.550333316563441
0 0.3840853536839165 0.554095102512466 0.365154168875439 0.3973740625293053 0.27749352922849435 0.40796306685038414 0.29642471403697185 0.5646841068335448
0 0.28489859843799287 0.5697667986414646 0.26927403476962875 0.4079189890982374 0.18248628967398836 0.416297357966544 0.19811085334235248 0.5781451675097712
0 0.19002369209247089 0.5793222715860187 0.17091276367187502 0.42111320898437504 0.08325273295376744 0.43170213824577364 0.10236366137436331 0.5899112008474173
0 0.09287931323514356 0.5909932936231702 0.07411605881228295 0.43566242975543273 0.007778621847198151 0.44367568724041145 0.02654187627005876 0.599006551108149
0 0.6092138421283213 0.34826773060295824 0.5913005065261152 0.1999729295805139 0.5533933987727939 0.20455193530568067 0.571306734375 0.35284673632812497
0 0.5595779112399348 0.3559841374922216 0.5440289805350892 0.19796337025781172 0.4575366249195218 0.20647404684483484 0.47308555562436744 0.3644948140792447
0 0.4632480063901073 0.37158656422287145 0.44941710843897814 0.21062257899272008 0.35981979586243845 0.2183212656596144 0.37365069381356764 0.3792852508897658
0 0.36770521037742804 0.3786963568503622 0.3490334378866332 0.22412286197925826 0.2613734013373301 0.23471179419139604 0.280045173828125 0.3892852890625
0 0.27092805750761234 0.39340746840439283 0.2515457261761151 0.23295161734624759 0.1638856928473592 0.24354054756788435 0.18326802417885646 0.4039963986260296
0 0.17169029618831205 0.407646681427215 0.15222412437096172 0.24649679408327985 0.06693252558255673 0.2567996304299668 0.08639869739990708 0.41794951777390194
0 0.07472517698014845 0.4213813288060056 0.05834388486042942 0.26334221730155155 -0.011269490600182123 0.2705578807408377 0.005111801519536913 0.42859699224529174
0 0.5879157807156737 0.17195260301299248 0.574237263671875 0.05871556054687499 0.5410682412874634 0.06272222681199816 0.5547467583312622 0.17595926927811564
0 0.5426453432430055 0.1757439287241907 0.5326665155841068 0.06488235871514766 0.44624523793915716 0.07266127647366791 0.4562240655980558 0.18352284648271094
0 0.4482977836564983 0.190200442741768 0.43472716615878565 0.07785662653887622 0.3470671318713758 0.0884455564449283 0.36063774936908843 0.2007893726478201
0 0.35116981860722385 0.20200732166136465 0.3376547192907092 0.0901231379213634 0.24999468469651606 0.10071207045880531 0.2635097840130307 0.21259625419880657
0 0.2518715015794968 0.21575035744006915 0.23841634599319192 0.10436240418629444 0.1507563125610939 0.11495133552110731 0.1642114681473988 0.22633928877488202
0 0.1552583326799158 0.23269247748314917 0.14369073214075428 0.11513983173656103 0.055616733836133456 0.12380662799456198 0.06718433437529495 0.2413592737411501
0 0.058112159347793596 0.24347514929201425 0.043904228515625 0.125855369140625 -0.0142079308321686 0.13287505187986076 0 0.25049483203125
0 0.84780381356551 0.5667391443046121 0.8437580352932199 0.5288245265552546 0.6822003565799168 0.5460639604480305 0.686246134852207 0.5839785781973881
0 0.8636255377596637 0.6776032238531502 0.8584609112024424 0.64085499478326 0.6959950572307688 0.6636880804938102 0.7011596837879901 0.7004363095637004
0 0.9812783476562498 0.708984375 0.9727571395613067 0.6395337326439131 0.9108678938104465 0.6471271993706601 0.9193891019053896 0.716577841726747
0 0.4571647365705907 0.7129637671298876 0.38275213682245235 0.62202679449606 0.23978786509561173 0.7390126894755475 0.3142004648437501 0.8299496621093752