0 0.23236717977404817 0.7575280499313397 0.22018590234375 0.5693302265625 0.13208864078380655 0.5718645271775573 0.1442699182141047 0.7600623505463971
0 0.09313300792513238 0.6092069979511504 0.08184909570312501 0.43487327213541666 0.002011126840492653 0.43716997730926616 0.013295039062500003 0.611503703125
0 0.2516005782829539 0.5682358228043344 0.23558634141694354 0.2892628764404842 0.08055506455611944 0.29321819042207914 0.09656930142212981 0.5721911367859293
0 0.07401349738426652 0.44547397918546544 0.06431334037073812 0.2519144736334974 -0.007646549339998192 0.2535172474204807 0.002053607673530213 0.4470767529724488
0 0.2202452547360458 0.32046345419984584 0.2045797580290261 0.029500820463108982 0.06586101520902747 0.03282022036289104 0.08152651191604722 0.32378285409962787
0 0.469083728515625 0.7591145833333334 0.4234913355946436 0.38047709248644107 0.34701705512593717 0.38456971467669376 0.3926094480469186 0.763207205523586
0 1.0439149196305293 0.7390269231767577 0.9536894008489493 -0.010280250749129494 0.3903312758078174 0.019868654123942453 0.48055679458939754 0.7691758280498296
0 0.22402109529168435 0.8403454863015002 0.210973619140625 0.7784537317708335 0.00015483089154519347 0.7982061608857807 0.0132023070426045 0.8600979154164473
0 0.05688886523437517 0.8505492994791667 1.5638598168838847e-16 0.8505492994791667 1.7011280584012607e-16 1 0.05688886523437518 1
0 0.2205760607945329 0.9839366384644569 0.20527249273556492 0.8727109148258575 0.0707577139473044 0.880936654159371 0.08606128200627239 0.9921623777979703
0 0.464628052734375 0.9950202213541667 0.4638537665998378 0.9884090213905415 0.3891930781131654 0.9922952707322849 0.3899673642477027 0.99890647069591
0 0.4593243046874999 0.9810431419270835 0.4586606225403803 0.9753763303287785 0.38424288867187495 0.9792499348958333 0.3849065708189946 0.9849167464941383
0 0.45472767773437506 0.9689295455729167 0.4539534195937323 0.9623185870772373 0.3792927949100405 0.9662048345343682 0.3800670530506832 0.9728157930300476