0 0.3900143373178012 0.41929564235230904 0.3873809230964821 0.39181086382054015 0.11161617049340497 0.4684397371048253 0.11424958471472407 0.4959245156365942
0 0.3143175447597233 0.4097154877873901 0.31058295257168067 0.36398504543491494 0.07722227912553215 0.41925539374609977 0.08095687131357478 0.46498583609857486
0 0.07425651245725452 0.46921797004991683 0.06984572172558934 0.4167794942071727 0.03166548114505494 0.4260933992048325 0.03607627187672013 0.47853187504757666
0 0.3977267374531908 0.3105983430070931 0.3785151241125976 0.08026139991087083 0.2279092024538814 0.11669222746161646 0.24712081579447462 0.3470291705578387
0 0.23275084080193575 0.318246402105015 0.20191536575569213 -0.007784264714121593 0.008596036248037488 0.0452423889920965 0.03943151129428109 0.3712730558112331
0 0.03355916188068938 0.32242471573355413 0.0014728900197606273 0.13025936651353875 -0.02013922491103044 0.1407250644960788 0.011947046949898309 0.33289041371609424
0 0.7600312012701513 0.2080914384359402 0.7565317548462309 0.15641683963115527 0.5068885569125549 0.20544761064891845 0.5103880033364753 0.25712220945370334
0 0.3898387884709331 0.7711717046589018 0.3491628080117245 0.7711717046589018 0.34916280801172456 1 0.3898387884709332 1
0 0.7530888765917945 0.7058713061334373 0.6010164060020913 0.5704988364493679 0.5671907581484327 0.6807017617274824 0.7192632287381359 0.8160742314115518
0 0.8991443487469643 0.7971657061398292 0.8647995350456223 0.6947594464938444 0.7223664474841232 0.8332985266222962 0.7567112611854652 0.935704786268281
0 0.9275610483525608 0.5183197571763236 0.8793140786609007 0.475990735161977 0.8664497228635656 0.5185159581785789 0.9146966925552257 0.5608449801929254