0 0.40144601564750887 0.564616944363051 0.39495099349825236 -0.0022536842938518883 -0.0018071879837603835 0.002292243906256131 0.0046878341654960475 0.569162872563159
0 0.05679181839653609 0.037092008801180534 0.055906135928706226 0.003785287169303779 -0.0008856824678298697 0.005295478368123235 0 0.03860219999999999
0 0.8983754278755253 0.19695161356340365 0.8386942812500001 0.05916613437499998 0.7559724549369751 0.09499671299909625 0.8156536015625002 0.2327821921874999
0 0.8142909921874999 0.228669409375 0.753925225530476 0.09949035383307195 0.723765566894229 0.11358405430218758 0.7841313335512528 0.24276310984411564
0 0.7862750313466369 0.2242249890168428 0.7287716061732226 0.10769895888229826 0.44271797326408563 0.2488610979904556 0.5002213984375 0.3653871281250002
0 0.5068167875613563 0.3840284457617724 0.4482767935653741 0.25137107695537636 0.39071591944858997 0.2767719518220996 0.4492559134445722 0.40942932062849574
0 0.9921837328125003 0.35347438593750014 0.8991596573864445 0.2036140540016338 0.8166376055383818 0.2548386674551279 0.9096616809644373 0.4046989993909943
0 0.9068640171875 0.395526075 0.8454996789943072 0.27271478523392484 0.5504006718750001 0.42016503437499997 0.6117650100681927 0.5429763241410751
0 0.617114275 0.5394360734375001 0.5310980837402108 0.3896035348586401 0.45910376014624726 0.4309341935167271 0.5451199514060365 0.580766732095587
0 0.6749223409986349 0.05833832450095096 0.6272453805378673 -0.016936404990075184 0.6003353536017322 0.00010767207147388547 0.6480123140624998 0.07538240156250002
0 0.6238317526474653 0.041218971974425186 0.5735427892346949 -0.04628778090629924 0.4924380109375 0.0003220531250000214 0.5427269743502704 0.08782880600572444
0 0.5631913500000001 0.1133294484375 0.5055783016755194 -0.003966298203712237 0.3619701637952611 0.06657080842123508 0.4195832121197417 0.1838665550624473
0 0.7535890562500001 8.872441758172462e-17 0.69539064375 8.51607926025455e-17 0.69539064375 0.019419281250000087 0.7535890562500001 0.019419281250000094
0 0.7243625916017785 0.7480890145793732 0.7153216476614974 0.6002012877607019 0.56526215625 0.609375 0.574303100190281 0.7572627268186712