0 0.16801065237528012 0.06911718158079905 0.003174266259466575 0.05873860929002873 -0.0010769734053984136 0.12625839556079882 0.16375941271041514 0.13663696785156912
0 0.22608427213541668 0.001995013020833363 0.033097320576522475 -0.006464516429298222 0.0303990569464794 0.05509087805616594 0.2233860085053736 0.06355040750629753
0 0.028467459635416675 4.625929269271485e-18 0.01202358684184341 -0.0020229888067926963 0.005558267846358523 0.05053038310245719 0.022002140639931788 0.052553371909249885
0 1.0013860210863956 0.07044616213974404 0.9999768975129381 0.06285063062119967 0.9611166341145833 0.07005998958333333 0.9625257576880407 0.07765552110187772
0 1.0013700579161566 0.05783861562481629 0.9999800771550397 0.05025721858332873 0.9457664921875 0.060196790364583364 0.9471564729486169 0.06777818740607093
0 1.0013205861704215 0.04516190399562573 0.9999914035494794 0.037627404957916055 0.9282506809895833 0.050283391927083344 0.9295798636105256 0.05781789096479303
0 1.001443800890826 0.03253475171549588 0.9999906490436786 0.024317743774269502 0.9130519687499997 0.03969257421875002 0.9145051205971471 0.04790958215997639
0 1.0015212755901162 0.020002476997877976 0.9999999999999997 0.011369944010416688 0.8955361574140867 0.029779174998184627 0.897057433004203 0.038411707985645915
0 0.9960583400124499 0.007963914966957475 0.9944950470306847 -0.0007029722780455735 0.8801839882812502 0.01991592708333334 0.8817472812630154 0.028582814328336387
0 0.9331559544270833 0.005810634114583306 0.9316865240289212 -0.002204106829153544 0.8648338476562502 0.010052727864583314 0.8663032780544123 0.018067468808320164
0 0.8682518163632066 0.0060482935191342735 0.8681984345272541 0.003776287179698551 0.8573847630208333 0.004030359375000003 0.8574381448567858 0.006302365714435726
0 0.76484190625 0.020129936197916698 0.7633351759032792 0.011876903297403651 0.5741959861348196 0.0464074522984394 0.5757027164815404 0.054660485198952447
0 0.09073440104166675 0.5263881041666667 6.44639506876952e-17 0.5263881041666667 7.584963086834756e-17 0.7123303723958333 0.09073440104166675 0.7123303723958333
0 0.8274784197090982 0.3635820384247516 0.5715344427083334 0.34613597656250006 0.5621119800304853 0.48436903970024864 0.8180559570312503 0.5018151015625002
0 0.7678528783598927 0.5283047259524366 0.5641611979166667 0.5152510755208335 0.5534641255463576 0.6821702571204803 0.7571558059895835 0.6952239075520835
0 0.7898517948135865 0.5307530469905362 0.7774690741882718 0.5302075178247131 0.7619166966145835 0.8832239257812501 0.7742994172398981 0.8837694549470733
0 0.7357375866642304 0.6993753566983182 0.5682543229166668 0.6863209401041667 0.566870597460372 0.7040736182019877 0.7343538612079357 0.7171280347961391
0 0.7602114358617724 0.7261461110538826 0.556893236884333 0.7123657570118428 0.54390289100464 0.9040280118636216 0.7472210899820794 0.9178083659056614
0 1.0091116038978691 0.6938681880235397 0.9990055898437499 0.64008080078125 0.9308397698000476 0.6528883523410435 0.9409457838541666 0.7066757395833333
0 1.0135881850050843 0.6037076746506409 0.9990166080299968 0.5547747316374572 0.9135203878686623 0.5802343642784831 0.9280919648437499 0.6291673072916668
0 1.011021819105422 0.5222638384045771 0.9994077522178867 0.4741340701060038 0.9056732664457977 0.4967528905555934 0.9172873333333332 0.5448826588541668
0 1.0179441136533416 0.4387652088309073 0.9999999999999999 0.3653457968750001 0.8898970686383251 0.39225556721075944 0.9078411822916667 0.4656749791666666