0 0.545270337413834 0.43822369598802 0.5209813287677899 0.11617583350451408 0.22544866947225997 0.1482723087815287 0.24973767811830405 0.47032017126503456
0 0.5973441723928206 0.4087506688296977 0.5882120636360424 0.31110225158266186 0.5208158079098886 0.3201784530654642 0.5299479166666667 0.4178268703125001
0 0.4146487562900927 0.48994890251161866 0.32686211070937227 0.4513227795868954 0.3044340322266537 0.5247237658609961 0.3922206778073742 0.5633498887857195
0 0.36330082591919605 0.555374752788786 0.31061996202529474 0.530283419082569 0.27402710860333973 0.6409172395316085 0.32670797249724104 0.6660085732378256
0 0.3256717968750001 0.6500730265625002 0.26977037072119076 0.6252519388394994 0.23553641897844732 0.7362771491439777 0.2914378451322566 0.7610982368669784
0 0.29596709753313927 0.7616730733817251 0.2395537074969024 0.737292264184797 0.20759512344515052 0.8437762022558959 0.2640085134813874 0.8681570114528239
0 0.4049193530288718 0.8209739499386849 0.35642697043750715 0.788237148020572 0.3075905707635758 0.8924073254235882 0.3560829533549404 0.9251441273417012
0 0.4427096912079888 0.7253893404849222 0.38950550883583057 0.6922677563049785 0.34701649943980134 0.7905497077089235 0.40022068181195963 0.8236712918888672
0 0.4763836303687771 0.6300860489466553 0.42317856770833334 0.6003914421875 0.3842277327723293 0.7008888000938531 0.437432795432773 0.7305834068530084
0 0.5185400606807282 0.5287595651749217 0.4640252071039693 0.500060453686223 0.4269178649682171 0.6015610839927646 0.48143271854497605 0.6302601954814635
0 0.5299479166666666 0.46875 0.4497494544270833 0.46875 0.4497494544270833 0.5280866843750001 0.5299479166666666 0.5280866843750001
0 0.8092362981770833 0.7165670875000001 0.7761545391781585 0.6978268826698331 0.73273403125 0.8082021203125003 0.7658157902489249 0.8269423251426673
0 0.7593670182114782 0.8561682051144726 0.7116308802083333 0.8300055203125002 0.6474711257508797 0.9985793512990331 0.6952072637540246 1.0247420361010053