0 0.05736803010467395 0.3602671111021175 3.469446951953614e-17 0.35026055664062505 -0.03157311994842387 0.5312706838197576 0.025794910156250045 0.5412772382812501
0 0.2717441401369915 0.13684918958239148 0.03168902929687502 0.08484948437500002 -0.003763593401057738 0.2485154751221043 0.23629151743905874 0.30051518032949576
0 1.0118955072407745 0.3160581282021877 0.921451625 0.30336765429687507 0.9080149537909551 0.3991296185549728 0.9984588360317297 0.4118200924602854
0 0.08551088191779138 0.7688892482360883 0.011852600676188069 0.7487239394755537 -0.05296887013258536 0.9854987979231188 0.020689411109017952 1.0056641066836534
0 0.9292217570326301 0.8214291697237317 0.8808858605293745 0.8109138605426223 0.8397784935569682 0.9998727776108065 0.8881143900602239 1.010388086791916
0 1.024008008996003 0.8331675328304702 0.9300633449450785 0.8149065362190258 0.8954046963211358 0.9932097893610132 0.9893493603720606 1.0114707859724577
0 0.8940037441750884 0.7342791892758269 0.8192312391719742 0.7197448872715383 0.8114051132101405 0.7600068167720768 0.8861776182132548 0.7745411187763654
0 0.8107094313645781 0.7021709659163677 0.7512748479740038 0.6906180545932162 0.7393492870674941 0.7519697541217094 0.7987838704580684 0.7635226654448609
0 0.8383993404194106 0.6518422704074094 0.8153924516153421 0.6473701868718552 0.8105477183757538 0.6722941933315806 0.8335546071798222 0.6767662768671348
0 0.8587929562068293 0.5981056621678703 0.7866991784296854 0.5840920536912284 0.7773823390121399 0.6320230453179344 0.8494761167892838 0.6460366537945763
0 0.9242983125000002 0.5989005039062502 0.8667808488428077 0.587720240998808 0.857091305196804 0.6375686192639398 0.9146087688539964 0.6487488821713819
0 1.0056525541363586 0.6127517492316861 0.956055182987008 0.6028717755401618 0.9255079478889254 0.7562185964983809 0.9751053190382761 0.766098570189905
0 0.9548956335450628 0.6028975534705521 0.9303565349237383 0.5974714222917246 0.8960701929750732 0.7525277411890026 0.9206092915963977 0.7579538723678301