0 0.33874790959328843 0.40913329169209717 0.014496187453099808 0.388595349822935 0.009309451107559593 0.4704832139060334 0.3335611732477482 0.4910211557751956
0 0.4025601759298943 0.2435690851897653 0.07004596374316303 0.18056289253060992 0.047445825477567746 0.29983477444464335 0.379960037664299 0.36284096710379876
0 0.36704331619170905 0.1255381658467586 0.1110543812685244 0.08551634839128477 0.09833667492093473 0.16686178219641648 0.35432560984411937 0.2068835996518903
0 0.9026565937500001 1.249000902703301e-16 0.8655774224104463 -0.0037186332590552484 0.8260501496884702 0.3904150216998996 0.863129321028024 0.39413365495895497
0 0.817969654296875 9.71445146547012e-17 0.7308362125454989 -0.009134574503234252 0.690087246465437 0.379564172341373 0.777220688216813 0.38869874684460737
0 0.13057903320312508 0.49874571484375 0.0752491262482932 0.49485588645221323 0.0701194094514182 0.5678222809834632 0.1254493164062501 0.571712109375
0 0.19375479882812505 0.502016068359375 0.15091524819982519 0.49580968980125845 0.13994824461967637 0.5715094720032504 0.18278779524797623 0.5777158505613669
0 0.27136607421875003 0.50335509375 0.21486264453125006 0.50288708203125 0.21424980039869643 0.576876245049709 0.27075323008619634 0.577344256768459
0 0.33187058492753196 0.5112426360051177 0.2911868915927983 0.5074450193766736 0.2845255918215165 0.578807219309056 0.32520928515625014 0.5826048359375
0 0.4269096427754495 0.5147316124552951 0.36081196679687505 0.5100542011718749 0.3555847263651756 0.5839216512165799 0.42168240234375004 0.5885990625
0 0.4681666708724207 0.5177515735958188 0.43540013867187505 0.5149507773437502 0.42898994826820436 0.5899436334354313 0.46175648046875 0.5927444296875
0 0.5431290168786341 0.5235924801556874 0.4904549969688013 0.5205772695482157 0.4863884800901673 0.5916170140019035 0.5390625 0.5946322246093751
0 0.5390625 0.615256576171875 0.4886063671875001 0.615256576171875 0.4886063671875001 0.686357384765625 0.5390625 0.686357384765625
0 0.462122455078125 0.6839119609375 0.461787517842384 0.6081572215724352 0.4292240710296348 0.6083011955462496 0.4295590082653758 0.6840559349113143
0 0.4247337927606413 0.6054314617148255 0.3541919414062501 0.604836970703125 0.35356806270810887 0.6788659425820495 0.4241099140625001 0.67946043359375
0 0.327809696656279 0.6027205416793467 0.28691311192980734 0.6009205534397467 0.2835719980468751 0.6768322421875 0.3244685827733468 0.6786322304271001
0 0.27102882761231833 0.5972808808798986 0.2082082037125469 0.5945673343793278 0.20516981250000005 0.6649083554687499 0.26799043639977155 0.6676219019693207
0 0.1836748984375001 0.59758675 0.13953276402539397 0.5949778400430086 0.1355356640625001 0.662607818359375 0.17967779847460622 0.6652167283163665
0 0.13089745950669254 0.590589337543046 0.06866273238412471 0.5842634714302966 0.06130067578125009 0.656692380859375 0.12353540290381793 0.6630182469721244
0 0.5419526667839181 0.7515574037155693 0.1404263593750001 0.7279597324218751 0.13753619259108224 0.7771373814406809 0.5390625000000002 0.8007350527343752
0 0.5420644501159325 0.8204181647166673 0.14240974609375012 0.7964171894531251 0.13938161356233458 0.8468404492287869 0.539036317584517 0.870841424492329
0 0.5390625000000002 0.9201147167968751 0.4635142324218751 0.9201147167968751 0.4635142324218751 1 0.5390625000000002 1
0 0.44919362500000015 0.9193413964843751 0.41947246568102337 0.9169573750784407 0.4128113730468751 1 0.4425325323658519 1.0023840214059345
0 0.39846322656250016 0.9168688671875 0.33217693214152627 0.9107997347150196 0.3240098105468751 1.0000000000000002 0.390296104967849 1.0060691324724804
0 0.31084607241431156 0.9113925308230841 0.2704121425781251 0.9081456933593751 0.2630373863649672 0.9999859467181518 0.30347131620115364 1.003232784181861
0 0.2530581992187501 0.9070418300781251 0.18626236352187797 0.9012840740275565 0.17775311718750011 1 0.24454895288437226 1.0057577560505686
0 0.16322372656250012 0.9014198027343748 0.11896315908850595 0.8975399316308931 0.1099815332031251 1 0.1542421006771193 1.0038798711034818
0 0.10400322070312511 0.8999649316406251 0.048558738523144865 0.8931559528900521 0.03548226600041701 0.9996356871236728 0.09092674818039725 1.0064446658742459
0 0.8761731999341212 0.9067104296883225 0.72448856068661 0.8949350563093889 0.7167573884001865 0.9945242618053688 0.8684420276476977 1.0062996351843025
0 0.7192524278921935 0.8832988232268311 0.636553802734375 0.8780898417968751 0.6295699373421817 0.9889668095856691 0.7122685625000001 0.994175791015625
0 0.9891876190159867 0.8960809709016438 0.8939038085640311 0.8900792822214333 0.8869801777343752 1.0000000000000002 0.9822639881863309 1.0060016886802108