0 0.12698936298076927 0.22857625 2.799251729236052e-17 0.22857625 3.843031737916832e-17 0.39903846153846156 0.12698936298076927 0.39903846153846156
0 0.8382971490384615 0.39719031009615396 0.721609706784843 0.36477343254218186 0.7151763677884616 0.387930810096154 0.83186381004208 0.4203476876501261
0 0.849827033306285 0.3561693633093557 0.7316726739358363 0.3229593489629543 0.7234276562499999 0.35229341586538465 0.8415820156204485 0.3855034302117861
0 0.4878424543269231 0.8446109182692306 0.46523009074674415 0.7392085256829308 -0.014733845354047759 0.8421769570645878 0.007878518226131205 0.9475793496508876
0 0.46676860817307697 0.7353322548076927 0.4236911865113329 0.5170997835612327 -0.043077421661744 0.6092363388496941 3.416070845000482e-17 0.827468810096154
0 0.4143997644230769 0.39903846153846156 4.8868117465976114e-17 0.39903846153846156 6.082652247710708e-17 0.5943340360576923 0.41439976442307697 0.5943340360576923
0 0.5503411100705337 0.5232042816944832 0.5384615384615384 0.4527872211538462 0.4509931114434717 0.46754340998521116 0.462872683052467 0.5379604705258482
0 0.5384615384615385 0.5314595649038462 0.4699389903846154 0.5314595649038462 0.46993899038461545 0.7588171899038462 0.5384615384615385 0.7588171899038462
0 0.7129707979240295 0.6866759672458838 0.7015136164820905 0.6589455852419 0.6295127103849842 0.6886937309767857 0.6409698918269233 0.7164241129807694
0 0.8636244448773266 0.751093399552891 0.8484451776041072 0.7173143182834073 0.7520158052884616 0.760646675480769 0.767195072561681 0.7944257567502527
0 0.9120706937889078 0.729016039693555 0.9046801410592918 0.7109523553415834 0.8566349230769231 0.7306095144230771 0.8640254758065391 0.7486731987750487