0 0.07421880000000011 0.871094 1.0667824788564646e-16 0.871094 1.0811335023722727e-16 0.894531 0.07421880000000011 0.894531
0 0.3554690000000001 0.855469 0.2382810000000001 0.855469 0.2382810000000001 0.878906 0.3554690000000001 0.878906
0 0.07812500000000011 0.816406 9.99808994704694e-17 0.816406 1.0165523657426367e-16 0.84375 0.07812500000000011 0.84375
0 0.3593750000000001 0.769531 0.1250000000000001 0.769531 0.1250000000000001 0.800781 0.3593750000000001 0.800781
0 0.07812500000000008 0.765625 9.376202055971923e-17 0.765625 9.519712291130006e-17 0.789062 0.07812500000000008 0.789062
0 0.36413080156898653 0.7188986092874277 0.12510669367229704 0.711429583963872 0.12414257794216352 0.7422832619635369 0.36316668583885303 0.7497522872870925
0 0.3671880000000001 0.664062 0.12890600000000005 0.664062 0.12890600000000008 0.695312 0.3671880000000001 0.695312
0 0.3671880000000001 0.609375 0.13281200000000007 0.609375 0.13281200000000007 0.636719 0.3671880000000001 0.636719
0 0.3710940000000001 0.539062 0.25390600000000013 0.539062 0.25390600000000013 0.566406 0.3710940000000001 0.566406
0 0.3750000000000001 0.484375 0.2617190000000001 0.484375 0.2617190000000001 0.511719 0.3750000000000001 0.511719
0 0.3789060000000001 0.433594 0.269531 0.433594 0.2695310000000001 0.460938 0.37890600000000013 0.460938
0 0.11718800000000006 0.410156 5.0229623255108184e-17 0.410156 5.214313387877592e-17 0.441406 0.11718800000000006 0.441406
0 0.382812 0.359375 0.14843800000000004 0.359375 0.14843800000000004 0.386719 0.382812 0.386719
0 0.11328100000000006 0.359375 0.003906250000000043 0.359375 0.003906250000000045 0.386719 0.11328100000000006 0.386719
0 0.390625 0.304688 0.15625000000000006 0.304688 0.15625000000000006 0.332031 0.390625 0.332031
0 0.11718800000000003 0.304688 0.003906250000000038 0.304688 0.003906250000000039 0.328125 0.11718800000000003 0.328125
0 0.398438 0.21875000000000003 0.16015600000000002 0.21875 0.16015600000000005 0.24609400000000003 0.398438 0.24609400000000006
0 0.12890600000000002 0.21875 2.678914873134835e-17 0.21875 2.846348583514261e-17 0.246094 0.12890600000000005 0.246094
0 0.402344 0.16406200000000004 0.167969 0.164062 0.167969 0.19140600000000002 0.402344 0.19140600000000005
0 0.136719 0.164062 2.009180031617131e-17 0.164062 2.1766137419965568e-17 0.191406 0.136719 0.191406
0 0.410156 0.11328100000000005 0.171875 0.11328100000000003 0.171875 0.13671900000000003 0.410156 0.13671900000000006
0 0.140625 0.10937500000000001 1.3394574365674175e-17 0.109375 1.5308084989341915e-17 0.140625 0.140625 0.140625
0 0.414062 0.05468750000000004 0.175781 0.05468750000000003 0.175781 0.08984380000000004 0.414062 0.08984380000000006
0 0.140625 0.05468750000000001 6.697287182837088e-18 0.0546875 8.610797806504827e-18 0.08593750000000001 0.140625 0.08593750000000003
0 0.414062 0.003906250000000036 0.183594 0.0039062500000000226 0.183594 0.03515620000000003 0.414062 0.03515620000000005
0 0.148438 0.003906250000000009 4.783776559169348e-19 0.00390625 2.1526994516262072e-18 0.03125000000000001 0.148438 0.031250000000000014