0 0.58984375 0.37969462630208334 0.4790919257812501 0.37969462630208334 0.4790919257812501 0.5517387135416667 0.58984375 0.5517387135416667
0 0.47299630034938556 0.5519754211603948 0.45769160719031177 0.3467703901429266 0.13095408365629127 0.3576010051331022 0.14625877681536503 0.5628060361505705
0 0.27597100229514 0.3243446198909773 0.27548254407636086 0.31779539094742215 0.2476856433437209 0.31871679709811157 0.24817410156250003 0.3252660260416667
0 0.2751487064088547 0.3110387124104881 0.2721485375180163 0.3006629540192915 0.22967459194781017 0.30612136134685247 0.23267476083864858 0.316497119738049
0 0.3840198242453528 0.12998920313881743 0.3109035532021692 0.11036130466372368 0.20106789400523112 0.29220618311547314 0.2741841650484147 0.31183408159056686
0 0.4774096073061849 0.017230643554591234 0.39738618806755 -0.007604737237968025 0.3223045782571367 0.09991726380750827 0.40232799749577164 0.12475264460006753
0 0.5908590684145362 0.3653244012060719 0.5773901781408717 -0.0007911428101334215 0.3078105448755506 0.003616619905835354 0.3212794351492151 0.3697321639220406
0 0.7779820449733756 0.4621136699448411 0.7342394804687501 0.4183829908854168 0.5778694022922496 0.48789969203432576 0.6216119667968751 0.5316303710937501
0 0.39908746722042526 0.778237509568697 0.15987243963971487 0.7420147717450263 0.09885409351768237 0.9211104475859355 0.33806912109839277 0.9573331854096062
0 0.9508703472315261 0.986610621795292 0.943702298828125 0.9798797096354167 0.910965457319925 0.9953743415619026 0.9181335057233261 1.0021052537217778
0 1 0.9476552643229166 0.9906667089843753 0.9476552643229166 0.9906667089843753 0.9719169934895833 1 0.9719169934895833