0 0.3711248546875 2.423379698890177e-17 1.0796793395413697e-17 1.5089537200480959e-18 3.337621875469302e-17 0.36875 0.37112485468750006 0.3687500000000001
0 0.9913114203125 0.13736715000000016 0.961370186801639 0.12777064655855463 0.9418044367076794 0.18881607794435887 0.9717456702185403 0.1984125813858044
0 1.0089681300474678 0.0853622159361032 0.9990909171441837 0.050282990872125136 0.9525864480342158 0.06337719524852195 0.9624636609374999 0.09845642031250001
0 0.9325898515624997 0.04291643125000007 0.9229963622012484 0.00845436477580801 0.8574162562583225 0.026710439150928654 0.8670097456195739 0.06117250562512071
0 0.831537753125 9.826467896776664e-17 0.7732462390625 9.469535316206198e-17 0.7732462390625 0.019035984375000096 0.831537753125 0.0190359843750001
0 0.7060493115763499 0.11193998866312763 0.6562621956613486 0.0912449084174238 0.6265535278349987 0.16271643069179625 0.67634064375 0.18341151093750008
0 0.7787728406250001 0.14688956875000025 0.73111090625 0.12452624843750022 0.6983434952082304 0.1943619514050299 0.7460054295832304 0.21672527171752992
0 0.8501630609374999 0.1721558171875001 0.8004535576419247 0.15288554473713928 0.7716173326419249 0.22727133379963932 0.8213268359375 0.2465416062500001
0 0.9248168354989353 0.20753341088500915 0.8761689031249998 0.18683565156250007 0.8449206957510643 0.2602813156774911 0.8935686281249998 0.28097907500000013
0 0.45020690282741394 0.4903672032243193 0.3841408920433872 0.4359208997975229 0.08332771404269171 0.8009323957293175 0.14939372482671845 0.855378699156114
0 0.9521225890625 0.9815090968749999 0.9202038437500001 0.9815090968749999 0.9202038437500001 1 0.9521225890625 1
0 0.997540780437739 0.9415196827457534 0.9498469625000003 0.9280196062500001 0.9331826676302768 0.986892150107616 0.9808764855680152 1.0003922266033691
0 0.991492142910966 0.819245743762014 0.9481260886489136 0.8167758619691133 0.9434804207379477 0.8983442541445992 0.9868464750000001 0.9008141359374999