0 0.36006206329290535 0.6011490369921219 0.1709828892002937 0.5509294499126897 0.1612852555985172 0.5874415094239802 0.3503644296911288 0.6376610965034123
0 0.15212823444217843 0.5410353615350527 6.661338147750939e-17 0.5006300156249999 -0.01090990481156855 0.5417063761791421 0.14121832963060982 0.5821117220891949
0 0.48431890983145365 0.5548980578065498 0.3904183563000686 0.5360543066116906 0.37570452500000007 0.6093749999999999 0.46960507853138517 0.628218751194859
0 0.48405484862734066 0.20310512590353386 0.2611305075851269 0.1523239788030466 0.17851660726391624 0.5149910381664283 0.40144094830613 0.5657721852669156
0 0.24328691206512784 0.14101083400873862 0.051782810735943506 0.09626612947509916 -0.03239987273802043 0.4565619301556131 0.15910422859116394 0.5013066346892525
0 0.9862082644871049 0.4062233333699237 0.971588564257706 0.4036183529521796 0.9482210575831012 0.534761735207256 0.9628407578125 0.537366715625
0 1.00913766511025 0.27753870386381907 0.9981726542780874 0.27558492635091947 0.9774985813553373 0.3916121771746005 0.9884635921874999 0.3935659546875002
0 0.5296875000000002 0.802851115625 0.5065007140625002 0.802851115625 0.5065007140625002 0.9370532640625001 0.5296875000000002 0.9370532640625001
0 0.07101373658721684 0.9977934719692371 0.05223075249640139 0.8357564438258903 0.006604271670194705 0.8410453674336497 0.025387255761010162 1.0030823955769965
0 0.5125748593750001 0.8846935984375 0.10226426093750011 0.8846935984375 0.10226426093750014 1 0.5125748593750001 1
0 0.9086871984777101 0.6608319036574721 0.6933604453125001 0.6210757578125001 0.6551064689838857 0.8282664787294547 0.8704332221490958 0.8680226245744267