0 0.6074811552734375 0.33188382678428235 0.5098078916015625 0.33188382678428235 0.5098078916015625 0.38821305854049726 0.6074811552734375 0.38821305854049726
0 0.5026609038085937 0.33188382678428235 0.35019508349609374 0.33188382678428235 0.35019508349609374 0.38821305854049726 0.5026609038085937 0.38821305854049726
0 0.3216077421875 0.33188382678428235 2.4861148706252167e-17 0.3318838267842823 2.6961302916963628e-17 0.3882130585404972 0.3216077421875 0.38821305854049726
0 0.3239898681640625 0.24053999037690463 1.9128343232364076e-17 0.24053999037690457 2.225016698829275e-17 0.324271905372895 0.3239898681640625 0.3242719053728951
0 0.6074811552734375 0.2359726816359263 0.512190017578125 0.2359726816359263 0.512190017578125 0.32274959903769057 0.6074811552734375 0.32274959903769057
0 0.5050430297851562 0.23444998556535693 0.35019508349609374 0.23444998556535693 0.35019508349609374 0.3257946014434644 0.5050430297851562 0.3257946014434644
0 0.040498702636718766 0.188778067361668 1.4076636257899494e-17 0.188778067361668 1.54388913796317e-17 0.22531575781876503 0.040498702636718766 0.22531575781876503
0 0.5026609038085937 0.1796438396150763 0.35019508349609374 0.1796438396150763 0.35019508349609374 0.2237934514835606 0.5026609038085937 0.2237934514835606
0 0.6074811552734375 0.17812114354450692 0.512190017578125 0.1781211435445069 0.512190017578125 0.22531575781876512 0.6074811552734375 0.22531575781876512
0 0.3216077421875 0.17812114354450684 0.04526332128906251 0.1781211435445068 0.04526332128906251 0.2253157578187651 0.3216077421875 0.22531575781876512
0 0.9483787346140372 0.2886576694472737 0.7937870430612632 -0.028971747656161423 0.734189490722656 0.04926681315156408 0.88878118227543 0.36689623025499923
0 0.18402168739980848 0.6992546916345148 0.17220994850262833 0.6391149519373348 0.1362555048870869 0.6581621836180593 0.14806724378426706 0.7183019233152392
0 0.3657265880211283 0.764329996918486 0.3443069715334681 0.6847996423206147 0.3071852039658366 0.7117667529387748 0.3286048204534967 0.7912971075366461
0 0.3157251628507841 0.6953140182261441 0.30484367356001174 0.6455398836037233 0.21853193475194024 0.6964356296053839 0.22941342404271262 0.7462097642278046
0 0.6426030273437499 0.7708243785084204 0.6321395249626329 0.658816065916835 0.6120442460143206 0.6638795314679662 0.6225077483954375 0.7758878440595516