0 0.601721890625 0.3655376203125001 0.5922206863422893 0.3649747350667548 0.5889762250336916 0.41973952045302576 0.5984774293164022 0.420302405698771
0 0.23951744627699 0.3234423255035966 0.032494328162820975 0.31384458350762395 0.022837199568592696 0.5221486694525848 0.22986031768276174 0.5317464114485574
0 0.0964838923418712 0.19662042929703344 0.0032899134767378933 0.1922998900404834 0.0001684203061945097 0.25963045951101005 0.09336239917132783 0.26395099876756
0 0.6135695138348488 0.11937996695206463 0.35349078924208877 0.10732252874404646 0.3485159018188484 0.21463076070069054 0.6085946264116084 0.22668819890870875
0 0.2597933396815611 0.012309027135524361 0.013599359726591034 0.0008952998293946579 0.00677110134025412 0.14818076260634175 0.25296508129522416 0.15959448991247144
0 0.6123014132764257 0.013891314395670363 0.36334017099453486 0.002349290321574024 0.3604137577181093 0.06547196967590374 0.6093750000000001 0.07701399375000009
0 1 9.915615247278582e-17 0.6111599828125 7.534656835133213e-17 0.6111599828125 0.23084648906250008 1 0.23084648906250008
0 0.40198565054385665 0.7160240837128112 0.24898806250000005 0.6656658218749999 0.2386519887007453 0.6970687000407013 0.3916495767446019 0.7474269618785127
0 0.38784329843750004 0.7516320078125001 0.23693822856147023 0.7055513183342011 0.22798241933401994 0.7348798078287265 0.3788874892100497 0.7809604973070255
0 0.3806877485325589 0.8018280918133709 0.22386440937500013 0.7457106500000001 0.21379265932696864 0.7738567205023847 0.37061599848452736 0.8299741623157555
0 0.3695691203125001 0.8390015984375001 0.21014323593750012 0.7856723062500001 0.2052187170789693 0.8003939674972997 0.36464460145396926 0.8537232596847998
0 0.3973783142149319 0.6243694518891634 0.31404702500000015 0.6001434484375 0.3065239842225683 0.626020794985837 0.3898552734375001 0.6502467984375002
0 0.4123498700037552 0.5803319268814494 0.3338027390624999 0.55597779375 0.32496310417560204 0.5844874497983791 0.40351023511685735 0.6088415829298285
0 0.4244675345405374 0.544905522542121 0.3465370433430395 0.5194508942480189 0.33783170099000215 0.546102692018398 0.4157621921875 0.5715573203125002
0 0.5203412593750002 0.5426910062500001 0.46022669296976043 0.5218720201523954 0.4542732546875001 0.5390625000000001 0.51438782109274 0.5598814860976048
0 0.5097603429761868 0.5750462185544111 0.4293155509060675 0.5467858375904922 0.42094191157108724 0.5706218812741457 0.5013867036412064 0.5988822622380647
0 0.5004519588322801 0.6169536774693432 0.418368140625 0.5841406375 0.40854419174370343 0.6087158440277511 0.49062800995098355 0.6415288839970943
0 0.48661456875000014 0.6544837828124999 0.4049075031250001 0.629072740625 0.3961046188306261 0.6573776735522889 0.4778116844556261 0.6827887157397889