0 0.27774057033111926 0.4842981257004962 0.27597855284195305 0.3833522691904954 0.0861034759405652 0.3866665528849814 0.08786549342973139 0.48761240939498224
0 0.0695726346359551 0.4037847415630982 0.067978418252052 0.3124521913235219 -0.0015942163839031077 0.31366658677965453 0 0.40499913701923074
0 0.2851729375399741 0.35914935565550193 0.28408216827772964 0.2966591807753647 0.08459317067307692 0.30014127163461535 0.08568393993532132 0.36263144651475265
0 0.038717134615384625 0.28892113461538466 0.03846541184525281 0.2744999467218964 -0.00025172277013181586 0.2751757568180503 0 0.2895969447115385
0 0.5932061460646412 0.4416983625956061 0.406970492721235 0.43223502372331546 0.40376841713972855 0.49525090490695867 0.5900040704831347 0.5047142437792493
0 0.539246083869738 0.3816563430562377 0.40963259891120934 0.3786216469797126 0.408368378947091 0.4326171546587372 0.5379818639056198 0.4356518507352622
0 0.44440761110664034 0.3670937098281002 0.35857449310957307 0.3022757590553938 0.2944426827190725 0.3872002773869928 0.38027580071613976 0.45201822815969916
0 0.20371035817307703 0.5 0.14733436780330095 0.486383683000254 0.100949562077874 0.6784318969871477 0.15732555244765006 0.6920482139868938
0 0.3303978243479878 0.6776950530130809 0.31407064537526935 0.4978575385059082 0.2794344924473523 0.5010021030275559 0.29576167142007076 0.6808396175347285
0 0.32932692307692324 0.6946542860576923 0.3002381033653847 0.6946542860576923 0.3002381033653847 0.7393370360576923 0.32932692307692324 0.7393370360576923
0 0.26951767837456175 0.9646621047286789 0.26144826682692307 0.7655455408653846 0.21532286675539292 0.767414821997778 0.2233922783030316 0.9665313858610721
0 0.32169406730769234 0.9154998822115383 0.3150809326923077 0.8273162475961537 0.29198521287344786 0.8290482594923234 0.2985983474888325 0.917231894107708
0 0.3334385315777203 0.9994088099780314 0.3229907884615385 0.92674684375 0.30019133384608104 0.9300250766051887 0.31063907696226284 1.00268704283322
0 0.12039817174649693 0.8579942764651268 0.03682907988151602 0.8519711891618564 0.026160177884615502 1.0000000000000002 0.10972926974959642 1.0060230873032707
0 0.8591235723407848 0.8981231253523371 0.7544770456730768 0.8785546850961539 0.7410759000094294 0.9502202511151724 0.8457224266771373 0.9697886913713556
0 0.6080203510671072 0.858048125415894 0.5281535745192308 0.8414724831730769 0.5233496561444316 0.8646193072764136 0.603216432692308 0.8811949495192307
0 0.56512180930431 0.7459649552806826 0.5264083341346155 0.7414877139423077 0.5240332654872171 0.7620242796885606 0.5627467406569115 0.7665015210269355