0 0.3252413281250001 0.5327452265625 0.2878568164062501 0.5327452265625 0.2878568164062501 0.536956921875 0.3252413281250001 0.536956921875
0 0.2691650390625001 0.518005640625 0.23178100585937506 0.518005640625 0.23178100585937506 0.536956921875 0.2691650390625001 0.536956921875
0 0.20935058593750006 0.435882703125 0.11775982421875006 0.435882703125 0.11775982421875006 0.536956921875 0.20935058593750006 0.536956921875
0 0.11028301757812504 0.3095399296875 3.7907708410009364e-17 0.3095399296875 5.183298298771639e-17 0.536956921875 0.11028301757812506 0.536956921875
0 0.47664654296875 0.29269422656250005 0.413093447265625 0.2926942265625 0.413093447265625 0.37060546875000006 0.47664654296875 0.3706054687500001
0 0.47664654296875 0.20425401562500006 0.428047060546875 0.20425401562500006 0.428047060546875 0.28216579687500004 0.47664654296875 0.2821657968750001
0 0.47664654296875 0.17056260937500006 0.469169736328125 0.17056260937500006 0.469169736328125 0.18319715625000005 0.47664654296875 0.18319715625000005
0 0.47664654296875 5.608325448706183e-17 0.43739294921875 5.367966509001343e-17 0.43739294921875 0.15792860156250005 0.47664654296875 0.15792860156250005
0 0.6659292035398231 0.16926507190265494 0.5663716814159292 0.162627903761062 0.5479379839601769 0.43913336559734517 0.6474955060840708 0.44577053373893816
0 0.302283654296875 1.0000000000000002 0.09396094974547309 0.8219100693020669 0.04673760063619181 0.8771501144066196 0.2550603051875937 1.055240045104553
0 0.9488289164624666 0.9962217302566856 0.8313102476819195 0.8897508628298505 0.8046347277169099 0.9191943309923603 0.922153396497457 1.0256651984191956
0 0.8395864437675647 0.841119316963371 0.780865546420542 0.6853966831413079 0.7434143895844796 0.6995190074439559 0.8021352869315024 0.8552416412660191