0 0.3377916341002207 0.672555105944968 0.3176737872591898 0.32523604009331863 0.016948726992717416 0.34265501100084944 0.03706657383374827 0.6899740768524989
0 0.46714226634895767 0.6514134671811492 0.429303891506721 -0.0018335984796420124 0.19716517578915685 0.011612694971108391 0.23500355063139358 0.6648597606318997
0 0.6611245273755848 0.22724666549074915 0.6341344923122194 0.15235946438810635 0.42316792123493335 0.2283937541830947 0.4501579562982988 0.3032809552857375
0 0.819035397521322 0.35179997900988275 0.7952237398313353 0.27515682674681946 0.5679345148766889 0.3457715269703473 0.5917461725666755 0.4224146792334106
0 0.9431874196084866 0.5701594440108304 0.8646386287998664 0.34551097897691646 0.7856749906249998 0.37312077499999996 0.86422378143362 0.5977692400339139
0 0.6806196046874999 0.6796875000000001 0.6561090593750001 0.6017048953125002 0.5789185162053136 0.6259664894672328 0.6034290615178136 0.7039490941547328
0 0.6220269705305409 0.6299482790199807 0.6004180640679072 0.5501038403457426 0.4283910935373664 0.5966608050757617 0.45 0.67650524375
0 0.44408470312500004 0.9857123703125001 0.4380852234519764 0.8893737336207348 0.33254938233699144 0.8959459683469806 0.33854886201001505 0.9922846050387459
0 0.33726628124999997 0.9923644781250001 0.3312668011927201 0.8960258414340384 0.22740667031249995 0.9024937218749998 0.23340615036977988 0.9988323585659614
0 0.21468786093749997 0.9999980375000002 0.2081406936858133 0.8948993224305527 0.009571486276923623 0.9072692720639216 0.016118653528610295 1.012367987133369
0 0.4147089806291239 0.8757578089459039 0.40987823421594294 0.7981864702815417 0.2056384020485758 0.8109054829176412 0.21046914846175674 0.8884768215820035
0 0.3959758454448732 0.7952841599381257 0.3881064232085415 0.6689182925241474 0.1896299578125 0.6812783953125001 0.19749938004883166 0.8076442627264784
0 0.20950184218750004 0.8860249015624999 0.19672375277516055 0.6808366243492812 -0.008647131374636746 0.693626085599206 0.004130958037702725 0.898814362812425
0 1.007561901969162 0.8975437610713486 0.9946599840010222 0.811659494768049 0.9609152085346107 0.8167287856132827 0.9738171265027503 0.9026130519165824