0 0.41450065565335725 0.3343745233000677 0.40969689317177294 0.31840391741586777 0.31394390066160704 0.3696062754651163 0.31874766314319136 0.3855768813493163
0 0.4001106689453125 0.3071308411458334 0.16600493164062505 0.3071308411458334 0.16600493164062505 0.3697916666666667 0.4001106689453125 0.3697916666666667
0 0.21099051973815297 0.24893424832800967 0.1940254246097709 0.19225478164211884 -0.006051469008402158 0.29871931458125794 0.01091362611997991 0.3553987812671488
0 0.5819151822229643 0.2459134663060721 0.577595076831949 0.23162327365880597 0.43225331200044204 0.30973642531144896 0.4365734173914574 0.32402661795871507
0 0.6111952655538997 0.20269468188481185 0.5898437499999999 0.1299764804687501 0.3835383872651391 0.2376660321416242 0.4048899028190389 0.31038423355768596
0 0.5922886302095501 0.04870970582548891 0.577396083001123 -0.001667516083154889 0.16546265272636795 0.21482320288048373 0.18035519993479504 0.26520042478912753
0 0.6782880932900388 0.2873891560836762 0.6532026057108835 0.22939586252082733 0.573696972073669 0.2905351184604143 0.5987824596528244 0.3485284120232632
0 1.0058479722385099 0.06706201017152853 0.9996869868279287 0.05281818127051744 0.8174647556761712 0.19293887062375004 0.8236257410867523 0.20718269952476112
0 1.0014402801203663 0.04377571417675563 0.9722031533998448 -0.023950674540353045 0.6869964896737198 0.19493327310973493 0.7162336163942413 0.2626596618268436
0 0.83252121253243 0.003682951740349235 0.8184333942746792 -0.029160934585881575 0.5761375385537453 0.1556010672794419 0.5902253568114961 0.1884449536056727
0 0.766725860757602 0.00009066559175074929 0.7560691748831679 -0.024615867854561675 0.589035616720363 0.10346715124359795 0.599692302594797 0.1281736846899104
0 0.34152206115920686 0.5933537136168668 0.2227890148673256 0.5420828306290708 0.14468199925390535 0.8636475034280816 0.2634150455457866 0.9149183864158775
0 0.20091700244861732 0.5363114073369482 0.09985235328621773 0.4750148242124597 0.03868423560322545 0.654308758021345 0.13974888476562505 0.7156053411458334
0 0.4204991615032171 0.7660675185798341 0.359086617466162 0.7305276148297919 0.3147256582501095 0.8668035725334932 0.3761382022871646 0.9023434762835354
0 0.8753460138145868 0.682627292216412 0.73744772265625 0.5768538697916669 0.6735371385291633 0.7249803106481717 0.8114354296875 0.830753733072917