0 0.266874034375 0.31052887500000004 0.04596359687500004 0.31052887500000004 0.04596359687500005 0.359375 0.266874034375 0.359375
0 0.3935035678856231 0.2859142639970712 0.38367837708927877 0.19143010604179017 0.0104158 0.230244825 0.020240990796344293 0.324728982955281
0 0.5104810656550438 0.16969121524666705 0.5005092016830657 0.0737965735518194 -0.00715649143809482 0.12658756526492798 0.002815372533883337 0.22248220695977566
0 0.5667067456017428 0.05693449902133755 0.5577614059025829 -0.02908854713262491 -0.008798703791093104 0.02982674205781497 0.00014663590806684169 0.11584978821177742
0 0.9561567828125002 0.2158639484375 0.9454519687500001 0.1521755625 0.9165567738612124 0.15703229868558524 0.9272615879237124 0.22072068462308528
0 0.9158250546875 0.22593136406250003 0.90764068125 0.14851709375 0.8931119032819954 0.1500531018270725 0.9012962767194953 0.22746737213957252
0 0.8458096078124999 0.2269470359375 0.8370733918943666 0.1646658853799926 0.8097343698913336 0.16850074708487653 0.818470585809467 0.23078189764238397
0 0.80812984375 0.23557900937499995 0.8019792793616114 0.17130080133916206 0.7834140803269671 0.17307724246182316 0.7895646447153557 0.23735545049766107
0 0.7376229140625001 0.24956298281249997 0.7347837359375001 0.18363884062500002 0.7034389939736779 0.1849887756073065 0.7062781720986779 0.25091291779480646
0 0.6935805515625 0.233961334375 0.6933118781250001 0.18283120781249998 0.6750296897177404 0.1829272752141403 0.6752983631552404 0.2340574017766403
0 0.6332328918836435 0.2636114078970414 0.6240321640625001 0.19329230625 0.6001742721788567 0.19641393272795865 0.6093750000000001 0.266733034375
0 0.3433735468267603 0.6914608564096684 0.3268402234375 0.6417799703125001 0.23797340893328006 0.6713539956207046 0.2545067323225404 0.7210348817178728
0 0.7687393312500002 0.35937500000000017 0.6222562057884894 0.3320605867521877 0.5406079399508621 0.7699280620627107 0.6870910654123727 0.7972424753105232