0 0.34529594775390626 0.39915988515901074 0.26084685546875 0.39915988515901074 0.26084685546875 0.4196113074204948 0.34529594775390626 0.4196113074204948
0 0.5882788447265626 0.3318420282685513 0.4330559423828125 0.3318420282685513 0.4330559423828125 0.4196113074204948 0.5882788447265626 0.4196113074204948
0 0.2808781154003236 0.3747606837556062 0.2678204025294556 0.19224674620420787 -0.010716506330400583 0.25747276667032487 0.0023412065404673915 0.43998670422172326
0 0.47094423841574706 0.3475696815099772 0.44815751592328684 0.0432951373865881 0.09829599019795628 0.12905409222471229 0.12108271269041654 0.43332863634810137
0 0.6134207766589852 0.31630561867831647 0.599296005916346 0.012166723476988835 0.3762194202902136 0.046076933773054975 0.3903441910328527 0.35021582897438264
0 0.5283456928710939 0.008093900176678558 0.4838000750807894 0.006460172283003978 0.4837633077444941 0.009741536823446507 0.5283089255347986 0.011375264717121088
0 0.8492327485351564 0.17151356272084825 0.7568251949817402 0.1680920063510111 0.7560418510376165 0.237339381276886 0.8484494045910327 0.24076093764672313
0 0.3816235722656251 0.617091647526502 0.3669145667414926 0.5834977856599947 0.17373934960937504 0.8603460715547704 0.18844835513350755 0.8939399334212778
0 0.4107823095703125 0.637343089222615 0.39687713377306477 0.6052451939847135 0.20627598681640624 0.875511863074205 0.22018116261365395 0.9076097583121064
0 0.486610845703125 0.6982575512367493 0.4648521691281122 0.648560617783318 0.2726964047851563 0.9239348842756182 0.29445508136016907 0.9736318177290495
0 0.604686728668023 0.44374088401533424 0.5328276326081786 0.4292782984991068 0.527610958984375 0.514117491166078 0.5994700550442195 0.5285800766823053