0 0.37225958119253966 0.1760766191500158 0.06258856501364762 0.10211975526447714 -0.03686259309980271 0.5185400788847957 0.27280842307908937 0.5924969427703344
0 0.7205797596784734 0.3012314202829928 0.602131953125 0.27605456640625003 0.5883251634768372 0.3410104166239285 0.7067729700303106 0.36618727050067124
0 0.8425162637962608 0.29120842168342526 0.8272317290115154 0.28795959344025535 0.8166735565737739 0.33763188812904554 0.8319580913585193 0.3408807163722154
0 0.8968203272628923 0.2987578459158678 0.8662532136649702 0.29226060521819264 0.8556952496833281 0.34193191945857504 0.8862623632812502 0.34842916015625014
0 0.7991009261735872 0.27000041935422725 0.7570718762062686 0.2610668712067872 0.7440773984375 0.32220109765625016 0.7861064484048186 0.33113464580369023
0 0.7404032199242336 0.24554302919460178 0.6143141234844895 0.2187419611295439 0.608629193074986 0.2454874526494017 0.7347182895147301 0.2722885207144596
0 0.7463284335937501 0.19888025781250007 0.6225274404675858 0.1765821809058855 0.6177476823491039 0.2031198417296921 0.7415486754752683 0.2254179186363067
0 0.9124914027569107 0.20624440430623223 0.8819242890625001 0.19974716406250012 0.8705540148305926 0.2532401013936436 0.9011211285250031 0.2597373416373757
0 0.6290802539062501 0.07412069140625005 0.579408938245989 0.06356272695914772 0.5168730492305654 0.3577709428461281 0.5665443648908265 0.3683289072932304
0 0.9317430448888 0.13445937074325198 0.7903703913023628 0.10440969299588732 0.7806245331561498 0.15026036198444126 0.921997186742587 0.18031003973180593
0 0.7695491422334111 0.05206177768562842 0.6587426243207655 0.028509124855624318 0.65386958984375 0.05143494921875008 0.7646761077563956 0.07498760204875418
0 1.0097458592503026 0.08714309307600268 0.9676623694976907 0.07819797231699732 0.957916509979947 0.12404864221795525 0.9999999997325589 0.1329937629769606
0 0.8677477189496812 0.040986385779324314 0.8524641626233448 0.0377377653190982 0.8410938867187502 0.09123070312500013 0.8563774430450866 0.09447932358522625
0 0.8218970511121476 0.031240523351523275 0.8027928493357068 0.02717980030793063 0.7914225755673092 0.08067273789390744 0.81052677734375 0.08473346093750009
0 0.9487982477593145 0.05422094362496946 0.9335146889192331 0.050972323690118476 0.9205202106911685 0.1121065519401491 0.93580376953125 0.11535517187500008
0 0.9067682229392803 0.04528718616844801 0.8914846679687499 0.042038566406250116 0.8784901872169698 0.1031727943003022 0.8937737421875002 0.1064214140625001
0 0.7776705898437499 0.013853375000000084 0.6668640734091794 -0.00969927617923555 0.662803350298623 0.009404924815461596 0.7736098667331934 0.03295757599469723
0 0.9563300039062499 1.3877787807814457e-16 0.9410464451360688 -0.003248620263707036 0.9378154920110688 0.011951821142542951 0.9530990507812499 0.015200441406250126