0 0.49912082932692314 0.5079349663461539 0.27682652403846164 0.5079349663461539 0.27682652403846164 0.5985576923076923 0.4991208293269232 0.5985576923076923
0 0.39414844362054424 0.4911811506393662 0.2983660778901029 0.35494322379500987 0.007966608037773125 0.5591091919185506 0.10374897376821449 0.695347118762907
0 0.6223203798076924 0.3563528798076924 0.507735686802988 0.34154911191689685 0.4816434583994709 0.5435091806967218 0.5962281514041753 0.5583129485875173
0 0.7217915026554906 0.26613390620203503 0.6262214151221658 0.1252084903068637 0.35496544710636396 0.30916364447501404 0.45053553463968876 0.4500890603701854
0 0.5461871538461539 0.02474142548076929 0.29433242078841554 -0.00464805664920702 0.2859253280155801 0.06739697281847662 0.5377800610733184 0.09678645494845294
0 0.3204273581730769 2.1843278981634358e-17 1.7204706085086413e-17 2.2227620543393025e-18 3.9579219479402153e-17 0.36540353365384615 0.3204273581730769 0.36540353365384615
0 1.0114587603213616 0.2461809297546388 0.7388713677884616 0.005293879807692333 0.7270682504501423 0.01865026812213631 0.9996556429830427 0.25953731806908276
0 0.4016624725916614 0.7781368471994534 0.4002191156222485 0.7717653018434596 0.38881186917185484 0.774349404717419 0.3902552261412677 0.7807209500734127
0 0.41949469057614314 0.7740972877863956 0.4180513317070511 0.7677257399544384 0.4060234060377827 0.7704504488712332 0.4074667649068748 0.7768219967031904
0 0.4409526305773221 0.7702946516769191 0.43959344835820013 0.7632388235390706 0.4274203798424822 0.7655837528592683 0.42877956206160417 0.7726395809971168
0 0.45822120463612814 0.766068714021043 0.4567776565772915 0.759696835841353 0.4430886202013232 0.7627980850069223 0.4445321682601598 0.7691699631866122
0 0.8302116187673251 0.9375330262332182 0.7889176105769231 0.6676059134615386 0.6078603711747166 0.69530442455231 0.6491543793651187 0.9652315373239896