0 0.2926853151041667 0.5075955058593751 0.29140162933310415 0.4934320682150834 0.18686620052083333 0.51474955859375 0.18814988629189588 0.5289129962380417
0 0.4506858061641627 0.4506463876533206 0.44921874959985625 0.4344597475381741 0.3669332869006467 0.45123989533398123 0.36840034346495315 0.4674265354491277
0 0.45068580577628553 0.4217959600801209 0.44921874994339195 0.40560932359416907 0.3653953497105553 0.4227030921970779 0.366862405543449 0.4388897286830297
0 0.4505164230229623 0.3954422432623004 0.4491693411666227 0.3781871251655702 0.36092530538321976 0.39368756175789854 0.3622723872395593 0.41094267985462873
0 0.45031901851058825 0.26525558172865793 0.4490353325783527 0.2510921428568992 0.34760506901041666 0.27177641015625 0.3488887549426522 0.28593984902800873
0 0.3184319010416667 0.26742208007812507 0.31696484492229265 0.25123544167505407 0.15873682161458336 0.283502248046875 0.1602038777339574 0.299688886449946
0 0.44773497005208335 0.238993228515625 0.4462679142116799 0.22280659202306624 0.34506714555877743 0.24344405751758547 0.34653420139918084 0.2596306940101442
0 0.31416598697916664 0.23944211132812496 0.31288230119722493 0.2252786730202441 0.1547755988362421 0.25752073693416677 0.15605928461818383 0.27168417524204763
0 0.44348446265842295 0.21120427312740142 0.4422736922796607 0.1961944475795097 0.34073343621345464 0.21462366591288842 0.3419442065922169 0.22963349146078013
0 0.30989999348958336 0.21146162890625003 0.30861630736222156 0.1972981883906546 0.15050960546875 0.229540255859375 0.15179329159611174 0.2437036963749704
0 0.4392030611979167 0.183032779296875 0.4377360053136927 0.16684614311297885 0.3365352382734202 0.18748360928861096 0.33800229415764416 0.20367024547250712
0 0.3062434609375 0.187478578125 0.3047764047885964 0.1712919407168995 0.20011965494791664 0.192634173828125 0.20158671109682022 0.2088208112362255
0 0.4349370677083333 0.15505229882812505 0.4336534288136296 0.14088937828817016 0.33257401284702665 0.1615020976916937 0.33385765174173027 0.1756650182316486
0 0.30197754687499995 0.15949860937499996 0.30051049089552995 0.1433119727860688 0.19585373828125 0.16465420507812495 0.19732079426072002 0.1808408416670561
0 0.43067115364583325 0.12707232812500002 0.4293874676741185 0.11290888951825347 0.32830802083333327 0.13352161718750002 0.32959170680504807 0.14768505579424657
0 0.29913485286458336 0.129167287109375 0.29766779701840834 0.1129806506172096 0.19140437712466898 0.13465052229169275 0.19287143297084397 0.15083715878385814
0 0.4264052395833333 0.099092361328125 0.4251215539730617 0.08492892400252104 0.3240421041577395 0.10554164833900294 0.325325789768011 0.1197050856646069
0 0.29344563802083334 0.10353816015625 0.2919785820008517 0.08735152174640334 0.18732183072916667 0.10869375195312501 0.18878888674914832 0.12488039036297167
0 0.4224439361979167 0.07311033984374996 0.420976880439803 0.056923703398698317 0.31977611323877636 0.07756116750012072 0.32124316899689004 0.09374780394517236
0 0.3030044609375 0.07273843945312503 0.30153740474534424 0.05655180085386135 0.19527401635842148 0.07822166839288527 0.19674107255057724 0.09440830699214894
0 0.4184827135416666 0.047128828125000036 0.41701565751286346 0.030942191345389516 0.31235890625 0.05228442382812502 0.31382596227880316 0.06847106060773554
0 0.3021949713541667 0.044053615234375045 0.30072790589368975 0.027866873008780803 0.19100805896811943 0.050241600418247004 0.19247512442859635 0.06642834264384125
0 0.41391202864583326 0.017149888671875058 0.4126283664467123 0.0029867102434300435 0.30821428206960083 0.02427945404085747 0.3094979442687218 0.03844263246930248
0 0.2963839444853036 0.018449067640053635 0.29491688848055136 0.002262426907829969 0.18877480534088978 0.02390755153601505 0.190241861345642 0.04009419226823872
0 0.2454297076605142 0.000719307052854147 0.24494405559280838 -0.006260175721854243 0.18554327280796779 0.0030396902290321416 0.1860289248756736 0.010019173003740531
0 0.9107698762134926 0.299991967554557 0.8438815890377223 0.06708126463566894 0.5361961731770833 0.265896681640625 0.6030844603528537 0.49880738455951307
0 0.16561648828125 0.996174033203125 0.1638312725227089 0.9424689106231842 0.08109934434937364 0.9486566307759832 0.08288456010791474 1.002361753355924
0 0.04030553776041668 0.9868024570312501 0.0335930170266929 0.9260953464455105 0.024335606770833323 0.9283984746093749 0.03104812750455711 0.9891055851951145
0 0.6849126236979166 0.5195312500000001 0.5729983020833334 0.51953125 0.5729983020833334 0.555500177734375 0.6849126236979166 0.5555001777343751