0 0.6223890609375 0.488082175 0.47577031718749996 0.488082175 0.47577031718749996 0.5 0.6223890609375 0.5
0 0.6584097738019303 0.45457513132875593 0.6346708285718072 0.45231858403091263 0.6301383875000001 0.5 0.6538773327301232 0.5022565472978434
0 0.6293976316974571 0.45089485985721456 0.4800610977818434 0.44321292466150003 0.4787552656250001 0.46859825312500003 0.6280917995406138 0.4762801883207146
0 0.4554770785672737 0.4399905411377734 0.3090432053752693 0.4324579265785424 0.3057283936392731 0.49689779902752934 0.4521622668312776 0.5044304135867603
0 0.3039947762365037 0.43023996049982643 0.14758157626188506 0.4221940032883613 0.1441662952883321 0.488586977032324 0.3005794952629508 0.4966329342437891
0 0.13280738899373196 0.4194762427155365 5.2735593669694933e-17 0.41264457499999996 -0.0035157250660418442 0.48099015120227673 0.12929166392769004 0.4878218189178133
0 0.6808366505002654 0.2186437032719238 0.6570977058918345 0.2163871561402146 0.6360762963814138 0.4375330249530814 0.6598152409898448 0.4397895720847906
0 0.6517070406250001 0.21709514531250007 0.5039970097095485 0.20305430917373557 0.4826445671875 0.42768266562500007 0.6303545981029515 0.44172350176376457
0 0.4850326734375 0.20656357656250007 0.3346851364361044 0.19227202504793867 0.31313661406250004 0.41896310625 0.4634841510638957 0.4332546577645614
0 0.3289526000000001 0.19657648281250006 0.17596755063333636 0.182034219276083 0.15456046005831886 0.40723745536202305 0.30754550942498254 0.4217797188984401
0 0.164927303125 0.1861811828125 0.011941922553031212 0.17163887611138184 -0.009393549297609272 0.39608850077111946 0.14359183127435954 0.4106308074722377
0 0.6796875 0.06273405000000008 0.66378293125 0.06273405000000008 0.66378293125 0.20287131718750012 0.6796875 0.20287131718750012
0 0.6760806796875001 0.01668569218750009 0.5283706499205147 0.002644856549352487 0.5101666890625 0.19415109375000003 0.6578767188294853 0.20819192938814765
0 0.5093713747729052 0.008119584972991945 0.36143513439739056 -0.008832377444304412 0.33925048490553844 0.18476843165875184 0.48718672528105306 0.20172039407604822
0 0.352955803125 0.00006401562500004121 0.20260826333949175 -0.014227533403524797 0.1847638546875 0.1734962 0.3351113944730083 0.18778774902852483
0 0.18794844843750003 2.4980018054066023e-17 0.03232505562275027 -0.014793036957571965 0.015440959375000018 0.16282839062499999 0.17106435218974975 0.177621427582572
0 0.028257350000000014 4.163336342344337e-18 0.02298199003582143 -0.0005014584855935654 0.007495240625000019 0.16241966093750002 0.012770600589178602 0.16292111942309356
0 0.7435080656250002 0.46855808125000015 0.7385010083082706 0.46833378152618577 0.738071794628506 0.4779151464033166 0.7430788519452356 0.478139446127131
0 0.6884138265625 0.45227669375 0.6796875 0.45227669375 0.6796875 0.47370885781250005 0.6884138265625 0.47370885781250005
0 0.7216790927230351 0.46629984644128886 0.7192930553868179 0.4452529136802383 0.6967770591017901 0.44780549501872324 0.6991630964380073 0.46885242777977376
0 0.7401534351600842 0.4853722692683965 0.7329012667456294 0.4414027664337423 0.7205697915234396 0.44343667469616443 0.7278219599378943 0.48740617753081866
0 0.685978509375 0.4347415109375 0.6796875 0.4347415109375 0.6796875 0.446295221875 0.685978509375 0.446295221875
0 0.7195721814852719 0.43694616178642887 0.7173566608665054 0.4269659548035548 0.6946519784276737 0.43200620017843516 0.6968674990464402 0.4419864071613092
0 0.6933674908459753 0.72756814605359 0.5434487950295569 0.6788961048704082 0.43968025321375714 0.9985219943465969 0.5895989490301755 1.0471940355297789
0 1 0.5000000000000002 0.8484668781250001 0.5000000000000002 0.8484668781250001 0.5786497765625002 1 0.5786497765625002