0 0.2578744501953125 0.38517754300168644 0.2577962768362114 0.3755691425449269 0.1192989542244529 0.3789291449103448 0.11937712758355401 0.3885375453671043
0 0.10129264843749998 0.3889762824620574 0.10120144725554679 0.3777666206140114 0.008690199759589363 0.3800109831925213 0.008781400941542557 0.3912206450405673
0 0.26136735680435247 0.36427104214143063 0.26127615565606815 0.35306137866489157 0.12271086572265624 0.3564230303541314 0.12280206687094053 0.36763269383067054
0 0.10246940722656252 0.366523983979764 0.10239123716339611 0.3569159937161565 0.007577482910156251 0.359216215851602 0.007655652973322652 0.36882420611520955
0 0.26261151318359377 0.3418171070826307 0.26252031538562204 0.33060785399616416 0.12388823535146613 0.3339711256205341 0.12397943314943782 0.34518037870700063
0 0.10352444214784647 0.3456766266919938 0.10343324434718197 0.33446737360525497 0.006451736325606944 0.3368201851879727 0.006542934126271432 0.34802943827471144
0 0.1924052661132812 0.32109699831365923 0.19231406497993916 0.30988733671467444 0.1250649965820312 0.3115188271500843 0.12515619771537326 0.32272848874906906
0 0.10490396435546877 0.32321981787521087 0.1047997354518472 0.31040889248321 0.005245565915784574 0.31282411777538455 0.005349794819406141 0.3256350431673854
0 0.18905737988281246 0.3003560480607083 0.1889531506299773 0.28754511778632513 0.12393923144531252 0.28912238701517706 0.12404346069814767 0.30193331728956024
0 0.1060807255859375 0.3007675177065768 0.10598952439679372 0.2895578544173289 0.004200206054205707 0.29202730685477873 0.004291407243349481 0.3032369701440266
0 0.9976185756835938 0.10058470910623968 0.9180675501082243 0.05659324048464711 0.9106314140625 0.09669054468802736 0.9901824396378696 0.1406820133096199
0 0.020377398925781248 0.9636343069139967 0.016826655997918494 0.9505071360619036 0.005949085346669936 0.9592805886271423 0.00949982827453269 0.9724077594792352
0 0.04332185415234352 0.9400474651552376 0.039239084166647675 0.92700061454362 0.01973410986328128 0.9452011905564927 0.023816879848977124 0.9582480411681102
0 0.05592069671645597 0.92673709676905 0.051536956874044165 0.9127275143374829 0.039238720788137504 0.9242025206739038 0.04362246063054931 0.9382121031054711
0 1.0009322642270084 0.8375692291739643 0.999999999980758 0.7822492956541458 0.9347497866210938 0.7855282082630692 0.9356820508673442 0.8408481417828877
0 0.9292968817970781 0.8342480110949164 0.9284811560395749 0.7858432158910893 0.878707794266033 0.7883443863470732 0.8795235200235362 0.8367491815509003
0 1.000063224726464 0.768402731847563 0.9978602696569888 0.6776236636838382 0.956251244280826 0.6806345751733452 0.9584541993503011 0.7714136433370701
0 0.9520659892943251 0.7731228585255898 0.9505122162262518 0.680922970430676 0.8761916074072646 0.6846576812578163 0.8777453804753379 0.7768575693527303
0 0.9976029970703125 0.6670219966273188 0.9966318916387268 0.6093972129473373 0.9529727084560066 0.6115911451760555 0.9539438138875923 0.6692159288560372
0 0.9479657915039063 0.6695163322091063 0.946373175446399 0.5750115948476845 0.8736195239257812 0.5786675666104554 0.8752121399832885 0.6731723039718772
0 0.9947513266601562 0.5495107411467116 0.9929256527989775 0.44117601946820484 0.9232717575838431 0.44467620818538095 0.9250974314450218 0.5530109298638878
0 0.9188799184570313 0.5279473836424957 0.9167999063046244 0.4422344682383744 0.8959955981445312 0.4437399080944351 0.8980756102969382 0.5294528234985564