0 0.1126875188533049 0.00047950621972681686 0.09098496233526333 -0.010642932236626282 0.056709717788591005 0.16327481818825565 0.07841227430663257 0.17439725664460873
0 0.8341407394697969 0.24602532917236083 0.28106619144787576 0.16415575280691894 0.27157524105547687 0.330889417616162 0.824649789077398 0.41275899398160387
0 0.97915884375 0.2654210118110238 0.8133864473581971 0.2432587370356542 0.8068118558067356 0.3711435935541983 0.9725842521985385 0.3933058683295679
0 1 0.16268294881889783 0.9715285620117188 0.16268294881889783 0.9715285620117188 0.23212396929133874 1 0.23212396929133874
0 0.9925592060546875 0.14340536456692923 0.9795037867238294 0.12909267262694726 0.9401265110630098 0.22249713616063935 0.9531819303938678 0.23680982810062132
0 0.9683233754882812 0.1372232070866143 0.9470613816348228 0.11295750691530497 0.9016790124125829 0.21636470928467294 0.9229410062660413 0.24063040945598227
0 0.9293486811523437 0.1252598472440947 0.9170889123181147 0.11116074214530762 0.8733985714235963 0.20995430079450828 0.8856583402578253 0.22405340589329534
0 0.8953602499999999 0.1199689685039371 0.31214026506166104 0.030944881926793705 0.3063115849609375 0.13024449448818903 0.8895315698992764 0.21926858106533242
0 0.24017331745556683 0.868915220741216 0.23036614885249132 0.8587776805596565 0.199443519801922 0.9365705742534084 0.2092506884049975 0.9467081144349676
0 0.19392896771611454 0.9261311556861521 0.16087830435430658 0.907713053925866 0.14975706355200882 0.959609906494335 0.18280772691381678 0.9780280082546213
0 0.14259952865837214 0.4604719971629717 0.07134278354398385 0.4368955180673549 0.06419937304967424 0.4930397445264304 0.13545611816406253 0.5166162236220474