0 0.5992074572385319 0.20741038553993016 0.5711205431466063 0.20655694786272413 0.5685275761424494 0.2444837901873774 0.596614490234375 0.24533722786458342
0 0.6025240290003662 0.1323063458846425 0.5788832580982951 0.1313566123535618 0.5759686040979289 0.16360175865641935 0.599609375 0.16455149218750006
0 0.5656756150866525 0.11829779160754149 0.20347517858811767 0.0957788060920531 0.1845469257683974 0.23108826513085057 0.5467473622669323 0.25360725064633893
0 0.18779461108178172 0.0964536321404801 0.027876899658675538 0.08702740194687887 0.01990318778821472 0.14714983466597367 0.17982089921132088 0.1565760648595749
0 0.599609375 0.0687787200520834 0.582540291015625 0.0687787200520834 0.582540291015625 0.11061427734375003 0.599609375 0.11061427734375003
0 0.6010667175957295 0.011787394573259469 0.5917352935160718 0.011412516275752493 0.5902779508271849 0.027535180024766265 0.5996093749068426 0.02791005832227324
0 0.5735346487783569 0.010681329450831797 0.2118922094477224 -0.0038471508162297254 0.20331010927483786 0.09109744793205925 0.5649525486054724 0.10562592819912077
0 0.19699239029132737 0.00005374911455889123 0.03960527266465738 -0.007685055923335952 0.03051670752082787 0.0744650414306356 0.18790382514749784 0.08220384646853045
0 0.999775666917135 0.20644558635903076 0.7369022246912424 0.20111186338574863 0.7251918697369462 0.45762156647415275 0.9880653119628388 0.4629552894474349
0 0.0751872714843751 0.6178354505208333 8.326672684688674e-17 0.6096793619791666 -0.015463273485061074 0.67303442274111 0.05972399799931394 0.6811905112827766
0 0.4968244818947685 0.6779073500344978 0.35864260864349745 0.6610790689068288 0.3411705409132399 0.7248427092856154 0.47935241416451096 0.7416709904132844
0 0.3032018730468752 0.6779567526041667 0.11326630607045124 0.6540037320015937 0.08642033593750018 0.7486149414062501 0.2763559029139241 0.7725679620088232
0 0.7349586141643641 0.7379820971568187 0.6929906130268598 0.6776298748939505 0.5576413738624957 0.7194608819037985 0.599609375 0.7798131041666667