0 0.0819255067281292 0.7574226927173138 0.022874611328125134 0.7557350338541666 0.02066929014624709 0.79003006119864 0.07972018554625117 0.7917177200617872
0 0.5622850710052378 0.4072740066906136 0.5481388398437502 0.4068882291666667 0.5479475207883748 0.4100062537792273 0.5620937519498624 0.41039203130317414
0 0.547166368188587 0.3927878389323271 0.5067849450810663 0.3859407037575766 0.5035240349243942 0.39448800545652646 0.5439054580319149 0.40133514063127684
0 0.5332639479413741 0.362754802818078 0.508655041015625 0.36208369921875 0.5078897629961259 0.3745557961402554 0.532498669921875 0.37522689973958334
0 0.6228293518501955 0.3424412230713451 0.55685883525698 0.34211364819957574 0.5557350306234988 0.4427019799536261 0.6217055472167143 0.44302955482539547
0 0.5215166060668665 0.3405701567458083 0.49690766015624993 0.3398990520833333 0.49614233322673595 0.3523719461144248 0.5207512791373524 0.35304305077689974
0 0.5217608093720508 0.31871252784493415 0.49515329101562505 0.3179869205729167 0.4943879640654493 0.3304598146029826 0.5209954824218751 0.33118542187500005
0 0.4911565683439271 0.31783333524967355 0.4891574726854513 0.31782340884461363 0.4890174336383993 0.3303579433866068 0.4910165292968751 0.3303678697916667
0 0.6272758279033745 0.30231387074593824 0.6032866877399649 0.30219475259566 0.6028620746803404 0.3402003505997217 0.6268512148437501 0.34031946874999996
0 0.5221614881782899 0.2968591662447342 0.49739606445312506 0.29618379296875 0.49643936705117575 0.3117755108320738 0.5212047907763405 0.31245088410805794
0 0.49140076953167955 0.29597570507554993 0.4894016738573263 0.2959657786362802 0.4892267422162719 0.3116234055919803 0.4912258378906251 0.31163333203125004
0 0.4916100800825336 0.27724116612757466 0.48961098437500006 0.2772312395833334 0.48947094335496655 0.28976577527867553 0.4914700390625001 0.2897757018229168
0 0.5224056876129365 0.2750015359448178 0.49764026367187497 0.2743261640625 0.49668356824643856 0.28991788202393226 0.5214489921875001 0.29059325390625007
0 0.5224585217490273 0.2562627309880494 0.4978495742187501 0.25559162500000004 0.49708424582909794 0.26806451901195066 0.5216931933593751 0.26873562500000003
0 0.49185428321287133 0.25538353735821917 0.4898551875000001 0.2553736106770834 0.4897151445215039 0.26790814883969766 0.4917142402343751 0.2679180755208334
0 0.5398584549501264 0.25330186716176933 0.5258648144531252 0.2532323815104167 0.5254098079504725 0.2939582790988478 0.5394034484474738 0.2940277647502004
0 0.5227027234936502 0.23440510076275037 0.49809377734374993 0.23373399609375003 0.49732845033447465 0.24620689142474972 0.521937396484375 0.24687799609375005
0 0.4942720042892863 0.21792358729429342 0.4902738126382132 0.2179037343659881 0.4899593476549878 0.24605052015103224 0.4939575393060609 0.24607037307933757