0 0.3287881796591282 0.42563232796387374 0.07171603704825553 0.4096410047640582 0.07013137344347739 0.5563748110601079 0.32720351605435005 0.5723661342599234
0 0.06375404931708885 0.40298202183157905 0.000023995279096020634 0.3931595864724323 -0.0026317141269702215 0.49240904418346415 0.0610983399110226 0.5022314795426108
0 0.3736187122395833 0.007947509375000095 0.06721646655364394 -0.011112470687205266 0.06287064573562298 0.39129293062971887 0.36927289142156233 0.41035291069192426
0 0.07033107682291667 1.9428902930940238e-17 0.012872447868042196 -0.014612996390021272 -0.0035599491081462578 0.3575553076897145 0.05389867984672822 0.3721683040797358
0 0.6913046223958336 0.2398458781250003 0.5802534782418767 0.17904318733334176 0.5786185229643614 0.19624319336309287 0.6896696671183183 0.2570458841547514
0 0.2974175337270027 0.7623922899795017 3.700743415417188e-17 0.7348263531250001 -0.00412142743423165 0.9909584188301871 0.29329610629277103 1.0185243556846888
0 0.8717380591117044 0.7371477398306479 0.6425963202526342 0.7307239700751258 0.6423756516761762 0.776063521070024 0.8715173905352462 0.7824872908255461
0 0.6293306393498249 0.6935596370767982 0.5127415484908925 0.6885004123558633 0.5120936349099379 0.7745033948020428 0.6286827257688702 0.7795626195229777
0 0.5087092790656839 0.6883254390526555 0.48026524134317833 0.6870911465203993 0.4796300299479166 0.7714079062500001 0.5080740676704222 0.7726421987822563
0 0.8709494080955209 0.6898826919548355 0.6428875652429943 0.6836247111352143 0.6426921418615815 0.7246467657640171 0.8707539847141081 0.7309047465836384
0 1.0001427889833137 0.6916897363880677 0.8836373862571368 0.6894746153510878 0.8834936635534039 0.7330154215240907 0.9999990662795807 0.7352305425610706
0 0.8708572264005281 0.6413981911231353 0.642383287752878 0.6366032066845388 0.64222289244304 0.6806245828153294 0.8706968310906901 0.6854195672539258
0 1.0000014384391085 0.6421619504796574 0.8823014608424042 0.6421405426244804 0.8823000224032956 0.6876935640198233 1 0.6877149718750003
0 0.8700704604495416 0.5758032757143259 0.642893251810431 0.5659452409840335 0.6423850863341397 0.6333983629614861 0.8695622949732503 0.6432563976917784
0 0.6282131041666666 0.5687500000000002 0.5116597630208334 0.5687500000000002 0.5116597630208334 0.6880665000000002 0.6282131041666666 0.6880665000000002
0 1.0004573500530887 0.5797743604244231 0.8823046393296536 0.5746472860769607 0.8818218793150758 0.638728075002084 0.9999745900385109 0.6438551493495465