0 0.2874347763658164 0.3727061329844526 0.21819048037481226 0.36049649499929826 0.20394594619649592 0.4412812604523458 0.27319024218750004 0.4534908984375001
0 0.21241565069525928 0.32576302686953207 0.14124753360870415 0.31321416762172166 0.12123735924892105 0.426697505320956 0.19240547633547617 0.4392463645687664
0 0.1346863433946271 0.3108105033677096 0.06472086263851559 0.29661518085435645 0.04219361947595887 0.407646782742618 0.11215910023207036 0.42184210525597116
0 0.05537064539957816 0.2941049914431215 4.163336342344337e-17 0.28434165234375003 -0.019671126731467953 0.39590215144885577 0.035699518668110164 0.40566549054822726
0 0.15910689815880097 0.18943492916708327 0.08793927356426617 0.1768861549593405 0.06928563608594387 0.28267617455828137 0.14045326068047864 0.29522494876602406
0 0.0835845395214711 0.17372031694966655 0.011169216282083214 0.15852929951901798 -0.011080705019548935 0.26459429815814106 0.06133461821983896 0.2797853155887896
0 0.3315865031745698 0.12861774886109056 0.26511053995354505 0.11689624375594246 0.2518834117512683 0.19191102044261082 0.31835937497229305 0.2036325255477589
0 0.26001833050131296 0.11203209362516459 0.1869273754303801 0.09914418538125061 0.17370024549126295 0.17415896216273075 0.24679120056219578 0.18704687040664472
0 0.17957220780775054 0.09586414186661243 0.10840458245693756 0.08331537012086929 0.095177541015625 0.15832965429687504 0.166345166366438 0.1708784260426182
0 0.10331245904657965 0.07845072744405387 0.030221503593504093 0.06556282003970809 0.016655239713279847 0.14250092626785976 0.0897461951663554 0.15538883367220557
0 0.022527693543544385 0.06420619231489834 6.938893903907228e-18 0.06023395312500001 -0.012887904482178688 0.13332490981545686 0.00963978906136569 0.13729714900535517
0 0.9138106017823181 0.10742066827711433 0.45295420374423045 0.029366138455901664 0.42560647044118854 0.19083502300897925 0.8864628684792762 0.2688895528301919
0 0.388337779882612 0.7224692571344355 0.29711736307669134 0.6228405283836249 0.12418865084038744 0.7811746696067048 0.21540906764630807 0.8808033983575154
0 0.2568982010226049 0.5496541504459116 0.11415852319754671 0.3965116370403843 -0.07025349227818312 0.5683967072975977 0.07248618554687508 0.7215392207031252
0 0.9732431640624999 0.8664315253906251 0.8910878291340167 0.8474963796892004 0.8700855030001489 0.9386207451951567 0.952240837928632 0.9575558908965813