0 0.5 0.20088997851562512 0.3401843997395833 0.2008899785156251 0.3401843997395833 0.3171057675781251 0.5 0.3171057675781251
0 0.5008681123337081 0.18982678523335123 0.498662593857397 0.16217545288569313 0.47236117292993884 0.16689560905859185 0.4745666914062499 0.19454694140624995
0 0.4958258312925002 0.19073169211415392 0.4877388869106822 0.08934294721792956 0.1604178240280353 0.14808527877344352 0.16850476840985332 0.2494740236696679
0 0.47060041015625 0.07995320312499997 0.46239091920321534 -0.022971951943233163 0.2226126904509316 0.020059595556851433 0.23082218140396626 0.12298475062508457
0 0.1839215485297274 0.12361089293190627 0.17473181380208327 0.008396091796875005 -0.0041659938534485364 0.040501798736519504 0.005023740874195577 0.1557165998715508
0 0.7938507135416667 0.22103684570312504 0.7936637211034477 0.21334975406290985 0.7596208893229167 0.215213 0.7598078817611357 0.22290009164021518
0 0.5694084885561824 0.881024149448478 0.5438304679712141 0.8579709784695713 0.5163655430620882 0.926535144089098 0.5419435636470563 0.9495883150680047
0 1.0198955828382401 0.914700277390626 0.9999999998770569 0.7561121357387676 0.6208457419581149 0.8631369331707351 0.6407413249192981 1.0217250748225937
0 0.6756130324723352 0.8305217787971891 0.6560143059895833 0.67429987109375 0.49962615501688185 0.7184439315684197 0.5192248814996338 0.8746658392718588
0 1.0083398679923254 0.7366021609587361 0.9881472782233853 0.5756465716905038 0.6799015040728301 0.662655858605556 0.7000940938417702 0.8236114478737883
0 0.7632903919650252 0.6268635555273179 0.743394732956259 0.46827480961699447 0.48010434099123384 0.5425944318240514 0.5 0.7011831777343749
0 0.979826890625 0.5632899882812501 0.9599312325919852 0.4047012407708733 0.7900404542944898 0.45265672299973814 0.8099361123275045 0.6112454705101149
0 0.784905669206179 0.4394015604720788 0.7765910743084126 0.37312572878778716 0.49198233490012616 0.45346292264733384 0.5002969297978924 0.5197387543316254