0 0.2016119968630362 0.5643322492970217 0.1380054070529223 0.5581925338579442 0.1315492315751034 0.6250776052321059 0.1951558213852173 0.6312173206711834
0 0.47533003894203735 0.5908798994788637 0.37114967773437507 0.5746084140625001 0.36144338257400893 0.6367542667563302 0.4656237437816712 0.6530257521726938
0 0.3421553284512748 0.5700799098315458 0.20908221875000005 0.5492957910156249 0.19546399109657683 0.636488320971369 0.3285371007978516 0.6572724397872899
0 0.5137899598577779 0.28157439986083266 0.402478428785535 0.27082989630129506 0.3741932325996323 0.5638605120654625 0.4855047636718751 0.5746050156250001
0 0.38334536897976257 0.2612008472709928 0.27004625866330195 0.2502644893539177 0.24200372366791448 0.540781157707925 0.35530283398437507 0.5517175156250002
0 0.2671986776217154 0.2381939127654587 0.1459487417719811 0.22649009025955463 0.11819403242081983 0.5140249299803983 0.23944396827055411 0.5257287524863024
0 0.509765625 0.02525970117187506 0.406164685546875 0.02525970117187505 0.406164685546875 0.27215648828125005 0.509765625 0.2721564882812501
0 0.41424231935913847 0.017166895271247186 0.24614233145261918 -0.002905099391677081 0.2183006546716057 0.23026482760270073 0.386400642578125 0.250336822265625
0 0.24003515820312496 3.122502256758253e-17 0.14263769536269333 -0.009401429703451201 0.12223093991245224 0.2020096288644821 0.21962840275288387 0.21141105856793332
0 1.013250753676746 0.4182098299184534 0.7686777469829909 0.37935370404052793 0.7547467931721563 0.4670396269843603 0.9993197998659116 0.5058957528622858
0 0.35069199414062513 0.9716185878906249 0.1805813730468751 0.9716185878906249 0.1805813730468751 1 0.35069199414062513 1
0 0.4284660000000001 0.964825671875 0.4109643376480765 0.9617097186393935 0.40574081321411615 0.991049170812654 0.4232424755660398 0.9941651240482605
0 0.48793154492187507 0.946339619140625 0.44126144005394086 0.9380305831245843 0.43024581249512434 0.9999030425005686 0.47691591736305855 1.0082120785166093