0 0.4388020833333333 0.43995001953125 0.4284262486979167 0.43995001953125 0.4284262486979167 0.5581488619791667 0.4388020833333333 0.5581488619791667
0 0.4410565127633273 0.354613334994262 0.4241228255208334 0.03484317317708334 0.38814002335491 0.036748671534164716 0.4050737105974039 0.3565188333513434
0 0.42256844921875003 4.994329349834347e-17 0.39306743098958336 4.8136877121046634e-17 0.39306743098958336 0.0073854765625000485 0.42256844921875003 0.007385476562500049
0 0.6088157745237522 0.21971186149788455 0.5944747929687499 0.05064205598958335 0.481714941622081 0.06020666714794881 0.4960559231770833 0.22927647265624998
0 0.6320938338745276 0.4756217870290859 0.6175919983828854 0.2925452321076496 0.5073403763358068 0.301278468792705 0.5218422118274489 0.48435502371414124
0 0.8403878294270832 0.44956256119791665 0.8106770722614097 0.10683654987976195 0.658273784500993 0.1200483194110119 0.6879845416666667 0.4627743307291667
0 0.7459121207007654 0.06478933330747842 0.7397822738835204 -0.0035992049464179943 0.6582474331306717 0.0037089799752702546 0.6643772799479167 0.07209751822916667
0 0.4272121972551067 0.6473292200989812 0.42622325723186877 0.6325737356081739 0.38856660578051744 0.6350975544488606 0.38955554580375534 0.649853038939668
0 0.4254329197613626 0.6226746496782151 0.4220957274819148 0.5769331588333898 0.3862030660975279 0.579551803530983 0.38954025837697565 0.6252932943758083
0 0.7873591502275324 0.846299400818623 0.7804750813984755 0.7725423672076203 0.6024574936709433 0.7891575327952475 0.6093415625000002 0.8629145664062503
0 0.8139992251774238 0.7545342819490758 0.8088150786156411 0.6935829309162327 0.6225276933897131 0.709427388688828 0.627711839951496 0.7703787397216711