0 0.26699187599247304 0.5125072576748245 0.2467425902597571 0.30034439610789226 -0.002350471670215959 0.3241183806205676 0.017898814062499997 0.5362812421874998
0 0.40595705697069706 0.507674358049048 0.388059278125 0.28450427187500005 0.2552021138277655 0.29515914137576227 0.2730998926734625 0.5183292275498103
0 0.40914485154496416 0.278504772434524 0.3933275179801556 0.08127614661393115 0.25404162787391904 0.0924465909422594 0.2698589614387276 0.28967521676285224
0 0.26653647124797464 0.29139696613981736 0.2476222777164502 0.09322259593621904 -0.018616729469024415 0.11863302667140171 0.00029746406250000246 0.31680739687500004
0 0.5276203420298142 0.03473623842325628 0.5233460824180329 -0.01856013668306362 0.29191699375 0 0.2961912533617813 0.053296375106319904
0 0.2709052305653237 0.051004323164588916 0.26600978885022136 -0.00028790561592289545 -0.004672919042291236 0.025546639914243906 0.00022252267281109295 0.07683886869475573
0 0.6993927000601385 0.5998847215018113 0.6957055206026652 0.5436918727520544 0.5656905255508763 0.5522230049082707 0.5693777050083495 0.6084158536580275
0 0.6997220872560554 0.5070318418087524 0.6928844651450807 0.3496541242710612 0.5560181002052005 0.35560058542073125 0.5628557223161751 0.5129783029584225
0 0.7503556826154855 0.3096419179229183 0.7449717955002292 0.00271277374244136 0.6073201486527393 0.005127340563180394 0.6127040357679956 0.31205648474365727
0 0.28116345579237745 0.9973858143472307 0.2776378934514193 0.9298820311253925 0.15817193156297535 0.9361214546977884 0.1616974939039335 1.0036252379196267
0 0.39806251952593064 0.7975619278140541 0.3948496447015607 0.7741961024403223 0.22721063142563008 0.7972469965012681 0.23042350625000002 0.820612821875
0 1 0.6000000000000001 0.55 0.6 0.55 0.7634237062500001 1 0.7634237062500002