0 0.5422729614720494 0.5290590523443455 0.5390624999999999 0.4840603296875 0.30817786170892425 0.5005329358406619 0.31138832318097376 0.5455316584975074
0 0.24826246772789284 0.5498560154205795 0.21084826972445528 0.003952035079979074 -0.018159075872930235 0.019647334035440816 0.019255122130507306 0.5655513143760412
0 0.43560049030091463 0.8874340487668416 0.3503778880953828 0.6950016771914683 0.19956031633593335 0.7617943161764605 0.2847829185414652 0.9542266877518341
0 0.7233905106776766 0.9274260573458941 0.7186062119187231 0.9196740248960127 0.6831826263634216 0.9415362935985263 0.6879669251223749 0.9492883260484076
0 0.7639162711570867 0.9077658945432633 0.7570544888505589 0.8966480750959878 0.7297646993691983 0.9134909996910581 0.7366264816757261 0.9246088191383336
0 0.7157262371120837 0.916491829710195 0.7003188245138339 0.8897689084084679 0.6630818317608541 0.9112383317842017 0.678489244359104 0.9379612530859289
0 0.8028100547358041 0.8836160153813767 0.7959872906753251 0.8728768852518435 0.7599829137228866 0.8957511186513901 0.7668056777833658 0.9064902487809233
0 0.7534461639420711 0.8929185708309595 0.7360641876695707 0.8627691587880089 0.7084021267673918 0.8787171078082139 0.725784103039892 0.9088665198511645
0 0.8416996524458329 0.860289132725201 0.8351734869317575 0.8495033513689642 0.7995742284049452 0.8710434369363386 0.8061003939190206 0.8818292182925754
0 0.793084089909525 0.8684056258804803 0.7763029259911859 0.8419930890152945 0.7402991880413399 0.8648680075168056 0.7570803519596789 0.8912805443819914
0 0.8317642948021622 0.8454122154801667 0.8156382590229183 0.8187545134645994 0.7793527373086833 0.8407047033605842 0.7954787730879269 0.8673624053761515
0 0.9078344485450733 0.821211103676349 0.9004559928773039 0.8090124594280613 0.8648540372128644 0.8305466107820392 0.8722324928806338 0.8427452550303268
0 0.8530836413676781 0.8327317671255543 0.8372971530516221 0.8066353608261169 0.8188117480748225 0.8178177292463275 0.8345982363908785 0.8439141355457647
0 0.6942026798266311 0.8715386525320771 0.661661726876005 0.8177488424065643 0.6267456459113989 0.8388718496311351 0.659286598862025 0.8926616597566479
0 0.9292250469532585 0.8069950938667928 0.9213261442524232 0.7959674851935298 0.9048902921473003 0.8077402276284744 0.9127891948481356 0.8187678363017372
0 0.7231015424484134 0.8528378086443281 0.6886364970968187 0.795864162908871 0.670835853061075 0.8066322995808358 0.7053008984126696 0.8636059453162929
0 0.8971662469247835 0.8051203616507184 0.8815978392491182 0.7793844582061176 0.8466814868308127 0.800506390457904 0.8622498945064778 0.826242293902505
0 0.9194852356070644 0.791486998314868 0.9022218225356738 0.7655896271960216 0.8844530005874688 0.777434478616505 0.9017164136588594 0.8033318497353514
0 0.7686049189594225 0.8255970355305207 0.7336768507527944 0.7685024763835215 0.6981751022520253 0.7902209643027789 0.7331031704586534 0.847315523449778
0 0.7996290913594025 0.8067741843760106 0.7631466645642251 0.7504364479605605 0.736616495707566 0.7676164946709805 0.7730989225027435 0.8239542310864305
0 0.8300357789057603 0.7893157679165321 0.7935959027041573 0.732154780105296 0.7663933565660188 0.7494962826159876 0.802833232767622 0.8066572704272238
0 0.8895849446666471 0.753067908366441 0.8674166534859659 0.7192416679962695 0.8496353236360393 0.7308948015807074 0.8718036148167208 0.7647210419508788
0 0.8680243991938763 0.7655719788363765 0.8310672768694527 0.7085011971179261 0.8043337584493762 0.7258129261789913 0.8412908807737998 0.7828837078974417