0 0.9492190000000003 0.9609380000000001 0.7343750000000002 0.960938 0.7343750000000002 0.9960940000000001 0.9492190000000003 0.9960940000000003
0 0.9960940000000001 0.8750000000000002 0.960938 0.8750000000000002 0.9609380000000001 0.9960940000000003 0.9960940000000003 0.9960940000000003
0 0.953125 0.8710940000000001 0.734375 0.871094 0.7343750000000001 0.9218750000000001 0.9531250000000001 0.9218750000000002
0 0.6992190000000001 0.867188 0.4843750000000001 0.867188 0.4843750000000001 0.996094 0.6992190000000003 0.996094
0 0.47265600000000013 0.863281 0.24609400000000012 0.863281 0.24609400000000012 0.996094 0.47265600000000013 0.996094
0 0.2226560000000001 0.859375 0.003906250000000106 0.859375 0.003906250000000114 0.996094 0.2226560000000001 0.996094
0 0.996094 0.4023440000000001 0.960938 0.4023440000000001 0.960938 0.8437500000000002 0.996094 0.8437500000000002
0 0.9561978708971689 0.40186814378080477 0.7403645926501633 0.3976363736353721 0.731695407256963 0.8397914621306595 0.9475286855039686 0.8440232322760921
0 0.7103055615269203 0.39600169465896384 0.4902740443834199 0.39220828223339155 0.4825421153207884 0.8406878808734166 0.7025736324642887 0.8444812932989889
0 0.4839685164075188 0.3947208982112048 0.26125860035261744 0.38901076238629245 0.24983573837081346 0.8345316240749645 0.47254565442571483 0.8402417598998768
0 0.2350555856388879 0.38734072959822446 0.011467884018838767 0.38237242493203233 0.0015659754291029483 0.8279861970294062 0.22515367704915207 0.8329545016955984
0 0.003906250000000048 0.382812 4.6880949047519653e-17 0.382812 6.290661582882196e-17 0.644531 0.003906250000000064 0.644531
0 0.996094 1.2055116929106758e-16 0.96875 1.1887683218727333e-16 0.96875 0.3710940000000001 0.996094 0.3710940000000001
0 0.960938 1.0452556374210523e-16 0.742188 9.113098937643105e-17 0.742188 0.3710940000000001 0.960938 0.3710940000000001
0 0.71506715487199 0.000003187728544479934 0.49535759328861284 -0.0031353251557568523 0.4900146270710177 0.37089556415313 0.7097241886543949 0.37403407703743136
0 0.484375 4.6163428487899226e-17 0.261719 3.252968060235157e-17 0.261719 0.36718800000000007 0.484375 0.3671880000000001
0 0.24276428553998633 0.000009449096006214179 0.01568589439525458 -0.003713853624564446 0.009694192840233644 0.36171062336370974 0.2367725839849654 0.3654339260842804
0 0.007812500000000009 4.783776559169354e-19 0 0 2.2005372172179003e-17 0.359375 0.007812500000000031 0.359375