0 0.5832251310270681 0.3535748533116811 0.0594139173818795 0.0009953476490476426 -0.2229716899561029 0.18745195019622743 0.30083952368908573 0.5400314558588609
0 0.8218102850817949 0.148638427359134 0.3907032559724994 -0.1374433740907783 0.17683504368722794 0.005794739626554635 0.6079420727965235 0.29187654107646693
0 0.886995152600306 0.14380928078735522 0.8856030013902076 0.07417837123434949 0.7498551648128864 0.07538461405044312 0.7512473160229848 0.14501552360344885
0 0.9554341843555723 0.32528237346701666 0.9463349811779207 0.1610633320959017 0.8329434445368685 0.1638557343029606 0.84204264771452 0.32807477567407556
0 0.5192994235434755 0.7665121943064926 0.5133265624999999 0.7252129817708334 0.4647102014565245 0.7283379137664241 0.47068306249999997 0.7696371263020834
0 0.41212476129852593 0.6632314398185789 0.2846012315371724 0.6288740329889896 0.22443207883782462 0.7281310742956965 0.3519556085991781 0.7624884811252857
0 0.20520605903856667 0.5582687888580051 0.1485670793834781 0.5447622710537934 0.12528739143866152 0.5881499743832882 0.1819263710937501 0.6016564921875
0 0.8317307792779156 0.4865753489490155 0.7929916964648691 0.4857857602240622 0.7906440698489029 0.5369769121721301 0.8293831526619494 0.5377665008970833
0 1 0.49760737109375014 0.9855456289062501 0.49760737109375014 0.9855456289062501 0.5302152773437502 1 0.5302152773437502
0 0.6498709060826714 0.4521659515745156 0.6305012805412914 0.45177115737840295 0.6287997732593977 0.488873536548472 0.6481693988007777 0.48926833074458465
0 1 0.45858992057291686 0.970569462890625 0.45858992057291686 0.970569462890625 0.4847482395833335 1 0.4847482395833335
0 0.8415774269868276 0.43446211353682873 0.8281677734375 0.4341887942708334 0.8271809831694226 0.4557061872444214 0.8405906367187501 0.4559795065104167
0 0.8212352543256394 0.4804741558120574 0.812333449007028 0.42329848809651 0.7837258101341837 0.42527803749456 0.7926276154527951 0.48245370521010744
0 1 0.44091351562500014 0.992592509765625 0.44091351562500014 0.992592509765625 0.4593321471354168 1 0.4593321471354168
0 0.8637813380674966 0.4243419595196028 0.8540201875 0.42330119140625005 0.8529563160925894 0.42773578323808287 0.862717466660086 0.42877655135143566
0 0.8438599487771917 0.42221787162416574 0.824338029296875 0.42013637890625005 0.8222102894553451 0.4290055621726392 0.8417322089356618 0.4310870548905548
0 0.7796202554430978 0.4196352609578258 0.7274711353030671 0.4185723451070565 0.7256606541276983 0.4580507500405708 0.777809774267729 0.45911366589134
0 0.721473646484375 0.4192708333333334 0.673794539403242 0.41829902416328246 0.6717431962003296 0.4630294393499417 0.7194223032814626 0.46400124851999264
0 0.6582279843750002 0.4192708333333334 0.6395111183552787 0.41854946131896814 0.6376369132771538 0.4401621318918847 0.6563537792968752 0.44088350390625
0 0.634974486328125 0.4192708333333334 0.631994541104611 0.41921009533937625 0.6311122364171109 0.43844915783937616 0.634092181640625 0.43850989583333333