0 0.5664060000000002 0.96875 0.33203100000000013 0.96875 0.33203100000000013 0.996094 0.5664060000000002 0.996094
0 0.9843750000000002 0.9179690000000001 0.7460940000000003 0.917969 0.7460940000000003 0.9492190000000001 0.9843750000000002 0.9492190000000003
0 0.988281 0.8632810000000001 0.753906 0.863281 0.753906 0.8945310000000001 0.988281 0.8945310000000002
0 0.9891027495497599 0.8125216236769902 0.7539654654577013 0.8063341755901683 0.7530842504502404 0.8398223763230102 0.988221534542299 0.8460098244098321
0 0.996094 0.5703120000000002 0.765625 0.570312 0.765625 0.5976560000000001 0.996094 0.5976560000000002
0 0.703125 0.519531 0.34765600000000013 0.519531 0.34765600000000013 0.550781 0.703125 0.550781
0 0.996094 0.5156250000000001 0.769531 0.515625 0.769531 0.5468750000000001 0.996094 0.5468750000000002
0 0.703125 0.46875000000000006 0.34765600000000013 0.46875 0.34765600000000013 0.49609400000000003 0.703125 0.4960940000000001
0 0.9968529214314288 0.4648650798016794 0.7695972505850177 0.45855282628824956 0.7687721063231587 0.48825992096923215 0.9960277771695698 0.494572174482662
0 0.703125 0.41406200000000004 0.347656 0.414062 0.347656 0.4414060000000001 0.703125 0.44140600000000013
0 0.996094 0.4062500000000001 0.769531 0.4062500000000001 0.769531 0.4375000000000001 0.996094 0.4375000000000001
0 0.703125 0.36328100000000013 0.46875 0.36328100000000013 0.46875 0.39453100000000013 0.703125 0.39453100000000013
0 0.996094 0.3554690000000001 0.769531 0.3554690000000001 0.769531 0.3828120000000001 0.996094 0.3828120000000001
0 0.703125 0.3085940000000001 0.46875 0.3085940000000001 0.46875 0.3398440000000001 0.703125 0.3398440000000001
0 0.996094 0.30078100000000013 0.769531 0.30078100000000013 0.769531 0.3281250000000001 0.996094 0.3281250000000001
0 0.707031 0.2500000000000001 0.46875 0.2500000000000001 0.46875 0.2812500000000001 0.707031 0.2812500000000001
0 0.996094 0.24609400000000012 0.769531 0.24609400000000012 0.769531 0.2734380000000001 0.996094 0.2734380000000001
0 0.703125 0.1992190000000001 0.46875 0.19921900000000006 0.46875 0.2304690000000001 0.703125 0.23046900000000012
0 0.996094 0.1914060000000001 0.769531 0.1914060000000001 0.769531 0.2226560000000001 0.996094 0.2226560000000001
0 0.734375 0.14453100000000008 0.496094 0.14453100000000005 0.496094 0.17578100000000008 0.734375 0.1757810000000001
0 0.996094 0.1406250000000001 0.761719 0.1406250000000001 0.761719 0.1718750000000001 0.996094 0.1718750000000001
0 0.742188 0.08984380000000008 0.496094 0.08984380000000007 0.496094 0.12109400000000006 0.742188 0.12109400000000008
0 0.996094 0.0859375000000001 0.761719 0.08593750000000008 0.761719 0.1132810000000001 0.996094 0.11328100000000012
0 0.738281 0.039062500000000076 0.5 0.039062500000000056 0.5 0.07031250000000006 0.738281 0.07031250000000007
0 0.996094 0.03125000000000011 0.765625 0.0312500000000001 0.765625 0.05859380000000011 0.996094 0.058593800000000126
0 0.996094 1.0787417671735379e-16 0.765625 9.376202055971923e-17 0.765625 0.007812500000000108 0.996094 0.007812500000000121
0 0.738281 7.582284315474918e-17 0.5 6.123233995736766e-17 0.5 0.019531200000000075 0.738281 0.01953120000000009