0 0.07438929296875005 0.2847754687499999 0.0008096114585566666 0.27591119159564526 -0.0010119367710515609 0.2910313120810688 0.07256774473914182 0.2998955892354235
0 0.23219155585823897 0.29015132283431944 0.004250229381794736 0.26269080683233137 -0.011333841378000524 0.3920494015737166 0.2166074850984437 0.41950991757570466
0 0.08284281066829031 0.27045475062174207 3.469446951953614e-17 0.26047452539062504 -0.001011988715396258 0.2688747355669076 0.08183082195289401 0.27885496079802463
0 0.0750121504889281 0.25246799716499446 3.122502256758253e-17 0.24343114453125003 -0.0008095600288178448 0.25015105478902583 0.07420259046011023 0.25918790742277026
0 0.4188304972106884 0.2737735695157801 0.26210952323528275 0.25119042724359486 0.25673660898320805 0.2884770167058864 0.4134575829586137 0.3110601589780716
0 0.32015072656250004 0.24109565625000004 0.270867048111031 0.23515836241085086 0.2698551112972033 0.24355814350590882 0.3191387897486723 0.249495437345058
0 0.42873486523437493 0.24565486328125 0.3737159912995805 0.23902663689319004 0.37209687109375 0.25246645703125 0.42711574502854444 0.25909468341930997
0 0.45923207516581205 0.12678665002188566 0.2984543971152399 0.10450025722804804 0.2815458595218012 0.2264812094015004 0.44232353757237336 0.248767602195338
0 0.6426008218947447 0.03621824782206121 0.2677109173320822 -0.008945430088992339 0.21610145622942245 0.41944895323405623 0.5909913607920849 0.4646126311451098
0 0.32439935333360503 0.021649729589945627 0.06245495996510787 -0.045952488419570836 -0.010206916821749172 0.23559701981210296 0.251737476546748 0.30319923782161945
0 1.0198441693015063 0.2927348606624093 0.977370974609375 0.18890319921874998 0.594480063205742 0.3455278741953559 0.6369532578978734 0.4493595356390152
0 1.038469408104036 0.40178229998060394 0.998370231050177 0.307253361439825 0.709746623046875 0.4296875000000001 0.749845800100734 0.524216438540779
0 0.667146602937733 0.8702088899038755 0.5857139349226864 0.7993431026794925 0.42543039662817755 0.9835267076803946 0.5068630646432242 1.0543924949047776
0 0.62890625 0.6771222265625 0.611453986328125 0.6771222265625 0.611453986328125 0.737646529296875 0.62890625 0.737646529296875
0 0.62890625 0.5382519453125 0.59379344921875 0.5382519453125 0.59379344921875 0.648601171875 0.62890625 0.648601171875