0 0.5296875 0.23517501718750008 0.36701458281250005 0.23517501718750008 0.3670145828125001 0.427350859375 0.5296875 0.427350859375
0 0.392492658048365 0.2375014073530639 0.21005234563785247 0.19779998454060693 0.15760240106949058 0.43882369591156517 0.3400427134800031 0.4785251187240222
0 0.2010915854996087 0.20862227933564553 0.0003739256471491398 0.1863903113981928 -0.025845509169896252 0.4231081590461162 0.17487215068256332 0.44534012698356895
0 0.5319523431324055 0.22986077564200755 0.49489820584094135 0.011315812813151327 0.3872527083329854 0.029567027537287273 0.42430684562444954 0.2481119903661435
0 0.42083292172218234 0.11151861796249458 0.00019556840724596625 0.07001225388075077 -0.0111472306267045 0.18496342029531798 0.40949012268823193 0.22646978437706178
0 0.980549826569747 0.1605767820864698 0.9040688464237915 0.05813748348779742 0.6942415850125154 0.21479410681110472 0.7707225651584709 0.3172334054097771
0 0.9917858450004712 0.1619395114920654 0.9702981127159468 0.019205364662224465 0.9249457450413452 0.02603287970824155 0.9464334773258696 0.16876702653808248
0 0.9675114953125 1.1473081800331295e-16 0.9061849546874999 1.109756504193536e-16 0.9061849546874999 0.02969659218750011 0.9675114953125 0.029696592187500113
0 0.9178201786781385 0.04136120970882473 0.8550859870973628 -0.0445933768718068 0.6597766411261372 0.09795368681723873 0.7225108327069127 0.18390827339787025
0 0.48659676718750006 0.60980591875 8.332800198940421e-17 0.60980591875 1.0722049862185695e-16 1 0.4865967671875001 1
0 0.7929671661754076 0.705877232891641 0.741440034375 0.6686979656250001 0.7186029322620923 0.700348142108359 0.7701300640625 0.7375274093749999
0 0.645771824715164 0.7844363772979805 0.6111254625 0.7585155453125 0.604347712784836 0.7675748367645194 0.638994075 0.7934956687500001