0 0.13432376093750006 0.45629639062500005 0.02118145754834639 0.444708644638333 0.013722214062500071 0.5175404093750001 0.12686451745165375 0.5291281553616671
0 0.625482725 0.5007695734375 0.5513044781249999 0.5007695734375 0.5513044781249999 0.55 0.625482725 0.55
0 0.5307977939901753 0.4947378125894047 0.30517081345182684 0.4716296776557548 0.29749219676383903 0.5466034088978724 0.5231191773021876 0.5697115438315222
0 0.22591502688544085 0.4635125010103966 0.13644248949200274 0.4543489508210524 0.12876387022606678 0.5293226820939314 0.21823640761950483 0.5384862322832756
0 0.23290322656250004 0.403620203125 0.1493945780301159 0.39506745929823583 0.14544560937500006 0.43362503125000007 0.22895425790738422 0.44217777507676426
0 0.13445639687500005 0.384879240625 3.8857805861880476e-17 0.371108559375 -0.013569117116746188 0.5035968918816137 0.12088727975825382 0.5173675731316137
0 0.6383524765625002 0.41700598593750005 0.618032564381133 0.4140148557722302 0.6075420227999012 0.4852811905311444 0.6278619349812684 0.48827232069641424
0 0.5830106448532134 0.3875275879407042 0.4894650594955944 0.37794688706869134 0.47981195651873926 0.47219940372174235 0.5733575418763583 0.4817801045937552
0 0.655616825 0.29972256406250003 0.579304579991658 0.2919068570687149 0.5740392504754477 0.3433173201797554 0.6503514954837897 0.35113302717354056
0 0.694992513201205 0.1325862469880327 0.6840863706245195 0.13151096836933857 0.6752498964071884 0.22113596975405425 0.6861560389838739 0.2222112483727484
0 0.7115798421918857 0.00017593161405627945 0.695845883731684 -0.00151815028129203 0.6821502888596896 0.12568108453457158 0.6978842473198914 0.12737516642991992
0 0.3727686035314447 0.9946734353455658 0.31612397359100974 0.9899268322879905 0.3153870984375001 0.9987204937499998 0.37203172837793497 1.0034670968075752
0 0.26004815119788 0.9852279033199697 0.20619561656685814 0.9807152627387488 0.2054587406250002 0.9895089250000002 0.25931127525602204 0.994021565581221
0 0.30958239931785647 0.985836874125775 0.2782384275307502 0.9832103724138206 0.2772068338307615 0.9955211368351928 0.30855080561786774 0.9981476385471474
0 0.28365558170197575 0.9753178041683024 0.2298805407642485 0.9612041573988245 0.2252820037870144 0.9787252501570188 0.2790570447247417 0.9928388969264967
0 0.22819097467479796 0.961306683102066 0.14405205140997465 0.9542561699866742 0.141546784290235 0.984153352574064 0.22568570755505832 0.991203865689456
0 0.17347035728648139 0.9559534607566424 0.15362601420660554 0.9261980831316003 0.08649841853639675 0.9709665634847358 0.10634276161627261 1.0007219411097779
0 0.1180688025196579 0.9396816694884459 0.030041469017111123 0.9323053194210192 0.026504606250000118 0.9745132671875 0.11453193975254687 0.9818896172549266