0 0.15396772370845027 0.36520398343071275 2.7755575615628914e-17 0.34458049609375 -0.011690986800034636 0.5409623126709915 0.1422767369084156 0.5615858000079542
0 0.42232062500000006 0.39204794921875014 0.2905101789205203 0.35866786257308303 0.2667923317435594 0.5693948481455845 0.39860277782303916 0.6027749347912515
0 0.261810317008681 0.3654829787332565 0.1649482322317676 0.3374497544101077 0.1362250276363999 0.5607535832757138 0.23308711241331334 0.5887868075988626
0 0.5332697550830287 0.033766555304192564 0.19670356529008592 -0.011315410659839962 0.17990619369765812 0.2708420169864546 0.5164723834906008 0.3159239829504871
0 0.20573983984374997 3.469446951953614e-17 0.0354000157847185 -0.043137384763394106 -0.0009986704539972867 0.28025561063381976 0.16934115360503418 0.32339299539721394
0 0.7863663658854168 0.40684423242187484 0.7467460453764138 0.37572863631173614 0.7358378333333334 0.4069805019531249 0.7754581538423363 0.4380960980632636
0 0.8595411497395834 0.46449203710937503 0.8081373892904143 0.422543835997759 0.7977175104166668 0.4512732480468752 0.8491212708658359 0.4932214491584912
0 0.8008238528645834 0.2304050351562501 0.784553855468913 0.2118748110816926 0.7559969010416667 0.2682906718750002 0.7722668984373371 0.28682089594955773
0 0.8976849179687499 0.49355097656250024 0.8607952802957434 0.4645809188805705 0.8521229471729656 0.48942789253628693 0.8890125848459722 0.5183979502182167
0 0.7244575625 0.7505941367187501 0.6978675120528591 0.7476639138398731 0.6969012578125001 0.7673923398437502 0.723491308259641 0.7703225627226272
0 0.7645094296875 0.7578410312500001 0.7409087053826123 0.7552402326228786 0.73987341015625 0.7763783027343751 0.7634741344611377 0.7789791013614966