0 0.351788820438296 0.5244111014664745 0.023231854196491375 0.47901148870593774 0.0108466138232547 0.5686434647465645 0.3394035800650594 0.6140430775071013
0 0.5211959450360378 0.28198243013286056 0.06970553256648836 0.20731584177301943 0.0275984834460912 0.46192676471520905 0.4790888959156407 0.5365933530750503
0 0.055257255888054364 0.20467995695337848 0.012131048901717947 0.19851536564467084 -0.023923832785989706 0.45074786779539694 0.019202374200346716 0.45691245910410466
0 0.6220731544023376 0.040141949857871125 0.10745484113486559 -0.03096739190644188 0.07518812201258074 0.2025468575211763 0.5898064352800528 0.2736561992854893
0 0.08940458203125001 1.3877787807814457e-17 0.041486590758533275 -0.006849552860492721 0.0148202369406292 0.17970249448432982 0.06273822821334595 0.18655204734482256
0 0.8299945233997831 0.3607816798452146 0.8047404322916667 0.3342944283854166 0.7922215109641341 0.34623050941899275 0.8174756020722503 0.37271776087879066
0 0.8402042360190548 0.2489628999013995 0.8210460138871206 0.24284785087241648 0.8036409862013993 0.29737715800226716 0.8227992083333335 0.3034922070312502
0 0.8492552346879259 0.8967536491826085 0.8152910276210621 0.8884148026585533 0.807455414661222 0.9203293342782572 0.8414196217280857 0.9286681808023123
0 0.856310497563999 0.8655920916523127 0.7810049374495782 0.8452811649721578 0.7722459593607359 0.8777562834833521 0.8475515194751567 0.8980672101635071
0 0.8364065110216639 0.8125664202055787 0.7949844846668735 0.7998841312017954 0.7837672068347938 0.8365212381034602 0.8251892331895841 0.8492035271072434
0 0.7919496161292088 0.7928270670349346 0.6916257320442921 0.7415797560778984 0.6721967160564025 0.7796148121901533 0.7725206001413191 0.8308621231471894
0 0.887243107410459 0.7389753350466609 0.8228237546232853 0.7170060795475628 0.7973763404393136 0.7916242636688189 0.8617956932264872 0.8135935191679168
0 0.806898623416603 0.7241856653108778 0.695247230666347 0.7015139945416826 0.6839740466795671 0.7570311509818713 0.7956254394298231 0.7797028217510665
0 0.8776303577620687 0.7050655791175916 0.8598690690104167 0.7025010039062501 0.8576895914566816 0.717595250309492 0.8754508802083333 0.7201598255208336
0 0.9117162920253209 0.6824857436502486 0.8954689466197093 0.6765637663228437 0.8762405394860037 0.7293182020508074 0.8924878848916152 0.7352401793782124
0 0.883809339508157 0.6788200245351653 0.8432662159103993 0.6640437166922611 0.8234042156798823 0.718540925251113 0.8639473392776399 0.7333172330940171
0 0.7456916517976433 0.6381357053692488 0.7015243933821135 0.6320939303834999 0.6945101290879953 0.6833703887759232 0.7386773875035252 0.6894121637616722
0 0.923676519849213 0.6439336822201699 0.8522931205208885 0.6293184243965645 0.8452028364890761 0.6639485747847876 0.9165862358174007 0.6785638326083929
0 0.7044408528645835 0.6093750000000001 0.6509993410774778 0.5951742398224633 0.6292692031219201 0.6769509481936345 0.6827107149090258 0.6911517083711715
0 0.8937457205444859 0.6195627441691863 0.8599187207628121 0.6146784197404752 0.8586110508961472 0.6237348509705861 0.892438050677821 0.6286191753992972
0 0.8510941226889953 0.6134042247958625 0.8084428987891968 0.6072457608488034 0.807353176778367 0.6147927689781015 0.8500044006781655 0.6209512329251606
0 0.8051178515625 0.6093750000000001 0.7626354830729167 0.6093750000000001 0.7626354830729167 0.6143713216145835 0.8051178515625 0.6143713216145835