0 0.1529182610095375 0.6811769428292829 0.11200394773906637 0.48858954576661406 0.01803251680765386 0.4974623464269147 0.058946830078125 0.6900497434895835
0 0.5490998842331998 0.5761416714122423 0.4927798469668253 0.3110381310776516 0.3529686209367505 0.3242391341445761 0.40928865820312504 0.5893426744791668
0 0.42021245475833646 0.5967419077833697 0.36833234375 0.3525375117187499 0.2720684832103467 0.3616267643673417 0.32394859421868316 0.6058311604319615
0 0.20013726882027028 0.4962534818752015 0.182917646484375 0.4151991380208333 0.11415766192430768 0.4216914679244112 0.13137728426020295 0.5027458117787794
0 0.6215749825736888 0.5321123465938777 0.565509767578125 0.26820829557291664 0.5059177400825611 0.2738349867394556 0.5619829550781249 0.5377390377604166
0 0.49142308881410574 0.30465175249139276 0.44707897265625 0.09591994921875002 0.37602714569514223 0.10262867606576269 0.42037126185299795 0.31136047933840544
0 0.5666328765188701 0.2734948625575458 0.514074537109375 0.026097980468750004 0.4544825101998799 0.03172467129662094 0.507040849609375 0.2791215533854167
0 0.43554528385004715 0.34977021895715527 0.37548022460937497 0.0670385260416667 0.19670473568120284 0.08391854276159476 0.25676979492187496 0.3666502356770833
0 0.22452379782767393 0.4019499302824126 0.16766728125000005 0.13432113281250002 0.05306809265425107 0.1451416104089651 0.10992460923192496 0.4127704078788777
0 0.09473622651635197 0.4073088129446978 0.04620670617910709 0.1788759491659514 -0.03752141264970479 0.18678157453251212 0.011008107687540097 0.41521443831125854
0 0.40215912063854553 0.014904329355524956 0.3661087739570774 -0.03613388183366336 0.19701577441228182 0.016949320060811707 0.23306612109374997 0.06798753125000002
0 0.1668395366252621 0.0726764312361576 0.14008196444444973 0.03748745129779548 0.058832168053562624 0.06494613985330455 0.08558974023437499 0.10013511979166667
0 0.10278514479616216 0.10022135740824473 0.0724599384095223 0.060340576788160016 -0.02525822657599284 0.09336482193787714 0.005066979810647021 0.13324560255796183
0 0.8661302450139139 0.3877699085820745 0.8577091621093749 0.26820980078125 0.7177018100044804 0.27259258378659607 0.7261228929090194 0.39215269158742055
0 0.7910111018643534 0.4645363695692534 0.7829538476562499 0.3965937669270832 0.7272079469637713 0.39953192600366316 0.7352652011718749 0.4674745286458333
0 0.5439514913564242 0.9749035136998233 0.516232123046875 0.9061798658854165 0.2809014195439947 0.94836633720867 0.30862078785354385 1.0170899850230768