0 0.01683222963689895 0.403298329228243 2.789176587870854e-17 0.3979804852216749 -0.007101897483963931 0.4609157749081252 0.00973033215293499 0.46623361891469334
0 0.028584003434739977 0.28906737027914614 0.008386872612254459 0.2823047644628462 -0.0027392213344692626 0.37533671150983094 0.017457909488016256 0.3820993173261309
0 0.48698415149747104 0.07074964951123323 0.4435439927991595 0.05702550408203588 0.4361038876349362 0.12295791379310353 0.47954404633324776 0.13668205922230087
0 1.0479047273802107 0.4048329753009755 0.861123153419192 0.18946655066760873 0.7936666919668756 0.35325880904667895 0.9804482659278942 0.5686252336800457
0 0.36744212266928356 0.8622377290640397 0.3627850481615995 0.8453180047859676 0.22450004612365065 0.9518815763546797 0.22915712063133467 0.9688013006327518
0 0.34042154710500494 0.8559375582922827 0.3354255018007592 0.838050625084962 0.19823622865554466 0.9453320221674879 0.2032322739597905 0.9632189553748085
0 0.31470362315996075 0.8496554211822659 0.31090506388866274 0.8357965600666681 0.17512432580961723 0.9399907044334975 0.17892288508091528 0.9538495655490952
0 0.28044284052993124 0.8408634055829228 0.2764010687544439 0.8261225399996407 0.1414469793915603 0.9297198866995073 0.14548875116704763 0.9444607522827896
0 0.26029561432777243 0.8360853653530379 0.2566954369079094 0.8227573628352421 0.12454342397299996 0.922698987018323 0.128143601392863 0.9360269895361187
0 0.24130329931305203 0.8289850073891627 0.23749317364866748 0.8150030128734534 0.10041292787046124 0.9195854671592775 0.1042230535348458 0.9335674616749867
0 0.15769149018645734 0.8085543366174056 0.1315529763831148 0.7122629683908211 -0.017021850169320552 0.8251782046462164 0.009116663634021964 0.921469572872801
0 0.731214945961634 0.9425781989304459 0.7023818342119468 0.9336350392510223 0.6972321935044651 0.9801177280572867 0.7260653052541524 0.9890608877367103