0 0.24029963437034363 0.1673684593473828 0.0002692741657817181 0.16027692052138218 -0.002423413645068874 0.25141748126783037 0.23760694655949308 0.258509020093831
0 0.4627938819788273 0.006705326446717174 0.10628083659255723 -0.0038276110906560797 0.09870456003317789 0.25261000845176007 0.45521760541944795 0.2631429459891333
0 0.965174593754543 0.23885470164214273 0.45976269033383854 0.22615345846142645 0.45912631555141153 0.25147628595942356 0.964538218972116 0.26417752914013987
0 0.9944287734596452 0.16458664365004141 0.45963541666898505 0.15114703245983033 0.4579553799121767 0.21799959865308752 0.9927487367028367 0.23143920984329866
0 1.0006690977956414 0.0897421792672836 0.46139463409655734 0.07462528522030352 0.45949329890112084 0.142452810811517 0.9987677626002051 0.15756970485849708
0 1.0017054852130145 0.01374977304389092 0.5900199198227314 0.003403917525938586 0.588314434609717 0.07126912625288113 1.0000000000000002 0.08161498177083347
0 0.5390830197665363 0.004033435382334323 0.5234720052349591 -0.025769726475528814 0.45378886991969924 0.010730576519181042 0.4693998844512765 0.04053373837704418
0 0.029848494791666735 0.5379170677083334 7.089320876991311e-17 0.5379170677083334 7.956085043921915e-17 0.6794703984375 0.029848494791666746 0.6794703984375
0 0.07044320783058693 0.4567400759677172 0.00614305757437512 0.4451762086150369 -0.0014831279801541346 0.48758112922529667 0.06281702227605768 0.499144996577977
0 0.1549171510416667 0.2591145833333334 0.012613758504842079 0.24789291608433295 -0.0022441369328393876 0.43630778170314843 0.14005925560398524 0.44752944895214886
0 0.8247486234160215 0.7120900050168525 0.6030510504554017 0.6670715422770487 0.5891289304553933 0.7356323066085109 0.810826503416013 0.7806507693483145