0 0.5508113798076922 0.3581730769230769 0.5336881113533631 0.35574511104404816 0.5334876441725952 0.35715890906411984 0.5506109126269242 0.35958687494314867
0 0.5603350096153845 0.3537556826923077 0.5360689036595209 0.35031490920761177 0.5358684879807692 0.3517283437500001 0.560134593936633 0.3551691172346961
0 0.5656915288461539 0.34153778365384624 0.5414254232244219 0.3380970102165279 0.5412250071641609 0.3395104474495164 0.565491112785893 0.3429512208868348
0 0.5680722211538461 0.3361075673076924 0.5438061132435907 0.33266679319939096 0.5436056971153846 0.3340802307692309 0.56787180502564 0.3375210048775323
0 0.5710480456730769 0.3130584302884616 0.46712030048076925 0.31305843028846153 0.46712030048076925 0.3581730769230769 0.5710480456730769 0.358173076923077
0 0.4887576419105694 0.31032328121811287 0.46727032435723775 0.29572539467587655 0.4283943549862411 0.3529487671586878 0.4498816725395728 0.3675466537009241
0 1.0199683461447364 0.16631691709262017 0.971830177931407 0.11530370273222051 0.9518618317866703 0.1341466558319082 0.9999999999999998 0.18515987019230787
0 1.0206490832521324 0.24526162296704468 0.9431315092993587 0.1597569901225613 0.9209930384615383 0.17982748798076922 0.9985106124143119 0.2653321208252526
0 1.0216802050739193 0.3212489219790357 0.9034827315687036 0.19766754880331702 0.8818025264947842 0.2184032422088968 0.9999999999999998 0.34198461538461544
0 0.979199310096154 0.3581730769230769 0.8626198509615386 0.23058480048076913 0.8435741726285333 0.24798714292809898 0.9601536317631486 0.3755754193704068
0 0.9089869134615386 0.3581730769230769 0.8239132091346154 0.2705708028846155 0.8054308183300386 0.28851971423220063 0.8905045226569618 0.37612198827066207
0 0.7221336771579996 0.4525220039426043 0.5730652496344557 0.300187358261457 0.4455452475961538 0.4249731947115386 0.5946136751196978 0.5773078403926859
0 0.4534057379807692 0.7025470745192309 0.32145009892801213 0.5435070625500196 0.17981474556262766 0.6610220409154041 0.3117703846153847 0.8200620528846154