0 0.22068262259330174 0.3371777039678554 0.18416162245278908 0.28715011257799045 0.16785897956366116 0.31392783293355553 0.20437997970417385 0.3639554243234205
0 0.25031790901613293 0.30473918252122945 0.21278774187889113 0.25333098394165054 0.1906335138908981 0.2897214193169039 0.22816368102813991 0.34112961789648283
0 0.18046572908987435 0.27754475081794217 0.17048953512367684 0.2567353244064298 0.1480288018555824 0.2809629706359548 0.15800499582177988 0.30177239704746717
0 0.34990230861338384 0.20311432098178892 0.31234061597996393 0.15401847898872614 0.2961960214724149 0.18180985829751245 0.3337577141058348 0.23090570029057522
0 0.212391108084199 0.24821251527224075 0.16537668430940686 0.1862177924367957 0.14393598054273277 0.22280236198284586 0.19095040431752489 0.2847970848182909
0 0.3664862245205793 0.1859594498057008 0.3297246160865606 0.13858532703613893 0.31909847699657906 0.15713820714234716 0.3558600854305977 0.20451232991190904
0 0.3927666591744923 0.1561079529673749 0.35669113354546367 0.1066905788694657 0.34038848834779745 0.13346829899557547 0.3764640139768262 0.18288567309348466
0 0.3832214283854167 0.13547755078125004 0.3749107291666667 0.096390703125 0.3617644699621969 0.10267984841210667 0.3700751691809469 0.1417666960683567
0 0.31141905932397007 0.14775609177711635 0.26912776012776374 0.09422224984424993 0.2528757358668298 0.12310992519933553 0.29516703506303615 0.17664376713220195
0 0.332267895617123 0.1236017584374223 0.2938044002034076 0.0709151023119062 0.27750229043856356 0.09769287458180276 0.3159657858522789 0.15037953070731885
0 0.3607158443919894 0.09647973010562583 0.3196250619028812 0.04378994436284772 0.30345543726261975 0.07216262930032247 0.344546219751728 0.12485241504310057
0 0.3808339026838987 0.06936496546886947 0.34254581919912885 0.019627109710572604 0.3265302854576593 0.047366729525195495 0.36481836894242914 0.09710458528349236
0 0.8101479830729167 0.1925538769531251 0.7874270527459499 0.1527413095905945 0.7157644315930746 0.24476107728681473 0.7384853619200413 0.2845736446493453
0 0.79047221408342 0.04592428571682394 0.7281250818112333 -0.010268612651781805 0.701095587555321 0.057208344058670646 0.7634427198275079 0.1134012424272764
0 0.4136365263121435 0.8909148126989663 0.2891815469396242 0.811254096154606 0.27022407185605496 0.8778934965248668 0.3946790512285742 0.9575542130692272
0 1.0053379615928333 0.8145412149285294 0.9997946535225003 0.7580187199439254 0.9734917055557383 0.7638228165872032 0.9790350136260711 0.8203453115718071
0 0.97916665625 0.6363862265625001 0.927180928316463 0.45185397019261175 0.8943743770498186 0.47264877910463965 0.9463601049833558 0.657181035474528