0 0.06095151292030554 0.4649009159055842 4.163336342344337e-17 0.4517799453125 -0.01366582542030545 0.5152625001100408 0.04728568750000005 0.5283834707031251
0 0.2774609351196182 0.5181605050456678 0.16367705083389433 0.4899878689687278 0.1479963528625756 0.5533192064628555 0.26178023714829946 0.5814918425397955
0 0.15846006778183197 0.48869615688989443 0.06724496885059834 0.46611149982111105 0.051564269605624935 0.5294428370464241 0.14277936853685858 0.5520274941152075
0 0.5080483920435297 0.4560299887431257 0.34143125952164605 0.42016248794646766 0.30742683007812505 0.578125 0.47404396260000864 0.6139925007966581
0 0.5488666630517156 0.2910120766242873 0.4523675402922706 0.26711911074120304 0.4118142483343049 0.4309061063825408 0.50831337109375 0.454799072265625
0 0.511586692801481 0.20895581452188583 0.4457275519344969 0.1605746235624947 0.3082847123113837 0.3476693840758235 0.37414385317836774 0.39605057503521457
0 0.1198393445364648 0.10099524094151441 0.03722373828125001 0.083210662109375 -0.039111297661464754 0.43781367702723567 0.04350430859375004 0.4555982558593751
0 0.4152042483762756 0.13439226999657333 0.3222618247639494 0.11438464813441732 0.23954093678024657 0.4986521970484299 0.3324833603925728 0.5186598189105859
0 0.32302163242499454 0.09077564506046679 0.23007921003846518 0.07076802363792108 0.1427949877895054 0.47623386490983827 0.23573741017603478 0.49624148633238396
0 0.22865835780205895 0.057291512520402106 0.1377806646875337 0.03772836311643739 0.04722542630000563 0.4583892185933504 0.1381031194145309 0.4779523679973151
0 0.1826150886952184 0.04040761715810074 0.10092116379687902 0.02018038602795289 0.0841592547891606 0.08787853644797716 0.1658531796875 0.10810576757812501
0 0.09682706122685537 0.007113830375728436 0.055519258492977765 -0.0017784579364106996 0.03884553710987242 0.07567683473473588 0.08015333984375003 0.08456912304687501
0 0.4854198574218751 0.796228751953125 0.0427112890625001 0.796228751953125 0.042711289062500116 1 0.4854198574218751 1
0 0.07916030529607765 0.7485426337538474 0.024908058593750115 0.6805946113281252 -0.0008251331801922279 0.7011409557060555 0.053427113522135306 0.7690889781317778
0 0.3670937109375001 0.578125 0.03532900781250008 0.578125 0.035329007812500084 0.70345567578125 0.3670937109375001 0.70345567578125
0 0.638095873046875 0.644830640625 0.5390625 0.644830640625 0.5390625 0.79033341796875 0.638095873046875 0.79033341796875