0 0.365065308518117 0.7638059822402655 0.3593749999949525 0.7397439101349061 0.28254901336968724 0.7579120697422784 0.28823932189285173 0.7819741418476378
0 0.2771018525150839 0.776698405864284 0.2669939027282026 0.6791560931491748 0.22966995720064554 0.6830238358419559 0.23977790698752688 0.7805661485570651
0 0.16534871060005996 0.8018029492712725 0.1429286533876106 0.6512838382119029 0.0568363351769478 0.6641074237768889 0.07925639238939713 0.8146265348362585
0 0.2647222427363225 0.6589621941626491 0.25429029786003865 0.5582981182029609 0.2164353165432994 0.562221077556873 0.22686726141958322 0.6628851535165612
0 0.14378006056447257 0.6559227466893475 0.12434715393804338 0.5254627665477205 0.06763296376925795 0.5339107332019166 0.08706587039568715 0.6643707133435436
0 0.24900914700826468 0.5285103781420655 0.2457656873271127 0.459076637724353 0.20632858946264654 0.46091886365220186 0.2095720491437985 0.5303526040699144
0 0.033235441034989495 0.5607264899696842 0.02458590332010254 0.49828160703359925 0.012419373662142803 0.49996685091889126 0.021068911377029757 0.5624117338549762
0 0.33787075484169155 0.42282167571455426 0.3258787973944214 0.30709858686577457 0.23937876133398792 0.31606226699169604 0.25137071878125805 0.4317853558404757
0 0.9527408813200554 0.77142114357642 0.9473582347164482 0.7308470268018205 0.901646542849518 0.7369112347879004 0.9070291894531252 0.7774853515625
0 0.7188444981311208 0.7924911914810487 0.6513667057784938 0.4402821697038811 0.3324208236672641 0.5013872597899699 0.3998986160198912 0.8535962815671375
0 0.07175620703125013 0.80859375 7.640467872744618e-7 0.8083596036447548 -0.00006885509383773233 0.8296947735666298 0.07168658789062513 0.829928919921875
0 0.6126310332031253 0.9748640859375 0.5586467792968752 0.9748640859375 0.5586467792968752 1 0.6126310332031253 1