0 0.21923080495774672 0.6383099762648634 0.2145643098430712 0.5794657222779973 0.18701470362289457 0.5816504742992632 0.19168119873757009 0.6404947282861293
0 0.74869089453125 0.3602784472656251 0.6812163525693311 0.3482531012831474 0.6798947379245979 0.35566871684493484 0.7473692798865168 0.36769406282741257
0 0.6649060859375 0.34279589257812504 0.6005206038293049 0.33132108024653184 0.59963952734375 0.33626482421875004 0.6640250094519451 0.34773963655034335
0 0.5863246855468751 0.3287910781250001 0.48719120053927434 0.3111234556429966 0.4863101237527745 0.3160672001957229 0.5854436087603753 0.33373482267772636
0 0.4796970344290828 0.3046864208640325 0.4475046207580458 0.2989490721145094 0.4466234315881134 0.3038934475602691 0.4788158452591504 0.30963079630979223
0 0.7517841796874999 0.348076505859375 0.6844876521870752 0.33608288500171 0.6831659246925212 0.3434991333341286 0.7504624521929459 0.3554927541917936
0 0.667999373046875 0.33059395117187507 0.6036138451406764 0.3191191310281621 0.6027326558525026 0.3240635080897447 0.6671181837587011 0.33553832823345775
0 0.5898585129576961 0.3141172639629611 0.490546925978127 0.2964179052906158 0.4892251987748496 0.3038341528813628 0.5885367857544187 0.321533511553708
0 0.48296822070312506 0.29251683789062505 0.4505977950730109 0.2867477657763654 0.44971671875 0.29169150976562513 0.4820871443801142 0.2974605818798848
0 0.897488822265625 0.36129148828125013 0.8332806059238909 0.34984826619137854 0.8323994167841406 0.3547926413401531 0.8966076331258748 0.3662358634300247
0 0.75196630859375 0.3353563906250001 0.6875807806875515 0.3238815704812871 0.6866995913993776 0.32882594754286976 0.7510851193055762 0.3403007676865828
0 0.6710924999999999 0.31839263671875007 0.6067069745587386 0.3069178147003273 0.6058257851562501 0.31186219140625004 0.6702113105975114 0.3233370134246728
0 0.9773074082031249 0.3704160253906251 0.9449369843531163 0.36464695394557534 0.9440559080828722 0.36959069794036714 0.9764263319328808 0.3753597693854168
0 0.5929516416048143 0.30191594957480583 0.49364005585521503 0.2842165870825369 0.4923183281250001 0.2916328359375001 0.5916299138745993 0.309332198429769
0 0.4860615078125001 0.2803148964843751 0.45369103572449065 0.2745458184171806 0.45280984692138176 0.2794901955296183 0.48518031900939124 0.2852592735968127
0 0.9039327453921919 0.3471369669130111 0.8397245740363977 0.3356937562946959 0.8384029596258067 0.3431093713149852 0.9026111309816011 0.35455258193330036
0 0.781872576171875 0.3253833417968751 0.682561033421287 0.3076839891495066 0.6816799569070581 0.3126277331187187 0.780991499657646 0.33032708576608716
0 0.6741856328125 0.30619132226562507 0.6098001504284601 0.29471650827090573 0.6089190741586236 0.29966025033737126 0.6733045565426634 0.3111350643320906
0 0.596841580078125 0.28730560156250007 0.497529991939879 0.26960624241405 0.4962082645911603 0.27702249070790463 0.5955198527294063 0.29472184985635463
0 0.985167478515625 0.35141247070312503 0.920603149484162 0.33990578399179555 0.919281421875 0.34732203320312505 0.983845750906463 0.35882871991445453
0 0.9070259869945247 0.33493501598085207 0.8426397597861254 0.3234600732408742 0.8413180325434714 0.3308763220607106 0.9057042597518707 0.34235126480068845
0 0.78496586328125 0.3131814003906251 0.6856542751430043 0.2954820412421751 0.6847730858773736 0.30042641830612127 0.7840846740156193 0.31812577745457127
0 0.6777194557819822 0.29151751174798446 0.6133339284952842 0.28004268920823616 0.6120122011718749 0.2874589355468751 0.6763977284585729 0.2989337580866234
0 0.491451112836583 0.25832066996949804 0.4590806443087872 0.2525515911372014 0.4577589174128545 0.2599678390566458 0.4901293859406503 0.26573691788894244
0 0.6001971910358255 0.2726006868074399 0.5010637064020308 0.25493306420701506 0.49974209179687507 0.26234867773437504 0.5988755764306697 0.28001630033479985
0 0.988260607421875 0.3392111562500001 0.92387438085019 0.3277362110473012 0.9225527661902879 0.3351518264972907 0.9869389927619729 0.3466267716999895
0 0.87828216015625 0.3170597031250001 0.8488219468835184 0.3118092908844005 0.8479407578124999 0.31675366796875004 0.8774009710852315 0.3220040802093496
0 0.724647470703125 0.2871284687500001 0.6891879415935616 0.280808854508363 0.6878662148437501 0.28822509960937504 0.7233257439533135 0.29454471385101216
0 0.6809906406249999 0.27934792578125006 0.6164270571683241 0.26784137249060547 0.615105329740754 0.2752576210336236 0.6796689131974298 0.28676417432426815
0 0.49454424496273447 0.24611935497568543 0.4623518287331795 0.24038200982761795 0.46103010195864713 0.24779825852268292 0.4932225181882021 0.2535356036707504
0 0.6034684869912837 0.2604304679430173 0.5041569483059148 0.24273111475660236 0.5028352207031251 0.2501473632812501 0.602146759388494 0.267846716467665
0 0.9940860963128592 0.32749615087258843 0.9269676227071141 0.3155342615672091 0.925645895512003 0.3229505074121828 0.9927643691177481 0.334912396717562
0 0.884286291015625 0.3053771894531251 0.8519151214570785 0.2996079829391619 0.8510340449218751 0.3045517265625001 0.8834052144804215 0.31032093307646325
0 0.4976373742268144 0.23391803993110147 0.46544500607692973 0.22818070006442864 0.4641233913014421 0.2355963160804792 0.4963157594513268 0.24133365594715203
0 0.997357283203125 0.3153265683593751 0.9300607514086012 0.30333294743629136 0.9291795625 0.3082773222656251 0.9964760942945238 0.32027094318870875
0 0.689468560546875 0.2579041015625001 0.6252611356056109 0.24646102070833525 0.6243800589804452 0.25140476461775974 0.6885874839217093 0.2628478454719246
0 0.766377794921875 0.26650948046875006 0.6990812670840791 0.25451585955095857 0.6977595395539091 0.2619321080832199 0.765056067391705 0.2739257290010114
0 0.6104514433593753 0.23361943750000008 0.5111399003350816 0.21592008604244087 0.5102588238813789 0.22086383001799864 0.6095703669056726 0.23856318147555786
0 1.0008811889084566 0.29810060460465027 0.9693165436613239 0.29247513477182774 0.9684353535156248 0.2974195136718751 0.9999999987627574 0.30304498350469755
0 0.6931804433593749 0.24326202148437506 0.6286168600087056 0.23175546783944628 0.6272951325390559 0.23917171637805273 0.6918587158897251 0.2506782700229815
0 0.801485982421875 0.2600139062500001 0.7021743960122555 0.24231454510013234 0.70129320703125 0.24725891992187504 0.8006047934408694 0.26495828107174274
0 0.6106337285156248 0.22089869921875005 0.5142331420610684 0.20371813884542106 0.513351953125 0.20866251367187505 0.6097525395795564 0.225843074045204
0 0.50876804296875 0.2027441464843751 0.44511223029071856 0.18883913449823286 0.443501326171875 0.1962136992187501 0.5071571388499065 0.2101187112048923
0 1.0008810763505094 0.28534800826805135 0.9753199725502265 0.2807924961933985 0.9744388961997172 0.28573623987847235 1 0.2902917519531251
0 0.696273572265625 0.2310607070312501 0.6318880904576545 0.21958589080838548 0.6305663625596929 0.227002139215024 0.6949518443676634 0.23847695543788858
0 0.804579111328125 0.24781258789062507 0.7081785720419941 0.23063203788404305 0.707297495636126 0.23557578186461586 0.8036980349222569 0.2527563318711979
0 0.6164597582869346 0.2091844437898534 0.5173262734518255 0.19151682217596305 0.5164450839843749 0.19646119921875005 0.615578568819484 0.2141288208326404
0 0.5123017077991024 0.1880709607786793 0.4479161826016294 0.17659613781735903 0.446594455078125 0.18401238476562504 0.5109799802755981 0.1954872077269453
0 1.0008810765891516 0.27259543413715354 0.9784131020434829 0.26859117987344705 0.977532025390625 0.2735349238281251 0.9999999999362937 0.2775391780918316
0 0.6998073518526244 0.2163868863733549 0.6354218723028082 0.20491207180554638 0.6341001445312501 0.21232832031250015 0.6984856240810663 0.22380313488030865
0 0.9363504785156249 0.2559933359375001 0.9068895194487329 0.2507427889626849 0.906008330078125 0.25568716601562513 0.935469289145017 0.26093771299044033
0 0.5852454672868884 0.18831845814256554 0.520859985576503 0.1768436442723071 0.51953837109375 0.18425925781250002 0.5839238528041354 0.19573407168275841
0 0.5155728945312501 0.17590137695312508 0.45100935866345043 0.16439482982338338 0.44968774414062507 0.17181044335937506 0.5142512800084248 0.18331699048911673
0 1.000881189266132 0.254741458123805 0.9507292187735301 0.24580334756755312 0.9498480292968751 0.2507477246093751 0.999999999789477 0.25968583516562704
0 0.93944360546875 0.2437920195312501 0.9099826474125753 0.23854147436124468 0.9091014583697593 0.24348585110487625 0.9385624164259341 0.24873639627488167
0 0.8155317265625 0.21660696093750012 0.716220882651291 0.1989077326574847 0.715339693359375 0.2038521093750001 0.8146505372705839 0.2215513376550155
0 0.707845525390625 0.1974150722656251 0.640548997496578 0.18542145295138623 0.6392272701886392 0.19283770123445712 0.7065237980826862 0.20483132054869596
0 1.001321614713912 0.23951699001040294 0.9573512445031824 0.23168056853290622 0.9560296297892706 0.23909618399125343 1 0.24693260546875015
0 0.9460655878906252 0.22966923242187515 0.9136944172896794 0.22390003002379386 0.9123728033625499 0.2313156460746229 0.9447439739634957 0.2370848484727042
0 0.7080276542968749 0.18469495703125002 0.6436421268761023 0.1732201350100609 0.6427609375000001 0.17816451171875006 0.7071464649207726 0.1896393337399392
0 0.6234468946761305 0.16962093383005042 0.5270463543851519 0.15244037965159343 0.525724626953125 0.15985662695312508 0.6221251672441036 0.17703718113158207
0 0.5159387968750001 0.15046078515625008 0.45137446676191184 0.13895409968451744 0.4500527397718859 0.14637034634503937 0.5146170698849741 0.15787703181677198
0 0.8161551351420603 0.2014151093276974 0.7199326070621667 0.1842662794869178 0.7186108798081972 0.19168252531767477 0.8148334078880908 0.20883135515845438
0 0.7111207832031249 0.17249364062500006 0.6467352991154218 0.16101882829064074 0.6458542226562499 0.16596257226562505 0.710239706743953 0.17743738459998437
0 0.6267181250000001 0.15745135742187508 0.5301394835280536 0.14023906329491037 0.5288177558593748 0.14765531250000005 0.6253963973313214 0.16486760662696479
0 0.5190319257812499 0.13825946875000006 0.4544676005087709 0.1267527816160356 0.4531458730468751 0.13416902929687505 0.5177101983193542 0.1456757164308395
0 0.8221585204444055 0.1897324574740604 0.7230257793079493 0.1720649708150502 0.7217041645512882 0.17948058663425875 0.8208369056877444 0.19714807329326894
0 1.0008810760513716 0.21903409806574992 0.962300316088421 0.21215821636045032 0.9614192400370493 0.2171019581384505 0.9999999999999999 0.2239778398437501
0 0.953924912109375 0.2106655468750001 0.8893613743485768 0.19915899940788725 0.8880397594902679 0.20657461482628564 0.9526032972510662 0.21808116229339852
0 0.6298112539062498 0.14525004101562505 0.5305004593095485 0.12755082082578667 0.5296193827523734 0.13249456479049618 0.6289301773490747 0.15019378498033456
0 0.5221250566406249 0.12605815234375004 0.4575607275094583 0.11455146596564232 0.45623900000000006 0.12196771484375006 0.5208033291311667 0.13347440122185777
0 0.822519609375 0.1770435839843751 0.7261190210274449 0.159863023273675 0.72523783203125 0.16480739843750014 0.8216384203788052 0.18198795914820026
0 0.7146545614107441 0.15781981982865897 0.6504471358196193 0.14637674195255806 0.6491254085628804 0.15379299004661956 0.7133328341540052 0.16523606792272047
0 1.000881189176096 0.2062808897312848 0.9683038140451008 0.20047493343505235 0.9674226248690047 0.20541930932876762 0.9999999999999999 0.2112252656250001
0 0.95701819921875 0.19846360546875008 0.8926326713125514 0.18698878532503715 0.8917514820243775 0.19193316238661978 0.956137009930576 0.20340798253033274
0 0.6329043828125 0.13304872656250005 0.5365038442165506 0.11586817205943396 0.535182229686473 0.12328378559466531 0.6315827682824224 0.1404643400977314
0 0.5252181855468748 0.11385683789062503 0.4608319569091731 0.10238189301976525 0.4599508804618774 0.10732563699599468 0.5243371090995791 0.11880058186685447
0 0.825612736328125 0.16484226953125009 0.7292121523580753 0.14766170694158806 0.7283309628906248 0.15260608398437506 0.8247315468606745 0.16978664657403708
0 0.7206586937500156 0.14613730498404126 0.6535402649573853 0.13417542635678695 0.6526590759325063 0.1391198021243547 0.7197775047251366 0.15108168075160902
0 1.0008811889932085 0.19352831544520768 0.9713969426999123 0.18827361929924102 0.9705157537067038 0.19321799526028346 1 0.19847269140625012
0 0.963022330078125 0.18678108984375008 0.8993657692272785 0.17287594777228515 0.8977548691406249 0.18025051171875006 0.9614114299914713 0.194155653790215
0 0.6359976718749999 0.12084678515625005 0.5370429863281249 0.10321103125000006 0.5361617968976238 0.10815540864753029 0.6351164824444988 0.12579116255378028
0 0.52831147265625 0.10165489843750006 0.46392520077198773 0.09017994354520532 0.46304401171875004 0.09512431835937507 0.5274302836030124 0.1065992732516698
0 0.7239299218749999 0.13396773046875005 0.6566334398340519 0.12197411736295705 0.6557523632812501 0.12691786132812508 0.7230488453221982 0.1389114744339181
0 0.8320566616074275 0.15068774717734074 0.7327458642234834 0.1329885290107498 0.7314242495662727 0.14040414501178092 0.8307350469502168 0.15810336317837184
0 1.0013216128982116 0.17830384058886076 0.9749306506747429 0.17360043960135585 0.9736090377765313 0.18101605994999523 1 0.18571946093750014
0 0.9665559979406009 0.17210789870539983 0.9021697701855061 0.16063295671493288 0.9008481553246068 0.1680485755049079 0.9652343830797016 0.17952351749537485
0 0.6420018007812501 0.10916426953125007 0.5426902166792001 0.09146490844329885 0.54180902734375 0.09640928515625008 0.6411206114458 0.11410864624420129
0 0.5320231972656251 0.08701344140625004 0.46745885941331483 0.07550678417524444 0.46613713530559275 0.08292303375366825 0.530701473157903 0.09442969098467385
0 1.0008811890464726 0.16802251273044103 0.9804936165236284 0.16438902979870368 0.9796124274771559 0.16933340574013783 1.0000000000000002 0.17296688867187518
0 0.9698273417968751 0.15993769531250007 0.9052630120008436 0.14843100996878675 0.9039412846815104 0.15584725852315268 0.9685056144775419 0.167353943866866
0 0.8430042988281251 0.13223446289062507 0.8106338737436184 0.12646538706900584 0.8093122587709427 0.1338810009015094 0.8416826838554494 0.13965007672312865
0 0.5320280110786694 0.0742617267769018 0.4678198420468502 0.06281851452095266 0.4664982275063679 0.070234128940416 0.5307063965381871 0.08167734119636515
0 0.8460975859375001 0.12003252148437515 0.7496970018897332 0.10285195923024004 0.7488158125 0.1077963359375001 0.8452163965477668 0.12497689819163521
0 0.738411388671875 0.10084063281250008 0.6740258610002439 0.08936581039657966 0.673144671875 0.09431018554687509 0.7375301995466311 0.10578500796279551
0 0.9776866660156249 0.1409340078125001 0.9162106522568989 0.1299777209465305 0.9153294628906249 0.1349220976562501 0.9768054766493509 0.14587838452221968
0 0.6517170683593749 0.08283954101562507 0.5871527387684708 0.07133285617401197 0.5858310115016317 0.07874910473388147 0.6503953410925358 0.09025578957549457
0 0.84919071484375 0.1078312031250001 0.7527901302612064 0.09065064469629218 0.7519089406713813 0.09559502365461833 0.8483095252539248 0.11277558208332625
0 0.7415045175781251 0.08863931640625011 0.6771189897584392 0.07716449592793238 0.6762378004438789 0.08210887298674863 0.7406233282635648 0.09358369346506636
0 0.9836900546874999 0.12925136132812515 0.9193037808237265 0.11777640643306403 0.918422591796875 0.1227207812500001 0.9828088656606484 0.13419573614506122
0 0.6548101972656251 0.07063822656250009 0.590245868234162 0.059131539851170575 0.5889241406249999 0.06654778906250007 0.6534884696564629 0.07805447577382958
0 0.8290003027343749 0.09148028320312511 0.7646148206261799 0.08000547087153183 0.763733744140625 0.08494921484375012 0.82811922624882 0.0964240271753434
0 0.7452162714843749 0.0739977382812501 0.6808307717944038 0.06252292085223574 0.6795091346576724 0.06993866127544354 0.7438946343476435 0.08141347870445789
0 0.657903359375 0.05843678710937508 0.5935171153243568 0.04696183914159052 0.5921954783673715 0.05437757992731812 0.6565817224180148 0.06585252789510268
0 0.9872237849681751 0.11457785613302965 0.9230156058629901 0.10313464283822929 0.9216939121929589 0.11055070174592435 0.9859020912981439 0.12199391504072471
0 0.8325340326800161 0.07680678437593669 0.7681485338447632 0.06533196637106733 0.76682683984375 0.07274802539062511 0.8312123386790029 0.08422284339549446
0 0.748309447265625 0.061796234375000106 0.6839239449724969 0.05032141844603809 0.6830428125000001 0.05526547656250011 0.7474283147931282 0.06674029249146213
0 0.9934052890624999 0.10292675781250014 0.9261087785317862 0.09093314032912429 0.925227634645372 0.09587726239349237 0.9925241451760858 0.10787087987686822
0 0.83580528125 0.06463701367187509 0.771241705930109 0.053130463800792435 0.7699200012182564 0.060546586154618304 0.8344835765381474 0.07205313602570096
0 0.751402625 0.04959473242187509 0.684462998046875 0.037664718750000076 0.6835818541490994 0.04260884081317702 0.7505214811022244 0.05453885448505204
0 0.9964984511718749 0.09072531835937513 0.9292019434898894 0.07873169977012391 0.928320810546875 0.08367575976562515 0.9956173182288605 0.09566937835487636
0 0.8844111796875 0.052895201171875086 0.8549509859077602 0.04764479078064661 0.8540698417968748 0.0525889140625001 0.8835300355766147 0.05783932445372858
0 0.8301725098106452 0.03812772955962543 0.7337712014337995 0.020947038228451675 0.7324495078125 0.028363095703125105 0.8288508161893456 0.04554378703429886
0 0.8875043398437499 0.040693761718750096 0.8580441510751953 0.03544335024359306 0.857163017578125 0.040387412109375076 0.8866232063466796 0.04563782358453211
0 0.7099675136718749 0.009053058593750066 0.6314293082519373 -0.0049440583543997885 0.6305481757025916 4.4135503585174263e-10 0.7090863811225292 0.01399711738950489
0 0.8801810209459198 0.7714097830699069 0.657824618892551 0.7189574591522505 0.6248488939121483 0.8587484734313252 0.8472052959655171 0.9112007973489816