0 0.01016025976562504 0.3632574110576923 3.614503958961652e-17 0.3632574110576923 4.065884575177419e-17 0.45398485576923076 0.010160259765625046 0.45398485576923076
0 0.06660381991021408 0.4218897928076659 0.04212320810014395 0.2149147404242561 -0.0021749003782447034 0.222851490579686 0.022305711431825418 0.42982654296309586
0 0.1289278761138411 0.3865296378198906 0.10358942391229824 0.1792577318721729 0.057926355638473176 0.18771359592873285 0.08326480784001603 0.39498550187645054
0 0.10256206339597607 0.17500993114845048 0.10193919636315839 0.16821134326178783 0.08843671104742733 0.17008523114628546 0.089059578080245 0.1768838190329481
0 0.18405693702238607 0.36095742486564186 0.1557935300475356 0.12975902757247787 0.10967905284343264 0.1382984843188191 0.13794245981828313 0.36949688161198313
0 0.23930772908663323 0.3301449062344775 0.21514327034457204 0.13520601654063255 0.16950495634286755 0.14377563401329138 0.19366941508492874 0.3387145237071364
0 0.6252879496843808 0.23751731736836534 0.46874999999999994 0.1914726658653847 0.44564923017521935 0.3104379276038199 0.6021871798596004 0.35648257910680053
0 0.4687500000000001 0.6040187379807693 0.4366769335937501 0.6040187379807693 0.4366769335937501 0.7338028149038462 0.4687500000000001 0.7338028149038462
0 0.23451436268181214 0.6189819215559507 0.23416585305457216 0.547594342072234 0.16875095126870795 0.548078093296598 0.16909946089594793 0.6194656727803147
0 0.616919421875 0.5480769230769231 0.5780372102659623 0.5115184370335457 0.5397182070312501 0.5732532620192309 0.5786004186402878 0.6098117480626083
0 0.80712329296875 0.6405668870192307 0.6695674203504994 0.5172223997807228 0.59838496875 0.6374725408653847 0.7359408413682506 0.7608170281038926