0 0.12253230603702119 0.02075509522488013 0.09682120312499998 0.018495818359375013 0.09445001297339546 0.07921139891574489 0.12016111588541667 0.08147067578125
0 0.0930989853009232 0.014712232067934872 0.06610240885416667 0.012339998046875012 0.06372937146991015 0.07310286558831518 0.09072594791666666 0.07547509960937503
0 0.29947304776333233 0.015240494622257144 0.27376194474244425 0.012981219209467315 0.27013593213536197 0.10582725388408523 0.29584703515625005 0.10808652929687507
0 0.2715033437522273 0.012650440956895735 0.21599784635416666 0.005700878906250043 0.21063706889670672 0.10203693409338331 0.26614256629476735 0.108986496144029
0 0.21092178496562553 0.0035549595389587803 0.1556428308420236 -0.001302488443768424 0.15217307712639808 0.08754247779852284 0.20745203125 0.09239992578125004
0 0.15299013753390814 0.0005648406663930506 0.12599323289038677 -0.0018074205602150398 0.12269102849331963 0.08274731417873259 0.149687933136841 0.08511957540534068
0 0.1220529921875 2.0816681711721685e-17 0.11433949680893601 -0.0006777977701703884 0.11385695514226934 0.01167793269857961 0.12157045052083333 0.01235573046875002
0 0.08979916146722801 0.00011295609894638754 0.0414948853925571 -0.004131605658407221 0.041173680956579105 0.004093031992646409 0.08947795703125001 0.008337593750000018
0 0.6994236659733742 0.5834600698282887 0.599888244414206 0.5773378029599678 0.5996991366739234 0.5842554313272784 0.6992345582330916 0.5903776981955993
0 0.5820188639198913 0.5739291105180884 0.539851079051192 0.5713354554576537 0.5395989421457669 0.580558780344658 0.5817667270144662 0.5831524354050927
0 0.5320124480671585 0.5708533119678066 0.48236443112224386 0.5677995411357101 0.48211229295091873 0.5770228463554036 0.5317603098958333 0.5800766171875001
0 0.90337824609375 0.49668760156250025 0.8515981024787482 0.48742573582210447 0.8434561406250002 0.5898437500000001 0.8952362842400019 0.599105615740396
0 0.8434607617187502 0.49069261523437524 0.7275690268700571 0.4801419174005763 0.7235620976785038 0.5791716177260943 0.8394538325271969 0.5897223155598932
0 0.7234437526041667 0.4810010000000001 0.6060558137135827 0.4737806508342846 0.6033453392781084 0.5729307404227766 0.7207332781686925 0.5801510895884922
0 0.6060396184895834 0.47147009960937514 0.4860388015369897 0.46408903751674824 0.4833913580729167 0.560933447265625 0.6033921750255103 0.5683145093582519
0 0.48061347656250003 0.4637553339843751 0.36427033575498685 0.4523010181980546 0.3599473399972999 0.551096926695873 0.476290480804813 0.5625512424821935
0 0.49607165625 0.33536274609375005 0.36123546007722857 0.3198147267671329 0.3547429551904389 0.4465000266371721 0.48957915136321034 0.46204804596378923
0 0.6190455051979606 0.33631828616840626 0.49931003970412907 0.32592303760308394 0.4942267083333333 0.45766340429687513 0.6139621738271649 0.4680586528621974
0 0.7373854088541667 0.33865661914062506 0.6210379835368164 0.32606796465464005 0.6142437200520834 0.4673550175781251 0.7305911453694338 0.47994367206411015
0 0.8578315396690651 0.34144596235719893 0.7382892161270543 0.3340930966756704 0.734381078906122 0.4770540325582661 0.8539234024481329 0.48440689823979466
0 0.9208470000000001 0.3430123886718752 0.8664780050630257 0.33328746667113107 0.8544617877604167 0.48444001367187517 0.908830782697391 0.4941649356726193
0 0.12904668010695772 0.7294083005908457 0.0507895989583334 0.7148569433593749 0.04857152432012574 0.7416967150341542 0.12682860546875008 0.7562480722656251
0 0.21368814375650266 0.7383538781397337 0.16578743229166673 0.72691908984375 0.16383043807264527 0.7453643972026458 0.21173114953748118 0.7567991854986296