0 0.66540509375 0.3701923076923078 0.55029296875 0.37019230769230776 0.55029296875 0.4606371538461539 0.66540509375 0.460637153846154
0 0.7159425625 0.3323320000000001 0.6766355625 0.3323320000000001 0.6766355625 0.5363583076923079 0.7159425625 0.5363583076923079
0 0.5853635939286155 0.3219988609027331 0.5657782190222018 0.3193846969453258 0.5573858513274519 0.3822605036400095 0.5769712262338654 0.3848746675974168
0 0.5312081973486598 0.3202204971860738 0.4584277503912176 0.3108188095615253 0.4410195168345049 0.4455796173646804 0.513799963791947 0.4549813049892289
0 0.7159425625 0.254507076923077 0.7131351250000001 0.254507076923077 0.7131351250000001 0.31550507692307705 0.7159425625 0.31550507692307705
0 0.8221153846153846 9.43507930593093e-17 0.71875 8.802148868871601e-17 0.71875 0.06971184615384624 0.8221153846153846 0.06971184615384625
0 0.7127115384615386 0.7630216346153849 0.6695488615875245 0.7475222927022982 0.5788863125 1 0.6220489893740141 1.0154993419130867
0 0.6519759615384615 0.745658653846154 0.6059317745814423 0.7294577129653308 0.5107397451923077 1 0.556783932149327 1.0162009408808232
0 0.593998845524385 0.7276417389368467 0.55793754075412 0.7146169894608276 0.4548618966346155 1 0.49092320140488044 1.013024749476019
0 0.5170450627559818 0.6999549587031253 0.47977365142593054 0.6864998630604772 0.3665991250000001 1 0.4038705363300513 1.0134550956426482
0 0.4723421396419667 0.68492469501086 0.43685576923076924 0.6718485576923077 0.3161421855697676 0.9994443024524777 0.35162855598096504 1.0125204397710301
0 0.4264266357559734 0.6632457469670399 0.38950291047849295 0.649802565955216 0.2620031129807694 1.0000000000000002 0.2989268382582498 1.0134431810118243
0 0.2371009615384616 0.5384615384615384 6.594251995408825e-17 0.5384615384615384 9.420359993441177e-17 1 0.23710096153846164 1
0 0.8426274038461539 0.964423076923077 0.7733966346153844 0.8233966346153847 0.7476640290913331 0.8360289328254974 0.8168947983221024 0.9770553751331896
0 0.7533971153846154 0.7731403846153846 0.71875 0.703846153846154 0.694954789423077 0.7157437591346155 0.7296019048076924 0.7850379899038462