0 0.2349776508789063 0.061195589414595075 0.19010703322970623 0.04733437705342616 0.1821061447952595 0.11719396870300189 0.22697676244445955 0.13105518106417083
0 0.18615542333984378 0.05648640497193266 0.1412848068466955 0.04262518878583483 0.13323423405565796 0.11291857715777234 0.17810485054880623 0.12677979334387018
0 0.135896966796875 0.05163868644747396 0.08787759796476238 0.04700694100583023 0.08659559151065818 0.08285692563911176 0.13461496034277076 0.08748867108075549
0 0.08760052197265626 0.029659700080192492 0.06937192341267787 0.02402860962630614 0.0648423519857729 0.063578463867881 0.0830709505457513 0.06920955432176736
0 0.1406536477509144 0.002800321310073136 0.09449625645912862 -0.0016518335516579252 0.094021439453125 0.011625909382518061 0.14017883074491078 0.016078064244249124
0 0.2687506298828125 0.007161886126704142 0.24631531727471484 0.00023127976542729664 0.23234308203125004 0.12222957979149965 0.2547783946393477 0.1291601861527765
0 0.24146742529296872 0.004530263031275109 0.19148263050644007 -0.00029105924794733994 0.1895833661286729 0.05281990315706666 0.23956816091520156 0.057641225436289106
0 0.1926247060546875 3.6406367169838986e-17 0.1393727548828125 3.1051115565331236e-17 0.1393727548828125 0.052532931836407414 0.1926247060546875 0.05253293183640743
0 0.14036987168042744 0.018761191146913856 0.09154727746679178 0.0140519699284551 0.09050268209967158 0.04326299873523612 0.13932527631330724 0.04797221995369487
0 0.9177677151885072 0.2325740539070502 0.9096007509786564 0.173256479640254 0.6796205938759767 0.25866370904570657 0.6877875580858275 0.3179812833125028
0 0.3606082120555351 0.7716892050628427 0.34445432929758824 0.7409126284381672 0.3141142708677038 0.7838662737615315 0.3302681536256507 0.814642850386207
0 0.20921534408941433 0.7857800436153222 0.18512254948067808 0.7433408028197264 0.14725410869606687 0.8013269152716274 0.17134690330480312 0.8437661560672232
0 0.2740484397218341 0.6045890763020785 0.22323848182575942 0.563661856128902 0.17638952925609325 0.7205403713864951 0.22719948715216792 0.7614675915596716
0 0.6990466327478101 0.7024109377347302 0.6899617366103106 0.5917921275350072 0.6688084111328126 0.5964780665597433 0.6778933072703122 0.7070968767594663