0 0.15946380043154276 0.4596683519936158 0.0011544522539241875 0.4146097878326808 -0.024128300441851186 0.5034385415654559 0.1341810477357674 0.5484971057263908
0 0.6447036196161026 0.21032330068835312 0.6068396207505138 0.16960280219946985 0.5105534728813697 0.2591345792891948 0.5484174717469583 0.29985507777807807
0 0.5809970012824268 0.14792898532993853 0.502533540949062 0.0688959541241721 0.40773853288948164 0.16300779876946764 0.48620199322284646 0.24204082997523407
0 0.6989973137887093 0.8744647130903359 0.6726069453125001 0.862475587890625 0.6663401604082675 0.8762699857327487 0.6927305288844767 0.8882591109324596
0 0.8202609921875001 0.8926570078125 0.7916894152045968 0.8854649324961086 0.7880932089843751 0.8997513906250002 0.8166647859672784 0.9069434659413916
0 0.7284280254671416 0.7937672629941164 0.7020375722656249 0.7817758613281249 0.6957688156192117 0.795572024071806 0.7221592688207283 0.8075634257377975
0 0.842498671250656 0.8405300607705188 0.8139257545305945 0.8333376501669816 0.8103296164830638 0.847623841349588 0.8389025332031254 0.8548162519531253
0 0.7191641475766679 0.8221204555704986 0.6927731308593751 0.8101287988281252 0.6865043749618485 0.8239249610467835 0.7128953916791414 0.8359166177891569
0 0.8340102113946524 0.8026011167298459 0.7336570253906249 0.7599614921875001 0.7279650718084727 0.7733576156920294 0.8283182578125001 0.8159972402343751
0 0.7560250605468752 0.8461054785156252 0.7341188641830148 0.8369421472911788 0.7003142675781251 0.9177566582031251 0.7222204639419856 0.9269199894275716
0 0.8313801660156251 0.8665944726562502 0.80280765234375 0.8594004531250001 0.7992107101052157 0.8736864417633443 0.827783223777091 0.8808804612945943
0 0.7715519090937766 0.85810279696161 0.7574425750616902 0.8525383855724866 0.7288441288585389 0.9250536979858768 0.7429534628906252 0.9306181093750001
0 0.8057111790094893 0.8142691975746277 0.7451124375 0.79049217578125 0.7390418288030107 0.8059638883628722 0.7996405703125 0.8297409101562501
0 0.8604285058497341 0.7907295218392363 0.7219839804687501 0.7315014355468751 0.7154782555376777 0.7467084438553253 0.8539227809186617 0.8059365301476865
0 0.7101167754671416 0.8484025129941164 0.6837263222656251 0.836411111328125 0.6774575656192118 0.8502072740718062 0.7038480188207282 0.8621986757377975
0 0.8112141835937503 0.9189393203125003 0.782643546101804 0.9117457726762087 0.7790465363361789 0.9260320285355838 0.8076171738281253 0.9332255761718753
0 0.7980241796875001 0.9447861660156249 0.76945166796875 0.937592146484375 0.7658547254990058 0.9518781350644725 0.794427237217756 0.9590721545957225