0 0.1227429798914006 0.44229553121391507 0.041929319074364514 0.4342978083054817 0.032233611518038954 0.5322688971777708 0.11304727233507506 0.5402666200862043
0 0.26857735748412026 0.5116399521945385 0.25215919751026433 0.4165337703020285 0.10252628923841862 0.44236486746600734 0.11894444921227458 0.5374710493585174
0 0.3832066265625001 0.41860699375 0.2599660330705139 0.40641049559049336 0.2509975232488588 0.4970335956561425 0.374238116740845 0.5092300938156492
0 0.46404245691384627 0.41918695662740435 0.3883934548847632 0.41170035319829934 0.38184883593749996 0.47783099531250006 0.45749783796658317 0.48531759874160507
0 0.1933759929896291 0.2588444316998655 0.13343796025426496 0.2529126654880706 0.13052924808769456 0.2823039932701704 0.1904672808230587 0.2882357594819653
0 0.13212947500000002 0.22063024375 0.0196795354408927 0.2095016423054749 0.013862113918940622 0.26828429363810874 0.12631205347804794 0.27941289508263384
0 0.44570025806080144 0.23618139910057084 0.4362562436023715 0.16513815071508264 0.20162532679505155 0.19632841609680501 0.21106934125348148 0.2673716644822932
0 0.85576046875 0.31570177656250015 0.7811947893383946 0.28518064556889683 0.7733928643383947 0.30424140181889675 0.8479585437499999 0.33476253281250007
0 0.8655454765625 0.29353598593750013 0.7928318942243364 0.2633786728990992 0.7868469806970758 0.27780915289567965 0.8595605630352393 0.30796646593408056
0 0.8762335174249746 0.26798445474244614 0.8026363730178616 0.23719924532865408 0.7949933593749999 0.2554711359375001 0.8685905037821129 0.28625634535129213
0 0.25473273482158143 0.6998000553636406 0.18572263386828755 0.6061557688167878 -0.033811792267146056 0.7679391884891638 0.03519830868614782 0.8615834750360165
0 0.4675057593228745 0.8010062896567854 0.2817646421875001 0.7689319468750001 0.24228873993615263 0.9975351713892706 0.4280298570715271 1.029609514171056
0 0.04718653656675711 0.9636779555675231 0.03244827718119048 0.9460496946347362 -0.013198672987922055 0.9842132204820964 0.0015395863976445767 1.001841481414883
0 0.8623711356447714 0.7514450835319304 0.7898271015625 0.719387046875 0.7728469361011094 0.7578114118832493 0.8453909701833808 0.7898694485401796