0 0.02423855078125002 0.3338471953125 0.01885226953125002 0.3338471953125 0.01885226953125002 0.336181640625 0.02423855078125002 0.336181640625
0 0.02693176171875002 0.32684326171875 0.01346584570312502 0.32684326171875 0.01346584570312502 0.32917770703125 0.02693176171875002 0.32917770703125
0 0.032318115234375014 0.3128359921875 0.01885226953125002 0.3128359921875 0.01885226953125002 0.3151704375 0.032318115234375014 0.3151704375
0 0.02962497460937502 0.3151704375 0.005386351562500019 0.3151704375 0.005386351562500019 0.3221737734375 0.02962497460937502 0.3221737734375
0 0.035011255859375014 0.3011625703125 1.844088888780964e-17 0.3011625703125 1.8655322509235304e-17 0.30816650390625 0.035011255859375014 0.30816650390625
0 0.045783960937500014 0.219452203125 0.029624974609375014 0.219452203125 0.029624974609375014 0.23112502734375 0.045783960937500014 0.23112502734375
0 0.051170384765625014 0.23345947265625 0.03770446875000001 0.23345947265625 0.03770446875000001 0.2427978515625 0.051170384765625014 0.2427978515625
0 0.026931761718750013 0.21711716015625 1.329459176126574e-17 0.21711716015625 1.3723459004117069e-17 0.23112502734375 0.026931761718750013 0.23112502734375
0 0.029624974609375014 0.19610595703125 0.016159058593750015 0.19610595703125 0.016159058593750015 0.19844040234375 0.029624974609375014 0.19844040234375
0 0.008079564453125004 0.079375921875 4.860373432679457e-18 0.079375921875 4.931863505118237e-18 0.08171096484375 0.008079564453125004 0.08171096484375
0 0.0026931757812500034 0.0560302734375 3.4308647510292673e-18 0.0560302734375 3.502340113355128e-18 0.0583648359375 0.0026931757812500034 0.0583648359375
0 0.010772705078125003 0.04435733203125 2.716103234539334e-18 0.04435733203125 2.9305313546219546e-18 0.0513610859375 0.010772705078125003 0.0513610859375
0 0.0026931757812500017 0.032684328125 2.0013378910281534e-18 0.032684328125 2.144290529190499e-18 0.037353515625 0.002693175781250002 0.037353515625
0 0.0026931757812500017 0.02801513671875 1.7154323755146336e-18 0.02801513671875 1.8583851332713936e-18 0.032684328125 0.0026931757812500017 0.032684328125
0 0.002693175781250001 0.01167294140625 7.147615164899333e-19 0.01167294140625 9.291915500831778e-19 0.0186767578125 0.002693175781250001 0.0186767578125
0 0.0053863515625 6.596378200097969e-19 0 0 2.1443003359324453e-19 0.00700381640625 0.0053863515625 0.007003816406250001
0 0.1629589459946882 0.9592285971791469 0.162109375 0.6629048984375 -0.0008493646731223407 0.6647737333520902 2.0632156583991895e-7 0.9610974320937371
0 0.27253529505076146 0.8888007614213198 0.26307701459390864 0.6239689086294417 0.16383447017766495 0.6381464149746193 0.17329275063451774 0.9029782677664975
0 1 0.7878389375000002 0.9620898437500001 0.7878389375000002 0.9620898437500001 1.0000000000000004 1 1.0000000000000004
0 0.7437714843749998 0.6269531250000002 0.7335253665944277 0.5673507751662248 0.6792070072194278 0.6047018064162246 0.689453125 0.66430415625