0 0.1287591698495839 0.23238684094239312 0.12646416442060954 0.17927946903807557 0.007938305465283024 0.1844014978642508 0.010233310894257382 0.2375088697685684
0 0.17304638698138508 0.21407066788329301 0.1710547875 0.143493684375 0.13590534739361496 0.14448556024170697 0.13789694687500004 0.21506254375
0 0.1189000805330667 0.16580858616462799 0.11879042070688335 0.123832424182028 0.04154341473571708 0.1240342266539046 0.04165307456190041 0.16601038863650458
0 0.037053123437500016 0.1095155421875 1.3427487131103384e-17 0.1095155421875 2.1736133190684333e-17 0.2452060296875 0.03705312343750003 0.2452060296875
0 0.9310881721903165 0.3355190246751636 0.9006755578124999 0.3110182218749999 0.8742730111441606 0.34379145289790924 0.9046856255219773 0.36829225569807295
0 0.8241151590754281 0.24910737873967603 0.7487300716222121 0.18776808717663504 0.6458204467901411 0.31424250300470596 0.7212055342433571 0.375581794567747
0 0.6920455196637565 0.1445080713263402 0.627062313476638 0.09370550490674608 0.5282029640625 0.2201596968750001 0.5931861702496185 0.2709622632945942
0 0.5635214409455646 0.04596587160033607 0.5243723802156115 0.016666500872020994 0.4997806408325468 0.04952534645918503 0.5389297015624999 0.0788247171875001
0 0.7654227243787771 0.001642772885848176 0.7264674013906294 -0.02919359744076373 0.699561859375 0.004795943750000031 0.7385171823631478 0.03563231407661194
0 0.8852313989558394 0.1572737309535158 0.8484530161423566 0.1322855419031248 0.8219702765615173 0.1712636500121091 0.8587486593749999 0.1962518390625001
0 0.5005906444920456 0.9170284856601564 0.49988184900278415 0.8865023242491306 0.20500256544823853 0.8933492089014743 0.20571136093750003 0.9238753703125001
0 0.5008314230115005 0.9612215114961249 0.49976576207581225 0.9278982741844135 0.20775246547345808 0.9372367175049046 0.20881812640914638 0.970559954816616
0 0.5010646737973794 0.8744750957744806 0.49975594275162216 0.8369979393043648 0.20460091644237463 0.8473049791821158 0.20590964748813181 0.8847821356522315
0 0.9680191322919718 0.8205949427171152 0.8909046897272661 0.804848028599315 0.8715096923658423 0.8998275527703061 0.948624134930548 0.9155744668881065