0 0.001755253906250042 0.2561156650390625 4.1820163920211145e-17 0.2561156650390625 4.2348939140556585e-17 0.2625923310546875 0.0017552539062500427 0.2625923310546875
0 0.14992408963747503 0.3380564783271422 0.06511039269631282 0.16197583363784415 0.007391511387608731 0.1776143232634489 0.09220520832877092 0.3536949679527469
0 0.7905571791520624 0.24033333978471413 0.6255581123520092 0.2349798539468365 0.6221953141347111 0.2932798016403508 0.7871943809347641 0.29863328747822837
0 0.04376308072916682 0.8841302646484375 1.4514782034035377e-16 0.8841302646484375 1.5409556918933556e-16 0.9937261357421875 0.04376308072916683 0.9937261357421875
0 0.15329728840106388 0.9987460277053801 0.11976413816583047 0.8228286903256093 0.04131607147695051 0.8312401328837005 0.07484922171218393 1.0071574702634711
0 0.018269059895833467 0.7853795283203124 1.2824167006311048e-16 0.7853795283203124 1.3500792232152402e-16 0.8682554921875 0.018269059895833474 0.8682554921875
0 0.24276534263309557 0.9976818999390225 0.19966438358593994 0.7681814208275174 0.11459857795051748 0.7771677202169565 0.1576995369976731 1.0066681993284614
0 0.2486810586243335 0.7245848344427688 0.2066834444837509 0.7244286773906561 0.2051492712760842 0.9565205529088248 0.24714688541666682 0.9566767099609375
0 0.12168585602619227 0.8338607553132734 0.06409970860929828 0.5295717093112858 -0.01427803634628901 0.5379151848468544 0.04330811107060497 0.842204230848842
0 0.2004778216822234 0.7784357113228703 0.13995523258654327 0.4582471713835845 0.0611079795348077 0.4666305833664321 0.12163056863048784 0.7868191233057178
0 0.27985024222671323 0.7309843738166996 0.22229743042466224 0.41330397716787565 0.14291357874595645 0.421393647500826 0.20046639054800744 0.73907404414965
0 0.17925748047912235 0.43234782688798296 0.15462204463366802 0.33097265278811405 0.08672055581211062 0.3402544154822017 0.11135599165756493 0.4416295895820706
0 0.11516879189282131 0.4729450792300856 0.08527550202290102 0.3345525335319282 0.03994321474701215 0.3400604985629 0.06983650461693244 0.4784530442610574
0 0.06760177239396481 0.3399578006288704 0.002163648954904431 0.3397144945804752 0.0008030351562500893 0.5455571279296876 0.06624115859531046 0.5458004339780826
0 0.5603443121368666 0.5541411787798919 0.49647657812500007 0.5501069853515625 0.49079236340418886 0.6007264784848073 0.5546600974160555 0.6047606719131366
0 0.5670988166300667 0.41350210860566544 0.4284706130574336 0.40642998221464716 0.41971592048465434 0.5029605828946258 0.5583441240572874 0.510032709285644