0 0.19309176963253233 0.04707786669235446 0.1394323375029076 0.010033393177800484 -0.016171068644831227 0.23542707863651402 0.037488363484793494 0.272471552151068
0 0.8111912886956841 0.01368063058145938 0.7290421722745463 -0.0037807037541061628 0.6721913173579368 0.26368153077131207 0.7543404337790747 0.28114286510687764
0 0.4710674341815082 0.43676911499361426 0.4414416456559946 0.43333847354275934 0.41397102737349895 0.6705648755322505 0.44359681589901256 0.6739955169831056
0 0.4394102234608375 0.419024277184148 0.3464209044275165 0.40815580142589075 0.3177341368119624 0.6535961966727449 0.4107234558452834 0.6644646724310022
0 0.34085950156387324 0.3919366479736847 0.26265603050837133 0.38158818225867136 0.23015271051506608 0.6272161346822329 0.308356181570568 0.6375646003972464
0 0.24998639032080158 0.3790482319251088 0.04364312190729421 0.35091938031504777 0.012062547654318204 0.582583260521368 0.21840581606782558 0.6107121121314291
0 0.07664640234375007 0.37890625 0.04444753667233316 0.37384851690630205 0.03495000346920815 0.4343123235469271 0.06714886914062507 0.43937005664062506
0 1.014077895998759 0.43797567100098267 0.9793362910814576 0.4332336089758068 0.947115460511596 0.669291964986856 0.9818570654288975 0.6740340270120317
0 0.9764473807825634 0.4225091469627974 0.8674108750572225 0.4074874396123596 0.8340073552939078 0.649950096416352 0.9430438610192488 0.6649718037667898
0 0.8601539352735077 0.3958443388043775 0.7685872680474566 0.38156200269951873 0.7308646036750495 0.62340889876109 0.8224312709011006 0.6376912348659488
0 0.7536405218577431 0.37910212617219474 0.5121345724893213 0.3402958983829864 0.47460281171957674 0.5738703536328291 0.7161087610879986 0.6126765814220375
0 0.54932928125 0.37890625 0.5117282825899142 0.3719443696944475 0.5005333196992892 0.4324081763350725 0.538134318359375 0.439370056640625