0 0.4363953822111573 0.5511551603069422 0.19853173828125004 0.48025994791666665 0.16173454487217612 0.6037198292763911 0.3995981888020834 0.6746150416666667
0 0.461790623290734 0.3756735515095144 0.20831062109375006 0.30012388671875007 0.16603292228218283 0.441971652917569 0.4195129244791667 0.5175213177083334
0 0.46982626550152884 0.37077561400605236 0.4606467968750001 0.3696119348958334 0.42167334647763793 0.6770468300043645 0.4308528151041667 0.6782105091145835
0 0.4229042949678983 0.16387144160030617 0.20940067057291664 0.10023675390625002 0.16633991120482491 0.24471185903270265 0.3798435355998066 0.3083465467267588
0 0.46875 0.05374596875000006 0.40547445052083336 0.05374596875000006 0.40547445052083336 0.32340444531250007 0.46875 0.32340444531250007
0 0.43093633228837863 0.051858756627400665 0.21467108974010407 -0.012599058500753019 0.19040045122136617 0.06883242526301715 0.40666569376964085 0.13329024039117085
0 0.8020869759388113 0.4928771824356373 0.7828747991025772 0.40813417646533995 0.7395597346223289 0.41795418071157947 0.7587719114585632 0.5026971866818768
0 0.7466203296751676 0.5483674074330609 0.6266072251757372 0.32478728060269685 0.5267998769017928 0.37836176366621216 0.6468129814012231 0.6019418904965762
0 0.08366085026041666 0.8956915963541666 0.08101951376542825 0.7881848413695751 0.07100267708333334 0.7884309453124999 0.07364401357832175 0.8959377002970914
0 0.10808609505208334 0.8947359752604168 0.102657153859739 0.789143951736096 0.09333388134358876 0.7896233013737012 0.09876282253593309 0.895215324898022
0 0.12949639453125003 0.8946201575520835 0.12592166666666668 0.79197685546875 0.11795344162812832 0.7922543624808823 0.12152816949271167 0.8948976645642158
0 0.2241871848958333 0.96863442578125 0.21768767968749994 0.7820102382812498 0.14833267939883527 0.7844256442992942 0.1548321846071686 0.9710498317992945
0 0.2585293372395834 0.8726484908854166 0.2531237473958334 0.7867595338541666 0.24483701284067858 0.7872810757344912 0.2502426026844286 0.8731700327657412
0 0.28253785026041667 0.9215166979166667 0.28138444140625 0.78441066796875 0.2717725534248168 0.7844915282832617 0.27292596227898347 0.9215975582311784
0 0.310111578125 0.9190342994791667 0.30760352864583335 0.7852295859374999 0.29866101691227814 0.7853972053083137 0.30116906639144475 0.9192019188499806
0 0.33948520538923144 0.9185443322604646 0.33573069140625006 0.7835676901041667 0.3255624114646497 0.7838505312581154 0.32931692544763114 0.9188271734144133