0 0.574078555613173 0.22072534769544666 0.48817313671875007 0.20842916796875005 0.47424278227745226 0.3057515038670535 0.5601482011718752 0.31804768359375013
0 0.07070045137037645 0.11039095729228778 0.026768421875000014 0.102691560546875 0.0013929512881886152 0.24748159529122588 0.045324980783565054 0.25518099203663863
0 0.568359375 0.14959170117187506 0.554652119140625 0.14959170117187506 0.554652119140625 0.21750747460937506 0.568359375 0.21750747460937506
0 0.042982266702504775 0.020824184127959736 0.0385768671875 0.020193611328125 0.035788517376044965 0.0396739868062095 0.04019391689104974 0.04030455960604424
0 0.48669917385665085 0.03158160593102108 0.4249923185675766 0.017921952482749665 0.4081470244559764 0.09401979273783671 0.4698538797450506 0.10767944618610813
0 0.120296873046875 9.905199123955294e-18 0.03961881640625 4.965092932636781e-18 0.03961881640625 0.04267942578125 0.120296873046875 0.04267942578125001
0 0.991296122899066 0.4035669142226997 0.8327013027658201 0.38632688694483275 0.8063317477447991 0.628906249967163 0.964926567878045 0.64614627724503
0 0.8940524955207289 0.3415979215930706 0.7410563558515408 0.28708976913534545 0.6325663904248184 0.5916046931369529 0.7855625300940065 0.6461128455946781
0 0.751561610808533 0.23907285826941307 0.5809750971423201 0.17829678824031234 0.46177542759185003 0.5128668920499708 0.632361941258063 0.5736429620790715
0 1.0202461183134222 0.13724946435450175 0.9308254319794471 0.12752900285949226 0.89992665155665 0.41177375334874067 0.9893473378906249 0.4214942148437501
0 0.9617062547669779 0.23665291879108508 0.6028007843977351 0.006136894298581275 0.5207631850060105 0.13386659665863526 0.8796686553752533 0.36438262115113906