0 0.2606637124852225 0.3842097998595005 0.2573672140761569 0.3545991730958491 0.2484857848580849 0.35558792681326595 0.25178228326715046 0.38519855357691735
0 0.28716469141607637 0.37639100473721987 0.28013972874040943 0.33443437633550177 0.26299927203553297 0.33730427015639586 0.2700242347111999 0.379260898558114
0 0.31183078978158113 0.3688803802622163 0.30520031054687496 0.32659649609375 0.28793577852918345 0.3293037242325877 0.2945662577638896 0.371587608401054
0 0.3365148132373573 0.35889439950994684 0.3294892957295063 0.3169380894150386 0.3115542911444521 0.3199412774558997 0.3185798086523031 0.3618975875508079
0 0.36503686071614044 0.3482570372986043 0.35850450051400123 0.3082743641266914 0.34026141810690713 0.3112549148509527 0.34679377830904634 0.3512375880228656
0 0.37890625 0.29932808984375 0.368596875 0.29932808984375 0.368596875 0.342640728515625 0.37890625 0.342640728515625
0 0.25052544368564345 0.32006636773838637 0.2468024956085643 0.28662515149736917 0.23644133207642712 0.2877786404605176 0.2401642801535063 0.3212198567015348
0 0.2748479954228781 0.30970849067008704 0.2714231549971177 0.27894504110848234 0.2536602977396441 0.2809225485882786 0.25708513816540446 0.3116859981498833
0 0.29946827986998287 0.30202842390896467 0.29581196884849364 0.2691858057775789 0.27804949121889416 0.2711632712301274 0.2817058022403834 0.3040058893615132
0 0.32407029134890597 0.2941842375283762 0.32041392773437494 0.261341130859375 0.3041315597580849 0.2631538174126572 0.30778792337261596 0.2959969240816584
0 0.35459563593832016 0.283641286885728 0.347958216796875 0.25300273828125003 0.3297564847772018 0.2569458925760059 0.336393903918647 0.2875844411804839
0 0.3826938564961958 0.27502347160417456 0.37537893998452243 0.2425603677042233 0.3570417026289516 0.2466923003969237 0.364356619140625 0.27915540429687496
0 0.9697250329970813 0.5017626303604223 0.9461388299559187 0.330183862366678 0.4086445789519708 0.4040709096154319 0.4322307819931335 0.5756496776091763
0 1.0154210274789894 0.3739593635471321 0.9855068654726382 0.15634760704841413 0.9317488185501246 0.16373749696364295 0.9616629805564758 0.3813492534623609
0 0.978599205078125 0.14450513476562504 0.9645740145568978 0.06764905933324006 0.9194065859375 0.07589150195312502 0.9334317764587272 0.15274757738551
0 0.9611406347656251 0.04883461718750001 0.9508040038889131 -0.007808659630176323 0.9080136491738137 5.784704382172379e-10 0.9183502800505257 0.056643277396146774
0 0.9636833808239178 0.31502928143906106 0.8822374601662321 -0.04938867610605446 0.3250014150112608 0.07515129724494511 0.40644733566894653 0.43956925479006065
0 0.2953743222003715 0.5719242012137193 0.09341569035541547 0.5143613457326908 -0.04162126378767064 0.9881369824579385 0.16033736805728543 1.045699837938967
0 0.5473032279070722 0.7539072169922483 0.5317535966328056 0.6421204491054694 0.3633566187257334 0.6655446071132212 0.37890625 0.777331375