0 0.055676235149126445 0.39220145565266107 0.05461066816377517 0.36103367247835166 -0.0010655669853512721 0.3653164668256906 0 0.39648425
0 0.13671883333333337 0.357422 0.06249983333333337 0.357422 0.06249983333333337 0.388672 0.13671883333333337 0.388672
0 0.054417761962250066 0.34973355157998304 0.05332435832236102 0.3185698682676613 -0.0010754207664448918 0.32286435620429815 0.000017982873444152374 0.3540280395166199
0 0.13569976718966217 0.34562869535628615 0.13504686206744962 0.31428724363717453 0.060575412117491345 0.31777786943922903 0.06122831723970389 0.34911932115834066
0 0.05208316666666669 0.277344 2.2722953964139396e-17 0.277344 2.399862771325122e-17 0.308594 0.05208316666666669 0.308594
0 0.13411450000000005 0.2714845 0.05989583333333335 0.2714845 0.05989583333333335 0.3027345 0.13411450000000005 0.3027345
0 0.05180674432323002 0.26402056596234263 0.050648974129349565 0.23275854766652174 -0.0011297295546229384 0.23707313280560544 0.000028040639257521927 0.26833515110142636
0 0.13314783625124227 0.2592277989290678 0.1324728158387146 0.22885758184308297 0.05664572646243158 0.23264964807247257 0.05732074687495928 0.2630198651584574
0 0.11197916666666667 0.03320300000000002 0.07552083333333333 0.03320300000000002 0.07552083333333334 0.1347655 0.11197916666666667 0.1347655
0 0.37138296954382394 0.39043107807630173 0.37124818754317146 0.37336860548854084 0.23977758221754344 0.3757052955563889 0.23991236421819592 0.39276776814414976
0 0.21173095703125 0.3424072265625 0.19921875 0.3424072265625 0.19921875 0.3564146953125 0.21173095703125 0.3564146953125
0 0.5151517773437501 0.32839975781250014 0.41818277343749993 0.32839975781250014 0.41818277343749993 0.39688120312500014 0.5151517773437501 0.39688120312500014
0 0.8563869607610793 0.016765750977548774 0.7740452541475982 0.006523117475159074 0.7714601367499111 0.05328274243998913 0.8538018433633923 0.06352537594237884
0 0.9375244218369819 0.01090542507150273 0.8881592625268154 0.004764803806818707 0.8873046797255183 0.020222504615997616 0.9366698390356847 0.02636312588068164
0 0.7936344369103537 0.0031236223422947684 0.750225913530134 -0.002276320064729498 0.7494781120359347 0.011249223625437607 0.7928866354161546 0.016649166032461873