0 0.5294810492353579 0.3867045857068001 0.5292968749885484 0.38203615400660085 0.517575193359375 0.3824985859375 0.5177593676061845 0.3871670176376993
0 0.5137700937500002 0.3873243984375 0.5135245341882874 0.38109995518440515 0.46176589910807353 0.3831418772051148 0.4620114586697864 0.3893663204582096
0 0.45802271484374996 0.3895236796875 0.4576543674784987 0.3801868187644781 0.39134883090478034 0.38280263042750484 0.3917171782700316 0.3921394913505268
0 0.38162722070312494 0.392537548828125 0.3812588733901501 0.3832006872135704 0.341748439453125 0.384759408203125 0.34211678676609986 0.3940962698176796
0 0.9147967774618602 0.25163182225943515 0.9132703457031249 0.22250577734375 0.8799820448037646 0.22425034375618985 0.8815084765624999 0.253376388671875
0 0.8568698378906251 0.26092622070312504 0.8552343389830465 0.22971904877087362 0.8261082940611714 0.23124548041149862 0.82774379296875 0.26245265234375004
0 0.18401643635595927 0.3989836008316193 0.07183463099756926 0.392436280619281 0.04923836839463804 0.7796007159820348 0.16142017375302806 0.7861480361943731
0 0.132731671875 0.866790099609375 0.12969357784825433 0.7861460140254968 -0.0030380940267456906 0.7911463968379968 0 0.8717904824218751
0 0.7491007594636463 0.993569367612075 0.7465460753879214 0.931271255705577 0.6877263491274002 0.933683300202877 0.6902810332031251 0.9959814121093751
0 1.0006227565025494 0.9822548586739073 0.9949743664155196 0.897922353311134 0.9010269953196606 0.9042147241747488 0.9066753854066902 0.9885472295375219
0 0.8759871249893421 0.9882497247532582 0.8704956267826305 0.9062596392727716 0.7493085547440506 0.9143764571157641 0.7548000529507621 0.9963665425962507
0 1.0059773819595204 0.8820025813962298 0.99495451953125 0.6132007539062501 0.8920200008386796 0.6174218302629974 0.9030428632669498 0.8862236577529771
0 0.884746792306601 0.8890582552881846 0.8737674472656248 0.6213175722656249 0.7689949297988541 0.6256140191376247 0.7799742748398303 0.8933547021601844
0 0.7761223416184648 0.8892265375748387 0.7653374160156251 0.6262270234375001 0.6532124322516941 0.6308249772096965 0.6639973578545338 0.8938244913470351
0 0.9944103431398683 0.5999305484284148 0.9859838177455768 0.3944425393538955 0.8848872980808904 0.3985882430086525 0.893313823475182 0.6040762520831717
0 0.875857095297374 0.6082280588767409 0.8697477665118041 0.39524597570378106 0.7146472593757317 0.39969498840375267 0.7207565881613016 0.6126770715767125
0 0.7184354424184823 0.6049648224682611 0.710099193359375 0.40167830078125005 0.6200316071653666 0.4053717371410982 0.628367856224474 0.6086582588281093