0 0.035156200000000117 0.921875 1.1289712679639661e-16 0.921875 1.1552821921202474e-16 0.964844 0.03515620000000012 0.964844
0 0.13281200000000012 0.878906 0.09765620000000011 0.878906 0.09765620000000011 0.90625 0.13281200000000012 0.90625
0 0.03125000000000011 0.855469 1.0476473726197871e-16 0.855469 1.0787417671735379e-16 0.90625 0.03125000000000011 0.90625
0 0.13281200000000012 0.820312 0.09765620000000011 0.820312 0.09765620000000011 0.847656 0.13281200000000012 0.847656
0 0.0273438000000001 0.796875 9.758904180705471e-17 0.796875 9.902414415863554e-17 0.820312 0.0273438000000001 0.820312
0 0.13281200000000012 0.757812 0.06640620000000008 0.757812 0.06640620000000008 0.789062 0.13281200000000012 0.789062
0 0.13281200000000012 0.699219 0.06640620000000008 0.699219 0.06640620000000008 0.730469 0.13281200000000012 0.730469
0 0.875 0.13671900000000012 0.796875 0.13671900000000012 0.796875 0.1757810000000001 0.875 0.1757810000000001
0 0.789062 0.13671900000000012 0.699219 0.13671900000000012 0.699219 0.1757810000000001 0.789062 0.1757810000000001
0 0.65625 0.13671900000000006 0.488281 0.13671900000000006 0.488281 0.19531200000000007 0.65625 0.19531200000000007
0 0.875 0.058593800000000106 0.796875 0.0585938000000001 0.796875 0.09765620000000011 0.875 0.09765620000000011
0 0.789062 0.05859380000000009 0.703125 0.058593800000000085 0.703125 0.09765620000000008 0.789062 0.09765620000000008
0 0.875 0.011718800000000102 0.800781 0.011718800000000097 0.800781 0.0234375000000001 0.875 0.023437500000000104
0 0.78125 0.011718800000000092 0.707031 0.011718800000000086 0.707031 0.02343750000000009 0.78125 0.023437500000000097
0 0.996094 1.179201381077794e-16 0.929688 1.1385394334057044e-16 0.929688 0.019531200000000113 0.996094 0.01953120000000012
0 0.875 1.0261199188609754e-16 0.800781 9.806738884680166e-17 0.800781 0.003906250000000103 0.875 0.0039062500000001076
0 0.78125 9.089175462421762e-17 0.703125 8.610797806504827e-17 0.703125 0.003906250000000091 0.78125 0.003906250000000095