0 0.33984375 0.26259052734375 0.13274872265625007 0.26259052734375 0.13274872265625007 0.388671875 0.33984375 0.388671875
0 0.7472374924402184 0.15340779805055543 0.7455265402005739 0.14448247160289157 0.7018439501041054 0.1528562633960862 0.70355490234375 0.16178158984375007
0 0.2272355439337922 0.8336121072842837 0.2259257171683069 0.7999170578937836 0.21795305602642967 0.8002269789398919 0.21926288279191497 0.833922028330392
0 0.2513205601503794 0.8283793150977377 0.2473815335091653 0.7803859357397678 0.23194464722746005 0.7816529085417347 0.23588367386867415 0.8296462878997046
0 0.27376991139492535 0.8232847299367466 0.27020580859375 0.7750810253906252 0.2546695926953233 0.7762297476957805 0.25823369549649866 0.8244334522419019
0 0.2963752691041472 0.8155435893172477 0.2924357298833232 0.7675504061548156 0.2762832441214102 0.7688762892694548 0.28022278334223416 0.8168694724318869
0 0.32244354720615676 0.8075137093869336 0.3188365820995961 0.7618400064258741 0.30241182713231096 0.7631371098838818 0.3060187922388716 0.8088108128449413
0 0.3398437500000001 0.754351796875 0.3281037558593751 0.754351796875 0.3281037558593751 0.803151296875 0.3398437500000001 0.803151296875
0 0.22170721179558475 0.7598681876789697 0.2202210973374673 0.7216383351933787 0.2109201158570179 0.7219998935608348 0.21240623031513534 0.7602297460464258
0 0.24398263521217964 0.7509239750798347 0.24264150956643046 0.7164238571474015 0.22669618919723075 0.7170437007699277 0.22803731484297993 0.7515438187023609
0 0.266402704720067 0.7457095103066169 0.2649690050932624 0.7088279426563058 0.249024023798505 0.7094477729723175 0.25045772342530964 0.7463293406226287
0 0.28881832998962204 0.7403807104834205 0.28738460937500004 0.70349855859375 0.2727682911911135 0.704066739017517 0.27420201180573556 0.7409488909071875
0 0.3152158208298736 0.7347820570753857 0.3137820971812414 0.6978998761562526 0.2978371160354828 0.6985197065452361 0.299270839684115 0.7354018874643692
0 0.34028464496330435 0.7292350223505418 0.3387583257305765 0.6899708136938566 0.3228133438103028 0.6905906436459437 0.32433966304303063 0.7298548523026289
0 1.007299475716221 0.5859555901914519 0.9994108187546727 0.48283282488037815 0.6379612517095243 0.5104828945300631 0.6458499086710726 0.6136056598411369