0 0.6350239934317252 0.7189606532004809 0.5437764799680347 0.7102709435153819 0.535788941626086 0.7941452084575708 0.6270364550897766 0.8028349181426697
0 0.6423848181860043 0.6373846443343835 0.43863307353992653 0.6134152947398417 0.428554810425917 0.699085691609904 0.6323065550719948 0.7230550412044457
0 0.5716843126381543 0.5112954215020321 0.4595632549597066 0.4926101731322048 0.44341177501934304 0.5895273228614027 0.5555328326977907 0.6082125712312301
0 0.4468767399856616 0.47578318007884857 0.16914268019405068 0.3831972599887412 0.1343745401981491 0.48749277990221224 0.41210859998976 0.5800786999923196
0 0.6780345473329958 0.30513868638997926 0.5030026272101958 0.2701340947152236 0.4630409467583801 0.4699527278192738 0.63807286688118 0.5049573194940294
0 0.4631016115509274 0.2969952074797505 0.1645428237644579 0.280407664571784 0.15648946726997567 0.42535983536316413 0.45504825505644514 0.4419473782711306
0 0.640625 0.22265600000000005 0.59375 0.22265600000000005 0.59375 0.2617190000000001 0.640625 0.2617190000000001
0 0.7216459100325072 0.1529875813256338 0.6773902180031363 0.14315228374270403 0.6459542636776894 0.2846040193455964 0.6902099557070603 0.2944393169285262
0 0.6475639652544949 0.1543198798659721 0.5371300210271358 0.12978039948412767 0.5045033469922489 0.2766087856042624 0.6149372912196079 0.30114826598610683
0 0.273438 0.10156200000000003 0.15625 0.10156200000000003 0.15625000000000003 0.234375 0.273438 0.23437500000000003
0 0.7389484565322062 0.05081933981533085 0.5471644008416793 0.03986041123425088 0.5419964376381906 0.13030109031081716 0.7337804933287175 0.14126001889189713
0 0.53125 0.03906250000000005 0.164062 0.03906250000000002 0.16406200000000004 0.2695310000000001 0.53125 0.26953100000000013
0 0.17725162280974938 0.03635100676811396 0.025459719598837024 0.0026194247474389605 -0.025275709688538484 0.23092853183388115 0.12651619352237387 0.2646601138545561
0 0.652344 7.462691432304183e-17 0.5625 6.91255559719121e-17 0.5625 0.023437500000000073 0.652344 0.02343750000000008
0 0.539062 5.931882933369992e-17 0.425781 5.2382368630989355e-17 0.425781 0.019531200000000058 0.539062 0.019531200000000064
0 0.421875 4.4728326136318396e-17 0.304688 3.755269191373435e-17 0.304688 0.02343750000000004 0.421875 0.02343750000000005
0 0.277344 2.1527012885964053e-17 0.0742188 9.089181585655757e-18 0.0742188 0.01562500000000002 0.277344 0.015625000000000035