0 0.563802380477329 0.4899110381532645 0.5593749999161414 0.42038166118305115 0.522634306779199 0.42272117633027795 0.5270616873403866 0.49225055330049133
0 0.5311402532753674 0.42007084125379934 0.5293046451992959 0.3961668036285782 0.5140621875 0.3973372828125 0.5158977955760715 0.42124132043772117
0 0.5608929592958167 0.4143010610846023 0.5593749998597569 0.3904624587350721 0.5508126953124999 0.39100767656249996 0.5523306547485597 0.4148462789120302
0 0.5649434752637081 0.3796740989728263 0.5593140579590876 0.3482355434772493 0.5058235155821192 0.35781361028546527 0.5114529328867398 0.38925216578104227
0 0.6758688412765195 0.5065264109385581 0.675262209375 0.49649760625 0.6683857912870586 0.4969135535846898 0.668992423188578 0.5069423582732479
0 0.6001237078124999 0.5093749999999998 0.599118080545052 0.4927499650051984 0.5733314932428082 0.49430976294449147 0.5743371205102561 0.5109347979392929
0 0.6456642239593146 0.49674606162288526 0.6390303680959623 0.47741002082059286 0.6087512835196982 0.48779824273256656 0.6153851393830505 0.507134283534859
0 0.6696446809539991 0.505496531978063 0.6574251544417462 0.4712882026947886 0.6412355381500208 0.4770712809580309 0.6534550646622735 0.5112796102413053
0 0.5960145966698311 0.48521861373859565 0.5921652376486102 0.4749940755259471 0.5697243918835783 0.4834426597351187 0.5735737509047993 0.49366719794776726
0 0.6381092638628231 0.47012727461645154 0.6348097613286907 0.46023484065204734 0.6047845370554235 0.47024939358553325 0.6080840395895558 0.48014182754993745
0 0.19042898093785093 0.6704921496539817 0.18420055448320966 0.6353057581653595 -0.006228426454641278 0.6690140428863778 0 0.7042004343749999
0 0.20634866712245117 0.705767214320008 0.1960381399793921 0.6707069050484404 -0.010310527143059068 0.7313898704159325 0 0.7664501796875001
0 0.11637586755628411 0.9344752506700672 0.06550411816859589 0.6713793027728349 0.02647119386497112 0.6789266373437886 0.07734294325265934 0.9420225852410209
0 0.1339589440518972 0.9975557428297955 0.09268346936169893 0.7377074333172031 0.050240676562499975 0.7444492374999998 0.09151615125269827 1.0042975470125923
0 0.23654270062317856 0.9410274200307096 0.23054652686888008 0.90001432875282 -0.005996173754298506 0.9345972165346105 -2.2204460492503132e-17 0.9756103078125001
0 0.2447689828125001 0.9699614265625 0.01038486406250012 0.9699614265625 0.010384864062500122 1 0.2447689828125001 1
0 0.1345153203125 1 0.12107749267571813 0.925579519513106 0.08560387548798257 0.9319848578057812 0.09904170312476444 1.0064053382926752
0 0.5614071224207585 0.9995565917808854 0.5219249622006445 0.8186114050555291 0.41705720376607197 0.8414935038577618 0.456539363986186 1.022438690583118
0 1.0355975802328448 0.9111578066858437 0.8236417492235171 0.8039314623495362 0.770509439243853 0.9089588507669145 0.9824652702531808 1.016185195103222