0 0.58984375 0.17210416015625005 0.49480266015625 0.17210416015625005 0.49480266015625 0.3636387578125001 0.58984375 0.3636387578125001
0 0.30148804978811505 0.074831691591354 0.16179483007812503 0.05849113476562503 0.14634158118328366 0.19059887846877976 0.2860348008932737 0.20693943529450873
0 0.155378759049784 0.05380958476927941 0.03629626953125 0.0398799609375 0.01578243747379296 0.21524996521528542 0.13486492699232694 0.2291795890470648
0 0.58984375 0.024413250000000067 0.488700935546875 0.024413250000000063 0.488700935546875 0.13563498437500005 0.58984375 0.13563498437500005
0 0.4002585309336571 0.011251297679077649 0.31028587382247547 -0.0003446587780302282 0.30163623535255935 0.06676761083664431 0.391608892463741 0.07836356729375218
0 0.30556706105584897 0.000267859653068539 0.17045422511579195 -0.015536902510960189 0.1627357401053313 0.05044741209629799 0.29784857604538834 0.06625217426032672
0 0.1616417791671441 0.0002678602527028118 0.03568912659194734 -0.0144654056119887 0.030108234673979776 0.03324486767426688 0.15606088724917652 0.0479781335389584
0 0.978331939453125 0.5591333261718751 0.850451484375 0.559133326171875 0.850451484375 0.6191406250000001 0.978331939453125 0.6191406250000002
0 0.2363808515625001 0.6191406250000001 0.19391070398817345 0.6107739574674363 0.17437871766004845 0.7099205219205612 0.2168488652343751 0.718287189453125
0 0.3560870484588004 0.8022884355015276 0.15641467901422887 0.7777717533178824 0.1407049600996953 0.9057171570016503 0.34037732954426686 0.9302338391852956
0 0.8602238984375 0.619140625 0.58984375 0.619140625 0.5898437500000001 1 0.8602238984375001 1
0 1 0.6414385488281252 0.8791466074218751 0.6414385488281251 0.8791466074218752 1 1 1