0 0.2193627451923077 0.03546563942307695 0.20891382829184643 -0.023793113222120188 0.07397637740384616 -2.135044278125301e-18 0.08442529430430744 0.05925875264519714
0 1 0.20813163701923093 0.955495920673077 0.20813163701923093 0.955495920673077 0.3326759399038463 1 0.3326759399038463
0 0.9716831631985083 0.1948681117519324 0.7624331079957167 0.16514901570991622 0.7437898670368186 0.29641475792135774 0.9530399222396102 0.3261338539633739
0 0.7781484156718292 0.1708859363781219 0.505237569977383 0.12446225213382273 0.48809994314284355 0.22520919431957462 0.7610107888372897 0.2716328785638738
0 0.4963888894230769 0.11383437259615392 0.40865384615384615 0.11383437259615391 0.40865384615384615 0.19307149519230776 0.4963888894230769 0.19307149519230776
0 0.4086538461538463 0.8808744158653846 0.36403660336538474 0.8808744158653846 0.36403660336538474 1 0.4086538461538463 1
0 0.46021788221153853 0.5982911322115384 0.4532879001995283 0.5603955894526054 0.401723864141836 0.5698251375295285 0.40865384615384615 0.6077206802884615
0 0.457969998463534 0.6255701137582133 0.4561567908653847 0.6155091923076923 0.40684063855569685 0.6243970881648638 0.40865384615384615 0.6344580096153847
0 0.8613367403846154 0.8257908245192309 0.8580121628068726 0.8040447403764122 0.7321482763818434 0.8232870210513167 0.7354728539595861 0.8450331051941353
0 0.8463393870192307 0.77808046875 0.842334474688786 0.7579154736829773 0.7939536706730769 0.7675242475961539 0.7979585830035216 0.7876892426631767
0 0.8321574927884614 0.8927416995192309 0.7153592103038305 0.8576508076998444 0.7087697644230769 0.8795834495192307 0.8255680469077079 0.9146743413386174
0 0.7823708197115388 0.937912247596154 0.6724140776368474 0.8933171373926818 0.6624669182692308 0.9178435312500002 0.7724236603439221 0.9624386414534724
0 0.6822880576923078 0.876370716346154 0.5857066185303461 0.8425964845940765 0.5710756201923078 0.8844355673076927 0.6676570593542697 0.9182097990597702
0 0.5178123540068098 0.8228848960884266 0.4317957571606647 0.7888767995803959 0.41557076923076924 0.829914622596154 0.5015873660769143 0.8639227191041847
0 0.46276331490384603 0.765309014423077 0.4086538461538462 0.7451004110576923 0.3996865260803232 0.7691108246680002 0.453795994830323 0.7893194280333848
0 0.518090360576923 0.7488715985576923 0.49805819826077197 0.6749011199339894 0.46415537740384616 0.6840824423076923 0.4841875397199972 0.7580529209313952
0 0.7937429082164775 0.7476052396368339 0.5744168374392621 0.6652836337816525 0.5483086625744887 0.7348425709375749 0.7676347333517042 0.8171641767927563