0 0.5188160813848526 0.4042331741209816 0.5187499999899733 0.3994358867720985 0.49880972980742494 0.3997105588465658 0.49887581120230423 0.4045078461954489
0 0.5385410690864392 0.3744156827432119 0.5170324280733137 0.2729545598426478 0.3540474152852079 0.3075055881612939 0.3755560562983333 0.40896671106185806
0 0.5138200046875 0.0716341390625 0.5122216816637295 -0.000627280774057494 0.48386183281249995 1.3877787807814458e-18 0.48546015583627045 0.0722614198365575
0 0.2583084934727943 0.08190323222622295 0.2118834872839744 -0.015979404935316955 0.16999129588971157 0.0038897496066904735 0.2164163020785314 0.10177238676823039
0 0.7390938281515832 0.13301732857844797 0.7387376911434738 0.10903204369111046 0.6540285625000002 0.1102898171875 0.6543846995081096 0.1342751020748375
0 0.834240165625 0.09641835625000002 0.8338840352554291 0.07243347921909732 0.7492569828554243 0.0736900319797426 0.7496131132249952 0.09767490901064531
0 0.7384139187499998 0.09944086875 0.7380340406208361 0.0738566724214446 0.653315846646245 0.07511458135162617 0.6536957247754088 0.10069877768018158
0 0.8332559156250001 0.048452234375 0.8328522943819567 0.02126892402305037 0.7500049901434105 0.022499051313899635 0.7504086113864539 0.04968236166584927
0 0.7375924018395618 0.06426683879132727 0.7369751004890325 0.022692521906885033 0.6522569046874999 0.023950429687500004 0.6528742060380293 0.06552474657194224
0 0.7366422578124999 0.013101276562500005 0.7364523188376746 0.00030917777787060896 0.6517975875 0.0015661437499999986 0.6519875264748254 0.014358242534629395
0 0.31867843090413694 0.5418625484069065 0.2629477 0.4826243390625001 0.18381549875934655 0.5570711439541689 0.23954622966348352 0.6163093532985754
0 0.5131165359375002 1.0000000000000002 0.10369953125000002 0.6500165968750001 0.02772418165267121 0.73889395444248 0.4371411863401714 1.0888773575674802
0 0.8094967002404105 0.6492898425133263 0.6974834937500001 0.6478514625 0.6970441406651098 0.6820658893997533 0.8090573471555202 0.6835042694130795
0 0.6997667782468261 0.49475151614106727 0.6713498937500001 0.49359656250000006 0.6656937144875771 0.6327631810363867 0.6941105989844031 0.6339181346774538
0 0.8225809760088593 0.4599496387914769 0.7031048329765744 0.45835976744385826 0.7025859588158879 0.49735228311551494 0.8220621018481727 0.49894215446313356
0 0.8530070315990574 0.5079271556975345 0.8092492025851483 0.5066800982497871 0.8052795734375 0.6459698750000001 0.8490374024514091 0.6472169324477475