0 0.3110472538269604 0.33952437531931057 0.24226235267527793 0.33864248656059465 0.2416388406189612 0.38727471453351314 0.3104237417706437 0.3881566032922291
0 0.39808005225776977 0.3345601925495416 0.3168162500834292 0.33351831364665013 0.3161147999605018 0.3882295702682594 0.39737860213484244 0.38927144917115086
0 0.5245091171875 0.327060903125 0.4934853982341399 0.32632365218943904 0.49199446562500004 0.3890625 0.5230181845783601 0.38979975093556096
0 0.4893595304039051 0.3250903413421542 0.40384407607942546 0.32399394853212693 0.4030098328125001 0.3890625000000001 0.48852528713697974 0.39015889281002736
0 0.3559367625889425 0.1928856643868543 0.24425212238409205 0.19023157761698994 0.24164247949518214 0.30004600810976134 0.3533271197000326 0.30270009487962574
0 0.4160074981866204 0.015661838629687796 0.32709735726041106 -0.016860362556284626 0.257273176562917 0.17402701651044955 0.3461833174891264 0.206549217696422
0 0.9932097531741244 0.2500900826700988 0.7015258656555361 0.21777064436166974 0.6923014701478338 0.3010210868977913 0.9839853576664221 0.3333405252062204
0 0.3591579468750001 0.566622740625 6.106226635438361e-17 0.5374534921874999 -0.017051467613645184 0.7474064538637135 0.34210647926135485 0.7765757023012135
0 0.19190211997591883 0.7591486714922521 0.1478244590447237 0.7583792930060478 0.14660418125000013 0.82828895625 0.19068184218119524 0.8290583347362043
0 0.11086577049811926 0.7461996067132044 0.06591636656175717 0.745415011992064 0.06441300543633283 0.8315425179109239 0.10936240937269492 0.8323271126320642
0 0.9978301065133843 0.8072215921159881 0.6823496360948874 0.8000683251709824 0.6779140988537076 0.9956887858869286 0.9933945692722045 1.0028420528319342
0 0.6536204132977326 0.7672434147618454 0.5296875000000001 0.7655780937500001 0.5266263784611966 0.9933862505941532 0.6505592917589291 0.9950515716059986
0 1.0052714594638297 0.3944674709438048 0.5638478014802121 0.3844585498943964 0.5563831404538824 0.7136726539505918 0.9978067984375001 0.7236815750000002
0 0.5576430171875001 0.38906250000000014 0.5337606720713224 0.38874110331168094 0.5335357320518362 0.40545594628004206 0.557418077168014 0.4057773429683612