0 0.13966201759166103 0.600992119059404 0.13262084862127438 0.5971537057299449 0.1268294224349325 0.6284618675888556 0.13387059140531915 0.6323002809183147
0 0.14544682914103135 0.5653316145989384 0.13878980896134913 0.5613673212881047 0.13290169688498715 0.5905059546509377 0.13955871706466938 0.5944702479617713
0 0.191909879820133 0.5344131618429058 0.1564687354007441 0.5178271002798722 0.1389172804572688 0.6283511029994373 0.1743584248766577 0.644937164562471
0 0.1457968763046176 0.5353754916090141 0.14140421866775754 0.5336667517968837 0.13908981550767122 0.5512002853345587 0.14348247314453128 0.5529090251466889
0 0.15096960619053792 0.5246368822682116 0.14962215346772426 0.5151454955033756 0.13953751944515508 0.5193646266467314 0.14088497216796875 0.5288560134115674
0 0.1331477195629728 0.5100915570074845 0.12438240363345127 0.5060656609255398 0.10524277053313286 0.628871110419971 0.1140080864626544 0.6328970065019157
0 0.060776349722066414 0.39270947021439834 0.040624904262551415 0.377561998920064 0.026547055876012332 0.43275466412566144 0.04669850133552733 0.4479021354199958
0 0.1654154810394044 0.30062165748497094 0.15281841739237836 0.29240603337425997 0.14051347021484376 0.34800766471081307 0.1531105338618698 0.35622328882152404
0 0.16937214187622007 0.29068337921233167 0.16701392718849398 0.2740722401642619 0.15555305306423609 0.2788671526633401 0.1579112677519622 0.29547829171140993
0 0.043391389070713715 0.33504926242626076 0.0226900388955682 0.3194886788989626 0.008445398067122939 0.3753361244100277 0.029146748242268455 0.3908967079373259
0 0.12274654876709792 0.293645967858327 0.1016793786552454 0.27902413472864257 0.08829450188922122 0.3358567672266515 0.10936167200107375 0.35047860035633593
0 0.30992565684961176 0.20183604627679783 0.309133626953125 0.19450180217937968 0.3078989186168184 0.19489474523018946 0.30869094851330514 0.20222898932760758
0 0.04517755811314123 0.27687294769452275 0.02884441337009249 0.2655372120635839 0.01638549833997916 0.3184400954408856 0.0327186430830279 0.3297758310718244
0 0.3148045468064042 0.15171307763760014 0.2942107321387592 0.13741978053242615 0.2788737293673123 0.20254120506008008 0.2994675440349573 0.21683450216525407
0 0.07073751054828832 0.2376273089931929 0.032601870047905365 0.22466134071846788 0.027509018596875344 0.268804774883317 0.0656446590972583 0.281770743158042
0 0.16372746179063835 0.1885322788204564 0.14339287964049785 0.17324500801378862 0.12853391474237402 0.23149191489048374 0.1488684968925145 0.24677918569715152
0 0.1372627246012464 0.181724301566355 0.11595862917196295 0.16693803740864 0.10274908246490227 0.22302624613067684 0.12405317789418571 0.2378125102883918
0 0.19221032443850825 0.1350656008039785 0.18085243128361686 0.12652821229162847 0.16777587158451612 0.17779607960451638 0.1791337647394075 0.1863334681168664
0 0.2780529664970884 0.08207189333121453 0.25674911323172794 0.0672857958750712 0.2430890129405642 0.1252870658720612 0.2643928662059246 0.14007316332820455
0 0.25249802150363115 0.07736456070028473 0.2267194357760479 0.058793618478169135 0.19947433832478223 0.17024681567581876 0.22525292405236547 0.18881775789793437
0 0.12081601512337226 0.12480994381523068 0.09974826977849593 0.10897370121320736 0.08550335749335766 0.16482132643363417 0.10657110283823397 0.18065756903565752
0 0.1988417246127394 0.08168216926552387 0.18839951355805779 0.07383246171339229 0.17487694773961274 0.12684481835108274 0.18531915879429436 0.1346945259032143
0 0.033537441444765184 0.15923837134986665 0.011066514537845448 0.1466780885504922 0.0035922526268894056 0.18608468248581989 0.02606317953380914 0.19864496528519435
0 0.2966657783203125 0.07904881894383907 0.29121110986328125 0.02853829253981559 0.27392393614274524 0.03403989844640116 0.2793786045997765 0.08455042485042463
0 0.09490943025872044 0.1183267167321691 0.07313216185895893 0.10321203717679986 0.05974740276957932 0.16004418057874198 0.08152467116934083 0.17515886013411122
0 0.18209908755308532 0.0788443334938995 0.16139780523499997 0.06328477530944841 0.14637510585371194 0.12218636026118354 0.1670763881717973 0.13774591844563464
0 0.28651381059176995 0.026265441035069448 0.26568331648017735 0.011807876895381082 0.25202309593219635 0.06980963697818046 0.27285359004378895 0.08426720111786883
0 0.15500783164917892 0.07145117770866086 0.13304016114896047 0.05836855253671363 0.1215051606997138 0.1154487859264349 0.14347283119993223 0.12853141109838215
0 0.20867703382062852 0.027716924831571066 0.19750220126797963 0.019316905260618647 0.1842863049031081 0.07112962240191265 0.195461137455757 0.07952964197286506
0 0.19073580147174435 0.025454081041422334 0.17074734681245957 0.010014605178321173 0.15593596408015548 0.06652408221923958 0.17592441873944026 0.08196355808234074
0 0.10449999107264972 0.06210363463453717 0.0837989787113564 0.046542089629424736 0.06908005482632613 0.10424449910538074 0.08978106718761945 0.11980604411049316
0 0.26653641986759574 0.0005353160508251518 0.24175041550413692 -0.019280707769485858 0.22085115973543912 0.057756377804170284 0.24563716409889794 0.0775724016244813
0 0.21320032763671876 4.338228896916549e-17 0.1968093125 4.1659324918596716e-17 0.1968093125 0.020008833193629547 0.21320032763671876 0.02000883319362955
0 0.11210362457971901 0.013088168358161498 0.09154811029685303 -0.0018396911900995757 0.07889978042167559 0.049486969222426076 0.09945529470454155 0.06441482877068715
0 0.0832230691435247 0.028089443581955767 0.05925813506849276 0.01381909177181101 0.04232476538814896 0.09762294077192733 0.0662896994631809 0.11189329258207209
0 0.05219853260513392 0.050602531644275764 0.03136828150868881 0.03614513668540686 0.017983407375358508 0.09297776856788557 0.03881365847180362 0.10743516352675449
0 0.025237366699218756 0.04931238558256496 3.89446567993817e-18 0.04931238558256496 5.3819691312662906e-18 0.09101532187761945 0.025237366699218756 0.09101532187761945
0 0.974660809891633 0.4611768679504814 0.9683254705927566 0.3777371581586095 0.5485695098616472 0.47166038039118185 0.5549048491605235 0.5551000901830538
0 0.18608708496093748 0.8386093294216262 0.1823659081165003 0.7940730087282875 0.1374390737130411 0.8051354457260386 0.14116025055747827 0.8496717664193773
0 0.2043532192455319 0.8134210133791242 0.19826614350379596 0.7802464856758643 0.18438515026307933 0.78775239851743 0.19047222600481528 0.8209269262206897
0 0.23101638995321233 0.826283317050665 0.22719191112886464 0.7805106494029955 0.1915228151182298 0.7892935336025899 0.1953472939425775 0.8350662012502595
0 0.18589067822265629 0.8197191098072087 0.17913716910092392 0.78291253560785 0.16426434619140626 0.7909547661357922 0.17101785531313862 0.8277613403351509
0 0.6622470114188624 0.9794450223816608 0.6529006542968749 0.7588058860016764 0.5817690358216728 0.7676856521788219 0.5911153929436603 0.9883247885588062
0 0.8071511735335333 0.7999555004233949 0.802600465592243 0.6275408804624291 0.7749614072930847 0.629690725386897 0.779512115234375 0.8021053453478628