0 0.06847048936404312 0.3562405780312007 0.06481157752483199 0.3499865338304787 0.04760787196480615 0.36005151577362104 0.05126678380401728 0.366305559974343
0 0.43436058593750004 0.354827525390625 0.36270382807545404 0.3496383512721045 0.35939990530415244 0.39526187220448006 0.43105666316619845 0.40045104632300055
0 0.1876607705436807 0.31972257000167487 0.17759900214154942 0.29685413727584326 0.12366573159256845 0.3205839697457507 0.1337274999946997 0.3434524024715823
0 0.5723271114439435 0.2769455503408468 0.37198109466619 0.265101105407973 0.3643383893560449 0.3943756788448432 0.5646844061337986 0.406220123777717
0 0.5252272347151641 0.1293326466216862 0.41358981719595966 0.12421061754037988 0.41251684574524694 0.14759661553609107 0.5241542632644514 0.15271864461739743
0 0.6840770914135861 0.1784181364858452 0.5505446905001369 -0.026366414292934737 0.047412183246643536 0.3017076099225878 0.18094458416009268 0.5064921607013677
0 0.54045715625 0.05816349414062507 0.42006150468200365 0.052639622708494274 0.41698565820312505 0.11967929687500005 0.5373813097711214 0.12520316830713085
0 0.3566438559386693 0.5188472920134946 0.29978044422075045 0.5083439746412777 0.29575764455814646 0.530122818921318 0.3526210562760653 0.5406261362935348
0 0.5947686769230884 0.545040739980184 0.5890444694261616 0.502392459068504 0.37876267436371297 0.5306162608732341 0.38448688186063984 0.573264541784914
0 0.5244834841756824 0.4993294051318014 0.48485524269266733 0.4885771758927724 0.47389249615898654 0.5289812964984654 0.5135207376420016 0.5397335257374943
0 0.4550653143575316 0.5313908935411709 0.4388438175246743 0.4720098943391903 0.33928967327118226 0.4992057525667154 0.35551117010403965 0.558586751768696
0 0.519532592462935 0.4699392041611748 0.5033144363276407 0.4396783215764905 0.4371659320197971 0.47513025421522237 0.4533840881550915 0.5053911367999067
0 0.6017109331729786 0.4654966782546861 0.598778565684648 0.4256068601481532 0.5205692137810534 0.43135616088933526 0.5235015812693838 0.4712459789958682
0 0.5476036812292696 0.42070091390915654 0.5264274797872175 0.4192340127027232 0.525451763671875 0.4333194609375001 0.5466279651139271 0.43478636214393346
0 0.5129375240810383 0.4065054262846123 0.45513104373163615 0.40250110323435273 0.45139081441435075 0.45649512165349715 0.5091972947637529 0.4604994447037567
0 0.45142662304687503 0.4022444921875 0.3478311640447938 0.3950683093050184 0.3413264179991506 0.48897089837300317 0.4449218770012318 0.4961470812554848
0 1.0287581239286292 0.8303979825578066 0.9575915976562499 0.5239074453125 0.7926871807877867 0.5621979407417536 0.8638537070601658 0.8686884779870602