0 0.5066015963541666 0.15237694791666667 0.5055242844036683 0.1100733065231292 0.48962234370666086 0.11047826813363537 0.4906996556571592 0.15278190952717283
0 0.4861237058808449 0.08532962462017685 0.329715000137766 0.06050716859231628 0.3194185886098529 0.12538585743243139 0.4758272943529318 0.15020831346029193
0 0.7068271927083334 0.16343733984375 0.7066251305418877 0.14715300746725282 0.6802503229009133 0.14748027607417563 0.6804523850673591 0.16376460845067284
0 0.7494492760416667 0.16639858333333335 0.7492327756514082 0.14895069540366587 0.72611693359375 0.14923752604166665 0.7263334339840083 0.1666854139713341
0 0.5113276723449964 0.9765134035789508 0.5090578411677071 0.8748233119542763 0.4036304058018774 0.8771765646253256 0.4059002369791667 0.97886665625
0 0.20685202405969785 0.9682040339610524 0.20505520279383085 0.8365674553621253 0.10164430741682808 0.8379789999184593 0.10344112868269506 0.9696155785173864
0 0.509623322220118 0.8546177373500696 0.50857996484375 0.7781805872395832 0.4906821413215487 0.7784248902540969 0.4917254986979167 0.8548620403645834
0 0.20723500939559472 0.8199400337798896 0.20198531387452892 0.6690871224584786 0.08026013291233935 0.6733231702198413 0.08550982843340514 0.8241760815412524
0 0.20063046934989137 0.6581539800079629 0.1988645970408124 0.5287848102856987 0.0656241651957867 0.5306035248183031 0.06739003750486562 0.6599726945405674
0 0.5106853524994349 0.6229245389966324 0.5037613010158172 0.42646034652280324 0.28784768847062475 0.43406986024870003 0.2947717399542426 0.630534052722529
0 0.20047114443024536 0.5007355943906977 0.19870761695787356 0.371538170515378 0.06347814298684752 0.37338403466087705 0.06524167045921932 0.5025814585361967
0 0.7543892374707549 0.891581406177254 0.7530632800164092 0.7500798761785529 0.5083852859568999 0.7523726613529643 0.5097112434112456 0.8938741913516655