0 0.871094 0.601562 0.800781 0.601562 0.800781 0.648438 0.871094 0.648438
0 0.3437500000000001 0.601562 0.22265600000000005 0.601562 0.22265600000000005 0.667969 0.3437500000000001 0.667969
0 0.757812 0.597656 0.710938 0.597656 0.710938 0.644531 0.757812 0.644531
0 0.4609380000000001 0.566406 0.4453120000000001 0.566406 0.4453120000000001 0.617188 0.4609380000000001 0.617188
0 0.515625 0.5625 0.4843750000000001 0.5625 0.4843750000000001 0.613281 0.515625 0.613281
0 0.4140620000000001 0.554688 0.3710940000000001 0.554688 0.3710940000000001 0.617188 0.4140620000000001 0.617188
0 0.3515620000000001 0.542969 0.22265600000000005 0.542969 0.22265600000000005 0.570312 0.3515620000000001 0.570312
0 0.960938 0.5117190000000003 0.914062 0.5117190000000003 0.914062 0.5585940000000003 0.960938 0.5585940000000003
0 0.890625 0.511719 0.847656 0.511719 0.847656 0.558594 0.890625 0.558594
0 0.804688 0.511719 0.777344 0.511719 0.777344 0.554688 0.804688 0.554688
0 0.757812 0.507812 0.710938 0.507812 0.710938 0.558594 0.757812 0.558594
0 0.34765600000000013 0.496094 0.22265600000000005 0.496094 0.22265600000000005 0.523438 0.34765600000000013 0.523438
0 0.511719 0.4687500000000001 0.4804690000000001 0.4687500000000001 0.4804690000000001 0.523438 0.511719 0.523438
0 0.800781 0.42578100000000013 0.777344 0.42578100000000013 0.777344 0.4648440000000001 0.800781 0.4648440000000001
0 0.757812 0.42578100000000013 0.710938 0.42578100000000013 0.710938 0.4804690000000001 0.757812 0.4804690000000001
0 0.890625 0.4218750000000001 0.847656 0.4218750000000001 0.847656 0.4648440000000001 0.890625 0.4648440000000001
0 0.957031 0.4179690000000001 0.910156 0.4179690000000001 0.910156 0.4648440000000001 0.957031 0.4648440000000001
0 0.20703100000000008 0.398438 0.15625000000000006 0.398438 0.15625000000000008 0.699219 0.2070310000000001 0.699219
0 0.515625 0.39453100000000013 0.371094 0.3945310000000001 0.371094 0.4414060000000001 0.515625 0.44140600000000013
0 0.339844 0.347656 0.22656200000000007 0.347656 0.22656200000000007 0.371094 0.339844 0.371094
0 0.988281 0.33203100000000013 0.910156 0.33203100000000013 0.910156 0.3906250000000001 0.988281 0.3906250000000001
0 0.589844 0.33203100000000013 0.539062 0.33203100000000013 0.539062 0.37890600000000013 0.589844 0.37890600000000013
0 0.8820908899408609 0.3332929041444542 0.7773800502727324 0.327476048943514 0.7740990201182779 0.38653879171109173 0.8788098597864065 0.392355646912032
0 0.433594 0.316406 0.417969 0.316406 0.417969 0.371094 0.433594 0.371094
0 0.386719 0.316406 0.367188 0.316406 0.367188 0.371094 0.386719 0.371094
0 0.515625 0.3125000000000001 0.5 0.3125000000000001 0.5 0.3750000000000001 0.515625 0.3750000000000001
0 0.472656 0.3125000000000001 0.457031 0.3125000000000001 0.457031 0.3750000000000001 0.472656 0.3750000000000001
0 0.339844 0.308594 0.22656200000000007 0.308594 0.22656200000000007 0.328125 0.339844 0.328125
0 0.660156 0.30078100000000013 0.632812 0.30078100000000013 0.632812 0.3750000000000001 0.660156 0.3750000000000001
0 0.859375 0.25390600000000013 0.777344 0.25390600000000013 0.777344 0.2968750000000001 0.859375 0.2968750000000001
0 0.753906 0.2421880000000001 0.707031 0.2421880000000001 0.707031 0.3085940000000001 0.753906 0.3085940000000001
0 0.996094 0.2382810000000001 0.914062 0.2382810000000001 0.914062 0.3046880000000001 0.996094 0.3046880000000001
0 0.511719 0.22656200000000007 0.496094 0.22656200000000007 0.496094 0.2734380000000001 0.511719 0.2734380000000001
0 0.433594 0.22656200000000007 0.367188 0.22656200000000007 0.367188 0.277344 0.433594 0.277344
0 0.472656 0.22265600000000005 0.453125 0.22265600000000005 0.453125 0.27734400000000003 0.472656 0.2773440000000001
0 0.277344 0.22265600000000005 0.203125 0.22265600000000002 0.20312500000000003 0.285156 0.277344 0.285156
0 0.589844 0.21484400000000006 0.550781 0.21484400000000006 0.550781 0.26953100000000013 0.589844 0.26953100000000013
0 0.753906 0.19531200000000012 0.707031 0.19531200000000012 0.707031 0.2187500000000001 0.753906 0.2187500000000001
0 0.988281 0.1757810000000001 0.914062 0.1757810000000001 0.914062 0.2109380000000001 0.988281 0.2109380000000001
0 0.8931055490465808 0.16026874566922225 0.7890942148154488 0.1555412328225229 0.7863318057190452 0.21631776905336003 0.8903431399501771 0.22104528190005934
0 0.753906 0.1562500000000001 0.710938 0.1562500000000001 0.710938 0.1796880000000001 0.753906 0.1796880000000001
0 0.515625 0.058593800000000064 0.433594 0.05859380000000006 0.433594 0.18359400000000006 0.515625 0.18359400000000006
0 0.9974885560733945 0.11324779001006469 0.9960275794533431 0.05189836405268577 0.7727540113993003 0.057215405862156204 0.7742149880193517 0.11856483181953513
0 0.65625 0.054687500000000076 0.570312 0.05468750000000007 0.570312 0.17187500000000006 0.65625 0.17187500000000006