0 0.9921880000000001 0.8007810000000001 0.773438 0.800781 0.7734380000000001 0.9960940000000001 0.9921880000000002 0.9960940000000003
0 0.2968750000000001 0.792969 0.0820312000000001 0.792969 0.08203120000000011 0.996094 0.2968750000000001 0.996094
0 0.0703125000000001 0.792969 9.711069476730775e-17 0.792969 1.0954851382114805e-16 0.996094 0.07031250000000011 0.996094
0 0.992188 0.6093750000000001 0.777344 0.609375 0.777344 0.789062 0.992188 0.7890620000000002
0 0.71875 0.585938 0.527344 0.585938 0.527344 0.785156 0.71875 0.785156
0 0.515625 0.585938 0.3242190000000001 0.585938 0.3242190000000001 0.78125 0.515625 0.78125
0 0.3046880000000001 0.582031 7.127824011545331e-17 0.582031 8.323771212954667e-17 0.777344 0.3046880000000001 0.777344
0 0.71875 0.4140620000000001 0.527344 0.4140620000000001 0.527344 0.578125 0.71875 0.578125
0 0.9980108596329658 0.41409684972224675 0.7764223649602582 0.41006823053720276 0.7730042967601113 0.5980742326857862 0.9945927914328189 0.6021028518708301
0 0.519531 0.4101560000000001 0.328125 0.410156 0.32812500000000006 0.574219 0.519531 0.574219
0 0.289062 0.21875000000000003 0.06640620000000003 0.21875 0.06640620000000004 0.546875 0.28906200000000004 0.546875
0 0.996094 0.21484400000000012 0.777344 0.21484400000000012 0.777344 0.4023440000000001 0.996094 0.4023440000000001
0 0.722656 0.2148440000000001 0.527344 0.21484400000000006 0.527344 0.4023440000000001 0.722656 0.4023440000000001
0 0.519531 0.21093800000000004 0.328125 0.21093800000000004 0.328125 0.39843800000000007 0.519531 0.3984380000000001
0 0.05468750000000003 0.203125 2.487563810768061e-17 0.203125 4.6881010279859617e-17 0.5625 0.05468750000000005 0.5625
0 0.996094 0.054687500000000125 0.980469 0.054687500000000125 0.980469 0.1718750000000001 0.996094 0.1718750000000001
0 0.96875 1.0691742140551992e-16 0.777344 9.519718414364001e-17 0.777344 0.16796900000000012 0.96875 0.16796900000000012
0 0.07812500000000001 4.7837765591693494e-18 0 0 9.806726638212175e-18 0.160156 0.07812500000000003 0.160156