0 1.0179692000000005 0.9367186000000007 0.9960936000000005 0.9257808000000003 0.9609371999999996 0.9960936 0.9828127999999996 1.0070314000000005
0 0.9492133982182507 0.972673199672134 0.772659880155615 0.8843738403440844 0.7304636004506265 0.9687447994061187 0.9070171185132622 1.0570441587341681
0 1.002343679606851 0.8859442393733474 0.8242208000102165 0.7968714004402814 0.7828107204750647 0.8796809605652223 0.9609336000716993 0.9687537994982883
0 0.758109738509138 0.8793251754174586 0.579489864633406 0.7840616491414469 0.5351560000000001 0.8671879999999998 0.713775873875732 0.9624515262760116
0 1.0387443651870074 0.7978801329623488 0.8772466771978397 0.6984984081452582 0.8285613941006034 0.7776131616250613 0.9900590820897712 0.876994886442152
0 0.8035327507782948 0.7887284364284468 0.6280640546573246 0.6945749027578518 0.5835276303814633 0.7775749558935776 0.7589963265024334 0.8717284895641725
0 0.8530678731793716 0.6964232951552776 0.6776629395247237 0.601974883281036 0.6352676824975371 0.6807092642892305 0.810672616152185 0.775157676163472
0 1.0375004000000003 0.6476562000000003 0.9250000000000003 0.5914060000000001 0.8828122000000002 0.6757815999999999 0.9953126000000002 0.7320318000000001
0 0.996094 0.5585940000000003 0.984375 0.5585940000000003 0.984375 0.6015620000000003 0.996094 0.6015620000000003
0 0.9149249564015852 0.5854357412815324 0.7232860309270208 0.4800337190259606 0.6624202338049242 0.5906981608366566 0.8540591592794886 0.6961001830922285
0 1.0270143996509145 0.4862146715584626 0.7919351990069333 0.34196202306350076 0.7204623547892016 0.4584366892949703 0.9555415554331826 0.6026893377899321