0 0.5189716436550837 0.36341954274816307 0.5174200243658271 0.35226881544096755 0.482730403125 0.3570958625 0.48428202241425655 0.3682465898071955
0 0.4628901671875001 0.369599571875 0.46133854706634814 0.3584488439774346 0.4424669093198033 0.36107482616582803 0.4440185294409552 0.3722255540633934
0 0.4572601671874999 0.34440234218749993 0.4559301904667194 0.3348444576634818 0.43718876093750003 0.33745232187499996 0.43851873765828053 0.3470102063990181
0 0.4938896281249999 0.31494841250000005 0.49255965269659374 0.3053905293857291 0.4719524996903928 0.30825800608741977 0.47328247511879906 0.31781588920169074
0 0.44740766875000004 0.300307190625 0.4458560492205955 0.289156462878677 0.42498895625 0.2920601109375 0.4265405757794044 0.303210838683823
0 0.5004157355851417 0.29130703682625114 0.49886417293502755 0.2801567165351889 0.46654419976447137 0.2846540279948716 0.4680957624145855 0.2958043482859338
0 0.41507440404853596 0.1924345866418172 0.4084603437500001 0.16283316562500003 0.3967018742993079 0.16546044577892188 0.40331593459784376 0.19506186679573906
0 0.39084706250000006 0.19451206093750004 0.38429858799662725 0.16520417174314442 0.3725401201743884 0.16783145159335927 0.37908859467776124 0.19713934078771492
0 0.36889604062500003 0.19756653750000003 0.3646679230558955 0.1688767226922975 0.35083252439430834 0.17091569340537843 0.3550606419634129 0.19960550821308096
0 0.3465926578125 0.19904635781249996 0.3403960273217167 0.17131315398175218 0.3286370593047218 0.17394054532820274 0.33483368979550515 0.20167374915895056
0 0.3603436544595936 0.1592900659800294 0.3554890356183532 0.13756308286886515 0.3437300663844438 0.14019047542053373 0.34858468522568414 0.16191745853169798
0 0.3824020625000001 0.15671621562500002 0.3787616208262327 0.13119999212063696 0.36679428125 0.13290739218750003 0.37043472292376733 0.15842361569186308
0 0.40634904687500006 0.15338400312500003 0.4002956099568264 0.12629165738990486 0.3885371409695585 0.12891893636252344 0.3945905778877322 0.15601128209761858
0 0.3384637092903972 0.1626650032845381 0.3323028809853998 0.13509203319976965 0.3205439109375 0.137719425 0.32670473924249743 0.16529239508476845
0 0.3961514210074224 0.7822726708746961 0.31394357874262474 0.5579571696847154 0.12915061718749998 0.6256806687500001 0.21135845945229761 0.8499961699399808
0 0.5554985922301359 0.968948578279347 0.51875 0.7687437625 0.22818801159825064 0.8220778643186181 0.26493660382838663 1.0222826800979652
0 0.23765127187500007 1 0.1273381002681118 0.7245961303891814 -0.07357758875176268 0.805073020248012 0.03673558285512559 1.0804768898588306
0 0.6781954901751013 0.8791031632072602 0.6449574342368635 0.8640487465758963 0.6319842746001876 0.8926916768373829 0.6652223305384253 0.9077460934687467
0 0.6398412708197679 0.8111027401830195 0.6033487339564088 0.7997099930888114 0.5808460122133463 0.8717893077566569 0.6173385490767056 0.8831820548508651
0 0.5884157266287815 0.7837869946908762 0.5418539552876409 0.7696285542233828 0.513160767443936 0.8639896284175592 0.5597225387850767 0.8781480688850525