0 0.2174359501953125 0.30496007864238417 0.21326358558156913 0.2195437344816225 0.031546369140625 0.24505684354304635 0.03571873375436837 0.330473187703808
0 0.4415713371066575 0.2784774135529241 0.4370966162349947 0.18687123814513518 0.19911451939522476 0.22028393426220846 0.20358924026688763 0.3118901096699974
0 0.3738276015625 0.1932612326158941 0.36983664846278935 0.1115587256503866 0.15823896920291877 0.14126705142837986 0.16222992230262945 0.22296955839388732
0 0.1874595882766837 0.21998946074764564 0.18364480308384262 0.1349611769146037 -0.0006764956588647553 0.15873003034077654 0.0031382895339762996 0.24375831417381846
0 0.32703853955078127 0.11258194701986754 0.3226847634784399 0.023451766324436723 0.21969616095489483 0.03791137375939945 0.22404993702723616 0.12704155445483029
0 0.24733131835937502 0.12252651572847688 0.24297754248671763 0.03339633520413634 0.12448339062500001 0.05003292218543047 0.12883716649765742 0.13916310270977097
0 0.15361086697830262 0.13694300060320058 0.14972919712750285 0.04703598662387657 -0.003881669850799764 0.06609818552398727 0 0.1560051995033113
0 0.27830900944579584 0.014725215646113437 0.27734150342148584 -0.005081492182662089 0.19797818408203124 0.006061125827814571 0.19894569010634122 0.025867833656590098
0 0.09636538232421876 0.041516507450331135 0.09533740853105814 0.020471897457714137 -0.0009675056054974003 0.03399311019341401 0.00006046818766321108 0.05503772018603101
0 0.9991320059000953 0.20522598401518619 0.7552938875975322 0.11547963208886304 0.747403930453478 0.17709449327998053 0.991242048756041 0.2668408452063037
0 0.4692900336914062 0.8425045645695364 0.46208450317885086 0.7930514855295435 0.2922055334522884 0.8641954855295434 0.29941106396484374 0.9136485645695364
0 0.4398993554687499 0.749469588576159 0.43309678078652347 0.7030004490629888 0.24522715136718753 0.7820485248344372 0.252029726049414 0.8285176643476074
0 1.021120740753977 0.7276455363833673 0.9756497459159652 0.5592613908072569 0.9406327658551967 0.5864406730384243 0.9861037606932086 0.7548248186145347