0 0.20435898125000004 0.5390625 0.20391866093750005 0.535131965625 0.1814674009112723 0.5376470805909561 0.1819077212237723 0.541577614965956
0 0.30626946723550685 0.523465352705929 0.3048150132411467 0.5152161683770472 0.2663262460056398 0.5220023109836182 0.2677807 0.5302514953124999
0 0.2647162733659066 0.5307917993312896 0.26326181919317876 0.5225426131334322 0.20824168218436817 0.5322434813084411 0.20969613635709594 0.5404926675062985
0 0.15012019531250004 0.5390624999999999 0.1411202922059922 0.45872438241799973 0.02059557070469631 0.47222620257632436 0.029595473811204143 0.5525643201583246
0 0.1927001329952918 0.4503495566014825 0.19091762482137065 0.41479181915539265 0.14498319294438572 0.4170945106697019 0.14676570111830686 0.4526522481157918
0 0.13748277035787662 0.45651224380598443 0.13229630800307948 0.4102149993566687 0.08040361203455111 0.41602829380498846 0.08559007438934825 0.4623255382543041
0 0.08335892474815448 0.46334704069085453 0.07301916391537172 0.40132971663079137 0.01830553784655895 0.4104517775455438 0.028645298679341714 0.47246910160560684
0 0.025099717335297884 0.4670419960790394 0.01854715995457622 0.40855029739048365 0.013525273869278338 0.40911287631144433 0.02007783125 0.467604575
0 0.6633735390625001 0.20741682968750003 0.6515144340635288 0.175770503798805 0.5888389419844978 0.19925744013516308 0.6006980469834691 0.23090376602385812
0 0.242912311263383 0.9967109623369694 0.22956739820924704 0.894851234567741 0.15791380637424274 0.9042387616502898 0.17125871942837867 1.0060984894195184
0 0.2025309962345255 0.9093240440488634 0.006226761522539581 0.8134879186031183 -0.04629139222322296 0.9210625511500569 0.15001284248876295 1.016898676595802
0 0.46294951664119477 0.8932528725170551 0.24907577322076166 0.6876987364050132 0.2064378820244948 0.7320623555186084 0.4203116254449279 0.9376164916306504
0 0.4154227593749999 0.6574712359374999 0.41402114531249995 0.6467729203124999 0.410688211320071 0.6472095766345715 0.412089825382571 0.6579078922595715
0 0.26035691180985027 0.8840548562221606 0.22823883044908327 0.6389027123412315 0.09992919858256684 0.6557129230553603 0.13204727994333385 0.9008650669362895
0 0.11856419919386138 0.8497003531742505 0.090740721875 0.6373278953125001 -0.014239860649425628 0.6510816790479159 0.01358361666943576 0.8634541369096663
0 0.41121797656250003 0.5390625 0.3013644359375001 0.5390625 0.3013644359375001 0.6459635859375 0.41121797656250003 0.6459635859375
0 0.3211842093750001 0.5390625 0.2024719359375001 0.5390625 0.2024719359375001 0.6016578078125 0.3211842093750001 0.6016578078125
0 0.1957203723807389 0.5451353492632977 0.19491628433860259 0.5398018560085772 0.1749702734375 0.5428089562500001 0.17577436147963627 0.5481424495047206
0 0.27712049278103684 0.7071914082442337 0.07862503837869639 0.5136581555291551 0.02714789371443329 0.5664551765997972 0.22564334811677375 0.7599884293148758
0 0.07840488281250006 0.5691204921875 6.970128166297304e-17 0.5691204921875 7.438144334403034e-17 0.6455533328125 0.07840488281250008 0.6455533328125
0 0.978434987830266 0.7450778438539054 0.9469305476287084 0.5209120971953588 0.5842015433654781 0.5718903326953086 0.6157059835670357 0.7960560793538551
0 0.8091407359375001 1.0000000000000002 0.7676542680853706 0.704808448595655 0.4555387937499999 0.7486734187500002 0.4970252616021293 1.0438649701543454