0 0.01562500000000007 0.558594 6.840803541229166e-17 0.558594 7.03215460359594e-17 0.589844 0.01562500000000007 0.589844
0 0.4295307823976082 0.5284376032052758 0.3781247120064718 0.5210944159997541 0.3725783071985582 0.5599220895961661 0.42398437758969465 0.5672652768016877
0 0.04296880000000007 0.515625 6.31458505810354e-17 0.515625 6.505936120470315e-17 0.546875 0.04296880000000007 0.546875
0 0.4335940000000001 0.476562 0.37890600000000013 0.476562 0.37890600000000013 0.515625 0.4335940000000001 0.515625
0 0.05859380000000006 0.476562 0.007812500000000059 0.476562 0.00781250000000006 0.507812 0.05859380000000006 0.507812
0 0.08593750000000006 0.457031 0.06250000000000006 0.457031 0.06250000000000006 0.488281 0.08593750000000006 0.488281
0 0.22656200000000007 0.273438 0.17578100000000005 0.273438 0.17578100000000005 0.277344 0.22656200000000007 0.277344
0 0.308594 0.24609400000000003 0.17578100000000005 0.246094 0.17578100000000005 0.265625 0.308594 0.265625
0 0.09375000000000003 0.246094 0.07031250000000003 0.246094 0.07031250000000003 0.253906 0.09375000000000003 0.253906
0 0.308594 0.23437500000000003 0.17968800000000004 0.234375 0.17968800000000004 0.23828100000000002 0.308594 0.23828100000000005
0 0.12109400000000002 0.234375 0.07031250000000003 0.234375 0.07031250000000003 0.238281 0.12109400000000002 0.238281
0 0.023437500000000028 0.226562 2.7745842810842265e-17 0.226562 2.79850775630557e-17 0.230469 0.023437500000000028 0.230469
0 0.308594 0.21875000000000003 0.175781 0.21875 0.175781 0.22656200000000004 0.308594 0.22656200000000007
0 0.148438 0.21875 0.07031250000000003 0.21875 0.07031250000000003 0.226562 0.148438 0.226562
0 0.035156200000000026 0.210938 2.5832454651854436e-17 0.210938 2.6071628171727917e-17 0.214844 0.035156200000000026 0.214844
0 0.308594 0.20703100000000002 0.175781 0.207031 0.175781 0.21093800000000001 0.308594 0.21093800000000004
0 0.144531 0.207031 0.09765620000000003 0.207031 0.09765620000000003 0.210938 0.144531 0.210938
0 0.007812500000000024 0.199219 2.4397291067933655e-17 0.199219 2.4636464587807133e-17 0.203125 0.007812500000000024 0.203125
0 0.308594 0.19140600000000002 0.175781 0.191406 0.175781 0.19921900000000003 0.308594 0.19921900000000006
0 0.148438 0.191406 0.09765620000000003 0.191406 0.09765620000000003 0.199219 0.148438 0.199219
0 0.347656 0.18359400000000006 0.324219 0.18359400000000006 0.324219 0.19140600000000005 0.347656 0.19140600000000005
0 0.308594 0.17968800000000001 0.175781 0.179688 0.175781 0.18359400000000003 0.308594 0.18359400000000006
0 0.148438 0.179688 0.12109400000000002 0.179688 0.12109400000000002 0.183594 0.148438 0.183594
0 0.347656 0.17187500000000006 0.324219 0.17187500000000006 0.324219 0.17578100000000005 0.347656 0.17578100000000005
0 0.757812 0.16796900000000012 0.714844 0.16796900000000012 0.714844 0.2109380000000001 0.757812 0.2109380000000001
0 0.148438 0.167969 0.125 0.167969 0.125 0.171875 0.148438 0.171875
0 0.308594 0.16406200000000004 0.175781 0.164062 0.175781 0.17187500000000003 0.308594 0.17187500000000006
0 0.351562 0.15625000000000006 0.328125 0.15625000000000006 0.328125 0.16015600000000005 0.351562 0.16015600000000005
0 0.226562 0.152344 0.175781 0.152344 0.175781 0.15625 0.226562 0.15625
0 0.785156 0.1445310000000001 0.765625 0.1445310000000001 0.765625 0.16796900000000012 0.785156 0.16796900000000012
0 0.226562 0.140625 0.175781 0.140625 0.175781 0.144531 0.226562 0.144531
0 0.808594 0.1250000000000001 0.789062 0.1250000000000001 0.789062 0.1406250000000001 0.808594 0.1406250000000001
0 0.226562 0.125 0.175781 0.125 0.175781 0.128906 0.226562 0.128906
0 0.679688 0.12109400000000008 0.65625 0.12109400000000008 0.65625 0.13671900000000006 0.679688 0.13671900000000006
0 0.226562 0.11328100000000003 0.175781 0.11328100000000003 0.175781 0.11718800000000003 0.226562 0.11718800000000003
0 0.167969 0.11328100000000003 0.144531 0.11328100000000003 0.144531 0.11718800000000003 0.167969 0.11718800000000003
0 0.226562 0.09765620000000003 0.175781 0.09765620000000003 0.175781 0.10546900000000002 0.226562 0.10546900000000002
0 0.167969 0.09765620000000003 0.144531 0.09765620000000003 0.144531 0.10546900000000002 0.167969 0.10546900000000002
0 0.675781 0.08984380000000008 0.65625 0.08984380000000008 0.65625 0.10546900000000008 0.675781 0.10546900000000008
0 0.949219 0.05859380000000011 0.882812 0.05859380000000011 0.882812 0.1210940000000001 0.949219 0.1210940000000001
0 0.710938 0.023437500000000087 0.671875 0.023437500000000083 0.671875 0.06250000000000008 0.710938 0.06250000000000008
0 0.8003327918680867 0.005596915667007374 0.747994378977985 -0.002254063995698996 0.7285677420524236 0.12725325714868396 0.7809061549425252 0.13510423681139033
0 0.996094 1.181593116276529e-16 0.933594 1.1433229038031742e-16 0.933594 0.007812500000000118 0.996094 0.007812500000000121
0 0.828125 1.0022013422268285e-16 0.808594 9.90242053909755e-17 0.808594 0.027343800000000102 0.828125 0.027343800000000106