0 0.9960940000000001 0.9023440000000001 0.882812 0.902344 0.8828120000000002 0.9687500000000001 0.9960940000000003 0.9687500000000002
0 0.8640232356001183 0.8994987135839952 0.4336157579751786 0.8930734941116579 0.4328134702655347 0.946816503346442 0.8632209478904743 0.9532417228187793
0 0.996094 0.8007810000000002 0.910156 0.8007810000000002 0.910156 0.8906250000000002 0.996094 0.8906250000000002
0 0.902344 0.535156 0.792969 0.535156 0.792969 0.890625 0.902344 0.890625
0 0.753906 0.535156 0.4335940000000001 0.535156 0.4335940000000001 0.890625 0.753906 0.890625
0 1.0001095294024582 0.32505900848324115 0.5723620607031839 0.3097831512160718 0.5679435079499312 0.43350941563856527 0.9956909766492057 0.44878527290573456
0 0.589844 0.13671900000000006 0.457031 0.13671900000000006 0.457031 0.2929690000000001 0.589844 0.2929690000000001
0 0.996094 1.1839848514752637e-16 0.933594 1.145714639001909e-16 0.933594 0.3046880000000001 0.996094 0.3046880000000001
0 0.9297907978121305 0.0000013528602125396916 0.6073755043604563 -0.004241761009122278 0.603303488050091 0.3051725922408946 0.9257187815017652 0.3094157061102294
0 0.753906 8.323771212954667e-17 0.605469 7.414856728329489e-17 0.605469 0.12890600000000008 0.753906 0.1289060000000001
0 0.589844 6.458101416495619e-17 0.460938 5.668779815041174e-17 0.460938 0.12890600000000005 0.589844 0.12890600000000005