0 0.12422985576923083 0.6294320913461539 0.11408862980769238 0.6294320913461539 0.11408862980769238 0.6369254903846154 0.12422985576923083 0.6369254903846154
0 0.5501613461538463 0.6244362788461538 0.49692007211538475 0.6244362788461538 0.49692007211538475 0.6369254903846154 0.5501613461538463 0.6369254903846154
0 0.28141918269230776 0.6169435192307693 0.20789480769230775 0.6169435192307693 0.20789480769230775 0.6369254903846154 0.28141918269230776 0.6369254903846154
0 0.6644041051293761 0.6168780762964314 0.6447128719126968 0.5702415135104802 0.5633275996097795 0.6046046029318657 0.5830188328264588 0.6512411657178169
0 0.10648254807692314 0.571983764423077 0.022817725961538533 0.571983764423077 0.02281772596153854 0.6369254903846154 0.10648254807692314 0.6369254903846154
0 0.11753803203035458 0.6215412528482762 0.09127880167951795 0.5611781776921568 0.08244628688102221 0.5650205107752712 0.10870551723185883 0.6253835859313905
0 0.194711057535032 0.6361770855633045 0.160440769426429 0.5433235073573021 0.10100537777408763 0.5652598509546856 0.13527566588269066 0.6581134291606882
0 0.26917718325232737 0.6042777012012587 0.23762285051764817 0.5265525896089227 0.17363081483236217 0.5525316579565336 0.20518514756704137 0.6302567695488696
0 0.9183738546966146 0.29955090713878296 0.8256418269230769 0.2836538461538462 0.8226525876110777 0.30109091978429414 0.9153846153846155 0.3169879807692308
0 0.94200643397837 0.1818187018667589 0.85128125 0.16314182692307708 0.8472302799390484 0.18281990503726478 0.9379554639174186 0.20149677998094662
0 0.9287132865879134 0.24060692115817187 0.8384615384615385 0.22468028846153854 0.835390078796702 0.24208538653413603 0.925641826923077 0.2580120192307694
0 0.8796774969440265 0.3560715065382489 0.797435096153846 0.3375000000000001 0.7941295855342928 0.3521381839636761 0.8763719863244733 0.370709690501925
0 0.9522729278846154 1.1363026631288618e-16 0.8999999999999999 1.1042947262208844e-16 0.8999999999999999 0.019550480769230882 0.9522729278846154 0.019550480769230886
0 0.9435239428010846 0.6823161348818412 0.8988774038461538 0.6711538461538462 0.8952573071989156 0.6856333843489284 0.9399038461538465 0.6967956730769234
0 0.9332669184254877 0.7207777731735175 0.8886225961538463 0.7096153846153848 0.8850023123437434 0.724094822980329 0.9296466346153848 0.7352572115384619
0 0.9383957903507751 0.7002628510374195 0.89375 0.6891033653846156 0.8901306519569173 0.7035833028087346 0.9347764423076925 0.7147427884615385
0 0.9433499143289074 0.7747238980884057 0.8783653846153846 0.7557692307692307 0.8749193164403233 0.7675837942192867 0.9399038461538461 0.7865384615384616
0 0.9279655559002441 0.8311324922613157 0.8629807692307693 0.8121802884615386 0.8595344440997559 0.8239973154309923 0.9245192307692308 0.8429495192307694
0 0.9228378950981383 0.8516469750114827 0.8578533653846155 0.8326923076923077 0.8544072972095543 0.8445068711423639 0.919391826923077 0.8634615384615388
0 0.9177083443617824 0.8695940307228545 0.8527235576923078 0.8506418269230771 0.8492772325612944 0.8624588538925307 0.9142620192307691 0.881411057692308
0 0.9382225104827537 0.795235917319175 0.873237980769231 0.7762812500000003 0.8697912664160008 0.7880980288191636 0.9347757961295234 0.8070526961383384
0 0.9323610127913994 0.810218485516368 0.9065697115384614 0.8044879807692309 0.9038553333624468 0.8167045914067093 0.9296466346153847 0.8224350961538462