0 0.4704047033640974 0.46950485772327766 0.46960141648893783 0.3982948365004412 0.2651242766385388 0.4055848656374133 0.26592756351369834 0.47679488686024984
0 0.6426388382665704 0.2814462499203654 0.6426158574349938 0.2524053144088107 0.5541450715586825 0.2526265780061591 0.5541680523902591 0.2816675135177138
0 0.5126167317315652 0.28310474440035 0.5033760064397551 0.1687610193381719 0.46356649290193014 0.1789290194041976 0.47280721819374016 0.2932727444663757
0 0.3692904069507816 0.808723072478473 0.32022518807221495 0.7989113047976034 0.3078448338926206 0.9945769140990013 0.3569100527711872 1.004388681779871
0 0.4072548545715849 0.7994081272257039 0.3730416394059077 0.7930779009326436 0.36173429002463825 0.9862259879256368 0.39594750519031546 0.9925562142186971
0 0.3663616769287588 0.7800363646221982 0.35812156610386214 0.6793634661779461 0.31017686015804696 0.6917661618119686 0.3184169709829436 0.7924390602562207
0 0.40267551898040055 0.7741528799526959 0.3932553708084533 0.6590448522280045 0.36062526244145626 0.6674845245252484 0.37004541061340357 0.7825925522499398
0 0.4642922119791667 0.6190750703703704 0.4642673323057411 0.6170422269090504 0.46055992656250005 0.6171856324074074 0.4605848062359256 0.6192184758687276
0 0.8344092291680194 0.5015479799990618 0.7859155127572575 0.45254803252138576 0.7059604956577733 0.702634689287516 0.7544542120685354 0.7516346367651922
0 0.7222804864936495 0.6446025099506992 0.6306918895833333 0.5525468342592593 0.609522072248497 0.6191144332756698 0.7011106691588131 0.7111701089671096
0 0.6421488062500001 0.47962962962962974 0.6018816221941933 0.445760156780158 0.5681734255084047 0.5724183499433493 0.6084406095642113 0.6062878227928211