0 0.08042880625000007 0.5785149171875 7.084764415926681e-17 0.5785149171875 8.27938986944027e-17 0.773612059375 0.08042880625000007 0.773612059375
0 0.2511708809315107 0.6025014203578991 0.18873554378651725 0.5948734968289114 0.1606666528057104 0.8246202509767399 0.22310198995070385 0.8322481745057274
0 0.18843260390517771 0.568536424674468 0.11559160044959257 0.5596372066071014 0.08599422779441503 0.8018947069326334 0.15883523125000015 0.8107939249999999
0 0.09213096093750005 0.412203615625 5.048038384721222e-17 0.412203615625 6.224275699572743e-17 0.604297746875 0.09213096093750006 0.604297746875
0 0.11284392762365662 0.2651618612234366 0.01572240547291965 0.2532962147813833 -0.006271662775736914 0.4333198988704467 0.09084985937500005 0.4451855453125
0 0.3006191515737463 0.2121687840361986 0.23818381685835632 0.20454086024867055 0.19018731526926316 0.5973971243322819 0.2526226499846531 0.60502504811981
0 0.23960031679468807 0.16412996802243537 0.1442133306909173 0.15247623586919506 0.09373249998226114 0.5656669831762312 0.18911948608603193 0.5773207153294716
0 0.13425440950406792 0.10432139041184976 0.03713299687500001 0.09245575624999999 0.014753140825204198 0.2756371357147215 0.11187455345427214 0.2875027698765712
0 0.3233107445165773 0.012029267500332397 0.25046929839132254 0.0031299959044709725 0.23051727262474522 0.1664393627791386 0.30335871875 0.17533863437500002
0 0.24729052220401254 0.0003355906427109978 0.1623087588007981 -0.01004690060136744 0.14491042219028205 0.13236028190289256 0.2298921855934965 0.142742773146971
0 0.1468271027595797 0.0014126074605492727 0.04623706141670541 -0.010876797458542637 0.034369984951924726 0.08625644211409782 0.134960026294799 0.09854584703318972
0 0.4997269169070295 0.742257263141221 0.4390625000000001 0.7215416328125002 0.43295906110187926 0.7394151686888785 0.49362347800890854 0.7601307990175993
0 0.22371537343750023 0.97670160625 0.17923095934658323 0.9664315699551163 0.1714810765625001 0.9999999999999998 0.2159654906534171 1.0102700362948835
0 0.7736044172106062 0.9713545577075969 0.745845405457921 0.8409307691995476 0.6173104554348148 0.8682877661794507 0.6450694671875 0.9987115546874998