0 0.22746718990384618 0.37199470192307693 0.1441512160625689 0.3602854053199277 0.1262048028846154 0.4879807692307692 0.20952077672589273 0.49969006583391845
0 0.13734423758168005 0.3569014323930544 0.037365554778882856 0.3428503435018457 0.016968801659627337 0.48798076905860827 0.11694748446242453 0.502031857949817
0 0.27133169471153845 0.07715378125000004 0.1856354171220853 0.06510995531332758 0.1458239466645881 0.34838329731519696 0.23152022425404126 0.36042712325186943
0 0.1818778851890686 0.0572993028871761 0.05095347560121149 0.03889907687243628 0.010138329519863154 0.3293139282260019 0.14106273910772027 0.34771415424074176
0 0.2797476370192308 3.416070845000482e-17 0.17976834358801635 -0.014051171924349737 0.1746595286841702 0.022299938652573334 0.27463882211538465 0.036351110576923105
0 0.6547186634615384 0.08258433894230775 0.6361576153846153 0.0799803942307693 0.6309667020302073 0.11698148411849847 0.6495277501071304 0.11958542883003692
0 0.634947735543682 0.10761823253665928 0.46374509330211083 0.08276008384205556 0.45823190522405094 0.12073042418133717 0.6294345474656222 0.14558857287594087
0 0.6681544432891239 0.23584756617759 0.4595771084944792 0.21047027844438926 0.45491685510920143 0.24877315938218394 0.6634941899038461 0.2741504471153847
0 0.6543111899038462 0.28927084855769236 0.45913461538461536 0.2633093653846154 0.4577869071391744 0.27344133962672196 0.6529634816584052 0.2994028227997989
0 0.6276085745192308 0.46089146394230784 0.5494566682692308 0.4608914639423078 0.5494566682692308 0.4879807692307693 0.6276085745192308 0.4879807692307694
0 0.6143036778846154 0.43378047355769245 0.5218961682490618 0.3603302795163855 0.5059481150639931 0.38039448625678945 0.5983556246995465 0.4538446802980963
0 0.6758086814370501 0.358704174610051 0.640727997596154 0.3569595841346154 0.6369215829860272 0.4334999696207183 0.6720022668269233 0.435244560096154
0 0.8980637942337822 0.4750053869869731 0.730594340665224 0.3881796933627411 0.7066081957736394 0.43444418501880144 0.8740776493421977 0.5212698786430334
0 0.5550442860576924 0.459110016826923 0.46338119956586155 0.3929051226600149 0.44796415430576064 0.414250583156672 0.5396272407975915 0.48045547732358007
0 0.27682111399661363 0.87295881745046 0.11257006851984183 0.8498748420274443 0.09165942886762084 0.9986617975464191 0.2559104743443926 1.0217457729694348
0 0.47222109458290107 0.850697693258853 0.3520725514335706 0.7779393669230183 0.217809927202968 0.9996522555105603 0.3379584703522985 1.072410581846395
0 0.3497280974647526 0.7647768741473939 0.17531681467233803 0.6890803074470686 0.11002154746165281 0.8395261177514369 0.28443283025406735 0.9152226844517622
0 0.7102059447115384 0.4879807692307693 0.45913461538461536 0.4879807692307692 0.4591346153846155 0.7779628365384615 0.7102059447115384 0.7779628365384615