0 0.26436795275492886 0.1962566870789769 0.23843029659789094 0.19385623820706407 0.23670646798821338 0.244097362611627 0.2626441241452513 0.24649781148353989
0 0.78525095703125 0.173373103448276 0.6690688255200246 0.12968760767254517 0.6673347283834815 0.14212709522557385 0.783516859894707 0.18581259100130468
0 0.7476782407839789 0.1278290075543016 0.7388446860492416 0.11992742695446501 0.6978079714928644 0.24367056092933964 0.7066415262276018 0.25157214152917623
0 0.7663502773521169 0.23560657439902036 0.6570748738386464 0.18485097656886348 0.6554375600585938 0.19435915637530085 0.7647129635720643 0.24511475420545772
0 0.7984519565031984 0.2167696628189063 0.7400333476329699 0.14760579247804578 0.6391805306708678 0.3773724220787446 0.6975991395410963 0.4465362924196052
0 0.6948924896715835 0.3716126532468742 0.6037691016752719 0.32689937450065654 0.6019846727586654 0.33670825834033 0.693108060754977 0.38142153708654775
0 0.7405796743164064 0.4046205525260626 0.590530258920258 0.35648179198846863 0.5891411518554689 0.3681606968724941 0.7391905672516172 0.4162994574100881
0 0.6842957470703125 0.3530598789093826 0.6766833531686615 0.34410497779437277 0.6148756529624709 0.4858246176848384 0.622488046864122 0.49477951879984833
0 0.6755551289062501 0.37536878267842844 0.6662703469578232 0.36650987189027 0.6101420200195312 0.5251819374498798 0.6194268019679582 0.5340408482380382
0 0.8075749238471434 0.6912658894531513 0.8073270966796875 0.6718449719326383 0.750967113522514 0.6737848615633008 0.7512149406899699 0.6932057790838136
0 0.88914044140625 0.667485016840417 0.8728094097994041 0.6382083074565775 0.8353708540039061 0.6945380080192461 0.851701885610752 0.7238147174030856
0 0.9050512993164063 0.7315109093825184 0.8921755046570192 0.7026766062354302 0.8501489533014619 0.7532958127943215 0.863024747960849 0.7821301159414098
0 0.92490937890625 0.7943830120288694 0.912055354687611 0.7638312622371091 0.8683062954101564 0.8134789174017646 0.8811603196287954 0.8440306671935249
0 0.9480889467773439 0.8555284995990383 0.9312325132709185 0.8243570425599368 0.8934771806640625 0.8794268917401766 0.9103336141704879 0.9105983487792781
0 0.9286558413085938 0.9217615204490779 0.9128433254092847 0.8904136091695571 0.8716552788085938 0.9464526327185249 0.8874677947079029 0.9778005439980457
0 0.8477594204101562 0.9742902012830794 0.8027232788085937 0.9742902012830794 0.8027232788085937 1 0.8477594204101562 1
0 0.7800388413085936 0.8786721539695267 0.7784892114939693 0.8451295190568572 0.7040577905273437 0.8544045228548515 0.705607420341968 0.887947157767521
0 0.7662570400390625 0.8297052686447476 0.7644726336802982 0.7968330739909968 0.6896262779560316 0.807791866879964 0.6914106843147958 0.8406640615337148
0 0.7501672293445432 0.7833220499082864 0.748669713470747 0.7501254049355917 0.6782690551757813 0.7586914619085807 0.6797665710495775 0.7918881068812754
0 0.7411963540039063 0.7340627898957499 0.7397358980186255 0.7012084828326989 0.6628195273552565 0.710430840098017 0.6642799833405373 0.743285147161068