0 0.02343750000000003 0.234375 2.8702659355016093e-17 0.234375 3.061616997868383e-17 0.265625 0.023437500000000035 0.265625
0 0.035156200000000026 0.1875 2.296212748401287e-17 0.1875 2.511481162755409e-17 0.222656 0.035156200000000026 0.222656
0 0.02343750000000002 0.179688 0.0039062500000000226 0.179688 0.0039062500000000226 0.183594 0.02343750000000002 0.183594
0 0.296875 0.15234400000000006 0.242188 0.15234400000000006 0.242188 0.16406200000000007 0.296875 0.16406200000000007
0 0.046875000000000014 0.140625 1.7221595613009655e-17 0.140625 1.8895932716803917e-17 0.167969 0.046875000000000014 0.167969
0 0.054687500000000014 0.128906 0.007812500000000017 0.128906 0.007812500000000017 0.132812 0.054687500000000014 0.132812
0 0.027343800000000015 0.109375 1.3394574365674175e-17 0.109375 1.4112156157634566e-17 0.121094 0.027343800000000015 0.121094
0 0.0664062 0.05468750000000001 6.697287182837088e-18 0.0546875 1.0045930774255631e-17 0.109375 0.0664062 0.109375
0 0.3219855194076774 0.058505492078975985 0.12550230721197506 -0.0035424650990235895 0.029980340147112663 0.29894070723676136 0.22646355234281498 0.36098866441476096
0 0.16075702129507752 0.004807308879053694 0.11568373135469677 -0.004206795247017836 0.09900804023847622 0.07917678343427377 0.14408133017885696 0.08819088756034531
0 0.08374291944830327 0.0003950101060593604 0.05778175229144629 -0.005595997007997584 0.0429688 0.05859380000000001 0.06892996715685698 0.06458480711405695
0 0.03632804400018433 0.000390608000266246 0.014062303000931843 -0.007031178999365122 -0.002343672999805438 0.04218758899956992 0.019922067999447048 0.04960937599920128