0 0.5234888819476234 0.37069632955198634 0.5039976337382107 0.28485589803327294 0.2714366984375 0.32152683723958336 0.2909279466469127 0.40736726875829676
0 0.5319365365885156 0.28045040681674144 0.5296875 0.27054552864583337 0.5107661024234779 0.2735291114937919 0.5130151390119935 0.28343398966469996
0 0.503029150481028 0.2856039130760302 0.5006756047012131 0.27377661908372386 0.26977643772830084 0.3056844389879656 0.27212998350811585 0.31751173298027197
0 0.5425048414506028 0.2564434223406251 0.5065507552459295 0.10639583607352708 0.48019941093749996 0.11078073437500002 0.5161534971421733 0.26082832064209804
0 0.4921487312500001 0.2662056848958333 0.4555413962832192 0.11343186825186624 0.2285177840714284 0.15120889051993638 0.26512511903820923 0.30398270716390347
0 0.24407494988017414 0.04029089481765804 0.23507898790860468 0.0006722333496634036 0.0741650140625 0.026045657552083334 0.08316097603406943 0.06566431902007797
0 0.7634664318978528 0.1430558912084576 0.7600615634924259 0.139819389899963 0.7300656800320731 0.1617334934831721 0.7334705484374999 0.16496999479166666
0 0.7033265103638036 0.07056800767856553 0.69992116875 0.06733105598958337 0.6699262521361966 0.08924444935268461 0.6733315937500001 0.09248140104166676
0 1.0047210396061104 0.25633448469918174 1 0.2516219309895835 0.8919465885188895 0.3267941416029018 0.8966676281249999 0.33150669531250004
0 0.7890526263726751 0.1735888461090547 0.7857071665458053 0.17028285309364913 0.7653473292356303 0.18459041714084443 0.7686927890625 0.18789641015625
0 0.7016970743337908 0.13797651875930073 0.698291840625 0.13473943749999995 0.6682967522287091 0.1566513848865325 0.6717019859375 0.15988846614583327
0 0.7288825102712908 0.16816704480096759 0.7254772765624999 0.1649299635416668 0.6954821881662092 0.18684191092819932 0.6988874218750001 0.1900789921875001
0 0.6779795790212908 0.04151064766555079 0.6745743453124999 0.03827356640624994 0.6445792569162092 0.060185513792782475 0.6479844906250001 0.06342259505208332
0 0.6672036947763174 0.09595138091750026 0.6637989350674148 0.09271475047496376 0.6338028793535975 0.11462740601579686 0.6372076390624999 0.11786403645833336
0 0.6153134242656567 0.032212058393215136 0.6119086640624999 0.028975427083333376 0.5819126069843431 0.050888080929701617 0.5853173671875 0.05412471223958337
0 0.633795615625 0.019251670572916657 0.6303174989651932 0.01610692981703114 0.617962925527693 0.025596019660781177 0.6214410421874998 0.028740760416666695
0 0.7544686981074142 0.19869995766044088 0.7511233265624999 0.19539386848958332 0.7307631300175856 0.2097008912978925 0.7341085015625 0.21300698046875002
0 1.003723688360477 0.32029233186080525 1 0.31665727734375 0.927137616327023 0.3684899116287781 0.9308613046875 0.3721249661458334
0 0.6418568720209871 0.06689389218139936 0.6384521124044402 0.06365726162790912 0.608456056008453 0.08556991632150983 0.6118608156249999 0.08880654687500007
0 0.7381194996569916 0.113998531984064 0.7347147414129747 0.11076190290955468 0.7047186855059829 0.1326745584254907 0.7081234437499999 0.1359111875
0 0.26366991637741377 0.9982287578018431 0.18907987275956478 0.6642072713032522 0.10464466734900042 0.6773011263499814 0.17923471096684943 1.0113226128485724
0 1.0310291732606953 0.6778401542027884 0.9982788962790646 0.5374355128928566 0.8100728859374998 0.5679217981770833 0.8428231629191305 0.7083264394870151