0 0.1037449008932663 0.4881009668913535 0.0754159331118587 0.3407002547107556 0.053551171942216286 0.34490244685460403 0.08188013972362389 0.49230315903520194
0 0.08253474067299155 0.33101352627094865 0.05661273403946256 0.2187329644703005 0.028067004189317984 0.22532326457806237 0.05398901082284696 0.3376038263787105
0 0.6341624422469594 0.20572753667410654 0.6304610280823548 0.18892538391569724 0.5621005486739066 0.20398479031556765 0.5658019628385111 0.22078694307397695
0 0.6260732050781251 0.18010401953125 0.6248394704185051 0.1745036207330945 0.5585033085937501 0.18911708398437502 0.55973704325337 0.1947174827825305
0 0.6238249589843751 0.17081182031250003 0.6225911193948729 0.16521094506580702 0.5562549491469443 0.17982440983029657 0.5574887887364465 0.18542528507698958
0 0.6216488662213683 0.15367364938938424 0.6204150255348192 0.14807277004386168 0.55220808203125 0.16309835742187506 0.5534419227177991 0.16869923676739762
0 0.6194006203541258 0.14438145169877567 0.6177555351363446 0.13691377361687493 0.549510208984375 0.15194781445312502 0.5511552942021563 0.15941549253502577
0 0.6134829804687502 0.12806751953125 0.6122491403728465 0.1224666424409279 0.5459129704700255 0.13708010831687178 0.5471468105659292 0.1426809854071939
0 0.6131821640625 0.11834581445312503 0.6115370791636332 0.11087813736030311 0.5432149841867799 0.12592908898934546 0.5448600690856468 0.13339676608216738
0 0.609135298828125 0.10161976171875002 0.6079014581847555 0.09601888266085572 0.5396177421874999 0.11106138281250001 0.5408515828308695 0.11666226187039432
0 0.6049395078125 0.09275659570312503 0.6032944230050666 0.08528891948395209 0.5369582514042573 0.0999023848888394 0.5386033362116908 0.10737006110801234
0 0.6028400722656249 0.07560103515625004 0.6016063160501182 0.07000053925740869 0.533322609375 0.08504303710937502 0.5345563655905067 0.09064353300821637
0 0.60059184765625 0.06630893359375002 0.5989467629456032 0.058841257355332646 0.5306246675584021 0.07389220907477223 0.5322697522690487 0.0813598853131896
0 0.5137823578935989 0.9890681188568349 0.48828125 0.84967914453125 0.3969676009234277 0.8663849078710445 0.4224687088170267 1.0057738821966293
0 1.0027936940328364 0.6483290125186132 0.8390308554687499 0.5263647968750002 0.7689456692484132 0.620469030450137 0.9327085078124998 0.74243324609375
0 0.7407944121093751 0.6113403242187501 0.6493008874561049 0.579962676355432 0.5831333151904798 0.772899522058557 0.67462683984375 0.8042771699218751