0 0.2035006676007685 0.16854365822331105 0.197282939453125 0.0014061582031249997 -0.006217728147643482 0.008976642557938973 8.673617379884035e-19 0.17611414257812502
0 0.6982458888681523 0.4626284832853793 0.691991505859375 0.418360634765625 0.5907763100168849 0.4326608237803419 0.5970306930256623 0.47692867230009617
0 0.6930633090119946 0.38229354527850734 0.6892094238281251 0.3409867656250001 0.5837120571229226 0.35082957452690183 0.5875659423067923 0.3921363541804091
0 0.7721190800265879 0.2945395070219011 0.7678159628906247 0.25536315234375 0.5731066660621271 0.2767499536068424 0.5774097831980903 0.31592630828499346
0 0.76428794921875 0.22042788671875 0.7612844438646819 0.17666053987255767 0.566114423195347 0.19005395401058958 0.5691179285494151 0.2338213008567819
0 0.7600740644531252 0.14704782617187506 0.7548826841809254 0.10190322289173974 0.5587020701747742 0.12446291099044346 0.563893450446974 0.16960751427057877
0 0.7471664023437501 0.07044968359375006 0.743493138915958 0.023087228788189536 0.550668308964527 0.0380420363195689 0.5543415723923191 0.08540449112512942
0 0.31443262890625007 0.6787673750000002 0.3140524836327653 0.6096921345010713 0.2638681429157205 0.6099683165279269 0.2642482881892053 0.6790435570268558
0 0.042072613281250094 0.763485248046875 9.349997652168285e-17 0.763485248046875 9.94439963745611e-17 0.860558458984375 0.0420726132812501 0.860558458984375
0 0.26196588085937506 0.9112087851562501 0.2598716272133494 0.6095284415951213 0.2115552615198761 0.6098638519961498 0.21364951516590175 0.9115441955572786
0 0.15249638867187512 0.84684451171875 0.056783400390625106 0.84684451171875 0.05678340039062512 1 0.15249638867187512 1
0 0.5246510664062503 0.972042607421875 0.4864234804687501 0.972042607421875 0.4864234804687501 1 0.5246510664062503 1
0 1.1636922078235303 0.8029456071141198 0.7937408930703846 0.47863369302065617 0.45783390954070147 0.8618118150422738 0.827785224293847 1.1861237291357374