0 0.31250000000000006 0.421875 5.1664786839028965e-17 0.421875 7.821476205050384e-17 0.855469 0.3125000000000001 0.855469
0 0.804688 0.4140620000000001 0.601562 0.4140620000000001 0.601562 0.859375 0.804688 0.859375
0 0.578125 0.41015600000000013 0.386719 0.4101560000000001 0.38671900000000003 0.859375 0.578125 0.859375
0 0.996094 0.4062500000000001 0.851562 0.4062500000000001 0.851562 0.8554690000000001 0.996094 0.8554690000000003
0 0.8125 0.1132810000000001 0.613281 0.11328100000000009 0.613281 0.3554690000000001 0.8125 0.3554690000000001
0 0.570312 0.11328100000000008 0.378906 0.11328100000000006 0.378906 0.35546900000000003 0.570312 0.3554690000000001
0 0.996094 1.1265795327652313e-16 0.84375 1.0332957367805793e-16 0.84375 0.3515620000000001 0.996094 0.3515620000000001
0 0.808594 8.706473337688214e-17 0.613281 7.510526136278879e-17 0.613281 0.0859375000000001 0.808594 0.08593750000000011
0 0.570312 5.812283926965262e-17 0.375 4.616342848789922e-17 0.375 0.08593750000000007 0.570312 0.08593750000000008
0 0.3125 2.4636452341339145e-17 0.0898438 1.1002692209323497e-17 0.08984380000000003 0.355469 0.3125 0.355469
0 0.06640620000000003 4.06620701367695e-18 0 0 2.152696390009209e-17 0.351562 0.06640620000000005 0.351562