0 0.24940700897280058 0.3029405346619813 0.16017664205953117 0.2944427161066861 0.1549378132289178 0.3494524360377096 0.24416818014218722 0.3579502545930048
0 0.16873044079503216 0.2994776637898463 0.0874463879020198 0.2892949847156074 0.08178389934596053 0.33449625404179384 0.1630679522389729 0.34467893311603276
0 0.091564646484375 0.32891921875 0.07771048049679741 0.2839588226562897 0.04187351171875001 0.295001681640625 0.055727677706327604 0.33996207773433534
0 0.043946613281249984 0.32295348242187494 0.031985542020000805 0.28413667712613183 0.008094126953124989 0.2914986152343749 0.020055198214374167 0.3303154205301181
0 0.9456371153287159 0.45650727183646034 0.933504972593664 0.4112294978133014 0.8184240859102981 0.4420653278301392 0.83055622864535 0.4873431018532981
0 0.7163851953125 0.4502622714843751 0.66608087109375 0.4502622714843751 0.66608087109375 0.4687500000000001 0.7163851953125 0.4687500000000001
0 0.7062169967635804 0.4394872137289444 0.7032734140971723 0.4057861858159577 0.6489455431991284 0.4105313995076955 0.6518891258655366 0.4442324274206822
0 0.9340712136741254 0.36441731130423516 0.9155738421969329 0.3072693683210487 0.7233823782882819 0.36947697750323183 0.7418797497654743 0.4266249204864183
0 0.6963291016518617 0.3938996292397523 0.6867244552565382 0.35805460382483323 0.63767329296875 0.37119782421875 0.6472779393640734 0.4070428496336691
0 0.806454107421875 0.3219288359375 0.7958385120978985 0.2823109036707458 0.7826323744612894 0.28584947837472197 0.7932479697852659 0.3254674106414761
0 0.7919300371743594 0.27527008227377525 0.7873805154442283 0.2582910374177503 0.7741743786604939 0.26182961139397515 0.778723900390625 0.27880865625000006
0 0.6847024318192865 0.3505083092605239 0.6659987422783782 0.2807051952891386 0.6056283775079774 0.29688138709341605 0.6243320670488857 0.3666845010648013
0 0.9192202251825236 0.29117716774081154 0.8834012362470156 0.18682841229916053 0.785026036009966 0.22059690521414899 0.820845024945474 0.3249456606558
0 0.6161713209237749 0.27585781233620943 0.6101053789062502 0.25321940820312494 0.5780335006857593 0.26181304194757693 0.5840994427032842 0.2844514460806614
0 0.8879368504243844 0.18079658603900636 0.8783322050781251 0.144951560546875 0.676469161775935 0.1990405983649599 0.6860738071221942 0.23488562385709127
0 0.6513391040618753 0.22599467563488268 0.6381958853004707 0.1769435129430943 0.553299938374644 0.1996913122035089 0.5664431571360486 0.2487424748952973
0 0.8818349355781365 0.1278368163978735 0.875263390625 0.10331147656249998 0.665853568676631 0.15942266881505998 0.6724251136297675 0.1839480086504335
0 0.8722302902570771 0.09199179136033098 0.8651532715385768 0.0655799976692284 0.6557434488368326 0.12169118998091519 0.6628204675553327 0.14810298367201777
0 0.638293267932721 0.15653945653925627 0.6280848053843069 0.1242507346321125 0.5298540836962977 0.15530754283714285 0.5400625462447117 0.18759626474428662
0 0.2836380175781251 0.9432453691406251 0.1586898144531251 0.9432453691406251 0.1586898144531251 1 0.2836380175781251 1
0 0.8715582910156251 0.5449081562500001 0.843835985594844 0.5402969052858344 0.8060679453124999 0.7673539785156249 0.8337902507332811 0.7719652294797905
0 0.9772112773437501 0.5769882871093752 0.9036505117187501 0.5600334765625001 0.8946501527648204 0.5990827654779058 0.9682109183898204 0.6160375760247809