0 0.3382879549141814 0.2683474201611197 0.32727496923611876 0.2045603117015317 0.061468648361836936 0.2504523622368145 0.07248163403989956 0.3142394706964025
0 0.0561640121119652 0.31881888279704074 0.03773776791266084 0.20248013723091599 -0.018426244199304352 0.21137564145310606 0 0.3277143870192308
0 0.3221686651896147 0.19543534187023004 0.3117777302755963 0.13810387808933114 0.04666555845110127 0.18615364240147464 0.05705649336511965 0.24348510618237357
0 0.46891172219046007 0.1731298558966891 0.4591346153846153 0.11139963942307697 0.32838447011723215 0.13210843016100324 0.3381615769230769 0.1938386466346154
0 0.30913016926368175 0.13265444080345695 0.29763302833137273 0.07091288159707854 0.0316444918499873 0.1204436632879494 0.04314163278229632 0.18218522249432784
0 0.467388246563179 0.10244709606046953 0.4548584544464411 0.039806885630294594 0.3103330873597598 0.06871599677081258 0.3228628794764977 0.13135620720098753
0 0.2943848975902403 0.06833457578285296 0.2768753730302418 -0.025505191662682673 0.011696281621058494 0.023974468615909402 0.029205806181057007 0.11781423606144502
0 0.4551860598779873 0.04144468486682161 0.44490966083264627 -0.02343794779666662 0.2969282764423077 -8.540177112501205e-18 0.30720467548764885 0.06488263266348822
0 1 1.1150319804167775e-16 0.8209854158653846 1.005417161686202e-16 0.8209854158653846 0.19955959855769242 1 0.19955959855769245
0 0.8432851741987961 0.23351798006164964 0.8152124959529861 -0.021856598309809298 0.5397133527435652 0.008428322192594151 0.5677860309893753 0.2638029005640531
0 0.507325576923077 0.017273319711538525 0.4591992525751501 0.016885472058527883 0.4567614819917691 0.3193777957091583 0.504887806339696 0.3197656433621689
0 0.4591346153846155 0.5576923076923077 0.37594992067307687 0.5576923076923077 0.375949920673077 0.7812674158653846 0.45913461538461553 0.7812674158653846
0 0.3997189324984257 0.7846585469229302 0.3706433486708602 0.5436514737241069 0.25334146809128905 0.5578030113393899 0.2824170519188546 0.7988100845382131
0 0.27241985349249737 0.7493165610673309 0.2451049431408188 0.5392607132289692 0.08730716828570725 0.5597801708790056 0.11462207863738585 0.7698360187173672
0 0.7310897797167802 0.7491662901970605 0.7201152768001169 0.5841798001020667 0.47795952644230766 0.6002874158653845 0.48893402935897107 0.7652739059603783