0 0.07115744122618797 0.4731262650586084 3.932039878880763e-17 0.471040642578125 -0.0008238943583867495 0.5342874591027985 0.07033354686780119 0.5363730815832819
0 0.11185850911458338 0.442683986328125 1.6486592184043285e-11 0.43940544795313613 -0.0006473356536641668 0.4890990882284269 0.11121117344443261 0.4923776266034158
0 0.4614575046772062 0.4506710876045258 0.1186010684276375 0.4406220759106439 0.11733582032908509 0.5377506843077263 0.46019225657865376 0.5477996960016082
0 0.11890114714831339 0.2734144599474681 0.0001834395605381014 0.26993488183124964 -0.001935125061567246 0.43256955636732664 0.11678258252620805 0.4360491344835451
0 0.46330614153780236 0.2798581777484204 0.12162282796584271 0.27352283924731136 0.12027359471644868 0.4372510435959587 0.46195690828840835 0.44358638209706774
0 0.12386832967316641 0.05920342559843406 0.0055215472217180935 0.05324462789823774 0.0007732239583333548 0.265432525390625 0.11912000640978167 0.27139132309082137
0 0.46498773438626495 0.06662912403118315 0.12774901276433726 0.056744765839609974 0.1250125356541223 0.26681440871864825 0.46225125727605 0.27669876691022144
0 0.865873160419866 0.21603892363597021 0.8606707086328408 0.12244480193220095 0.7353762326200411 0.13811498006128942 0.7405786844070663 0.2317091017650587
0 0.5168032604842336 0.8993500700058079 0.24173541697001202 0.8593335008763313 0.23264030208333344 1.0000000000000002 0.5077081455975551 1.0400165691294767
0 1 0.8860079882812502 0.9725221041666666 0.8860079882812502 0.9725221041666666 0.9729426582031252 1 0.9729426582031252
0 0.9406843828125 1.0000000000000002 0.9127082410003746 0.9008224455354412 0.8521723048529006 0.939243581980609 0.880148446665026 1.038421136445168