0 0.2943289153957781 0.6590582824839998 0.18904838541666671 0.6500959125 0.18468322491184072 0.7239352690079193 0.2899637548909521 0.7328976389919191
0 0.10293225180324943 0.46580163099544764 0.051049311197916704 0.46138491562499995 0.048698873117882825 0.5011440094011496 0.10058181372321555 0.5055607247715972
0 0.4485377056507201 0.40959451919575296 0.29037259635416673 0.3961301703125001 0.27794872151883615 0.6062876680932996 0.43611383081538957 0.6197520169765526
0 0.2851787210861459 0.39372051228364435 0.1255155710030598 0.3863025644389972 0.11866504354173145 0.598630639082139 0.2783281936248176 0.6060485869267863
0 0.2224525197439804 0.2683034850899547 0.09086199268714727 0.26218979036065865 0.08399635445358362 0.474986194333204 0.21558688151041674 0.4810998890625001
0 0.11148188245213196 0.16771957824173503 0.060600365557065085 0.16535562480326058 0.056620830737510675 0.2886990297107294 0.10750234763257754 0.29106298314920387
0 0.4534142068397313 0.18990296379076307 0.2972603599861313 0.1826480546553984 0.2903619747609834 0.3964593502396353 0.4465158216145834 0.40371425937500005
0 0.4081343083047037 0.013906047336816213 0.3028624238077389 0.009015122982842658 0.2973130673259519 0.18101437877102652 0.4025849518229167 0.1859053031250001
0 0.29771876705771355 0.00504929407319925 0.059101481126622106 -0.0060368644798714215 0.04668179349599196 0.37890396800942944 0.2852990794270834 0.3899901265625001
0 0.913511149550407 0.5837671084225348 0.8817005012885728 0.5421693400952405 0.8275983322821815 0.6017464808468744 0.8594089805440158 0.6433442491741687
0 0.6096515439565212 0.6430265993846228 0.5514287733546654 0.5629049443989631 0.5012942660104492 0.6153666251523248 0.5595170366123049 0.6954882801379846
0 0.7265542079035677 0.3805416021166805 0.6360249864554991 0.318583576854648 0.5426909243675684 0.5149620494274457 0.6332201458156371 0.5769200746894783
0 0.8017411653645832 1.3322676295501878e-16 0.7556900236638969 -0.018702490741519327 0.7418201487981341 0.03047608967132045 0.7878712904988204 0.049178580412839915
0 0.45274920469666186 0.8761372655694523 0.2395950346794279 0.8360543143712272 0.21980641208526777 0.987589051964156 0.4329605821025017 1.027672003162381
0 0.7849187929687501 0.7323495390625003 0.716690611704886 0.656997215002786 0.5939455611979167 0.8170390875000002 0.662173742461781 0.8923914115597146