0 0.6353797544395037 0.6174874231472247 0.53772015968687 0.39964370997710374 0.5013855913971933 0.4159325399967732 0.5990451861498269 0.6337762531668942
0 0.8889562740338987 0.5531628065394639 0.8884313751811075 0.536547604197742 0.8453576923888261 0.5379083656388702 0.8458825912416172 0.5545235679805922
0 0.8166164754275347 0.5205971776926759 0.8032820216346154 0.5204685745192308 0.8029301375532346 0.556954315095786 0.8162645913461539 0.557082918269231
0 0.7944884496422033 0.5585594994107312 0.7929998610813915 0.5193749745959976 0.7194093262806741 0.5221706197851713 0.7208979148414859 0.561355144599905
0 0.8888404351737543 0.5207580031038466 0.8447394187401025 0.5193648254887289 0.844358567292975 0.5314206723142095 0.8884595837266269 0.5328138499293272
0 0.9140066767103746 0.5166084731719282 0.8913378979877257 0.516389845803 0.8910121047414529 0.5501703145764052 0.9136808834641018 0.5503889419453334
0 0.9394103836578369 0.5098188568241194 0.9180749821085988 0.5096130912895208 0.9177446777776849 0.543861662350017 0.9390800793269231 0.5440674278846156
0 0.998316280571401 0.5423782736807616 0.996735337465926 0.5062695922478302 0.9461545441703847 0.5084841665068922 0.9477354872758597 0.5445928479398235
0 0.7935018964470693 0.5121937035857155 0.7916577005224924 0.4757832896606521 0.7534895300369615 0.47771651636339824 0.7553337259615384 0.5141269302884616
0 0.7546642899539945 0.5153364445817796 0.754301039956927 0.4776722040756808 0.719000778611669 0.4780126548496203 0.7193640286087366 0.5156768953557191
0 0.8770533417173504 0.4764722265103544 0.8530511880756129 0.47624074253711907 0.8527237061049896 0.510196754540631 0.8767258597467271 0.5104282385138663
0 0.8157227043269232 0.4750029615384618 0.8023879103161948 0.474874355102692 0.8020388478161948 0.5110675401988458 0.8153736418269232 0.5111961466346155
0 0.8400943674623285 0.4369211104365779 0.8294266651221363 0.4368182283118501 0.8291701255619972 0.46341845330999715 0.8398378279021894 0.4635213354347249
0 0.8163888869712598 0.4677453619489985 0.8152938872470976 0.4330838221495842 0.8012544302082732 0.4335273454804536 0.8023494299324354 0.4681888852798679
0 0.7929397052308382 0.4693902872837346 0.7920224394986655 0.43262566695449983 0.7185508876797099 0.43445875910041537 0.7194681534118826 0.47122337942965015
0 0.8854967198299993 0.43067548520276616 0.8548269951923078 0.4303796899038463 0.8544753892594706 0.46683617579280046 0.8851451138971622 0.46713197109172033
0 0.8151829879546149 0.4146459735314624 0.8016394038461538 0.4142181129807693 0.801334711564616 0.423862903872384 0.8148782956730771 0.424290764423077
0 0.8431966027479446 0.40828999224947365 0.8298117304884353 0.4078671467538895 0.8295070390154705 0.4175119377869855 0.8428919112749799 0.4179347832825696
0 0.8420556865289845 0.39377263446254634 0.8298984396104635 0.3933885714168134 0.8295937482737865 0.4030333624350364 0.8417509951923077 0.4034174254807693
0 0.7917004196324956 0.4259338688679443 0.7911935049545615 0.38878740764221376 0.7162443560631918 0.3898101921126057 0.7167512707411259 0.42695665333833627
0 0.8138964600897288 0.38779215121268085 0.8018953836465593 0.38767640624065614 0.801777048889112 0.39994600590590224 0.8137781253322814 0.40006175087792695
0 0.9135454320236909 0.41955066577222866 0.9124487353229441 0.38483511548694793 0.8536075712721568 0.3866939628896913 0.8547042679729036 0.42140951317497205
0 0.8870187977214521 0.32855880510798335 0.8865071761682531 0.31236374523181804 0.8326899054566214 0.3140638979846298 0.8332015270098203 0.3302589578607951
0 0.8134479346467232 0.29603207328432357 0.800113136383588 0.2959034663400235 0.7997629498532353 0.3322130665885869 0.8130977481163703 0.3323416735328869
0 0.7917658099941222 0.33307665560544203 0.7905584225303189 0.29485757495222337 0.714320828313942 0.2972660137203501 0.7155282157777452 0.33548509437356877
0 0.8870811817516997 0.2938233855320477 0.8322618206810792 0.29209155876501247 0.8317286018824059 0.3089701025146013 0.8865479629530265 0.3107019292816364
0 0.9121522438921025 0.2940886208508419 0.8868163744663454 0.29384427514924494 0.8864855079780892 0.3281513658368648 0.9118213774038464 0.3283957115384617
0 0.8523646463316321 0.2708580363413372 0.8283624908897091 0.27062655229308574 0.8282015714923973 0.28731198879324255 0.8522037269343202 0.28754347284149406
0 0.8845750137545688 0.2851336849493735 0.8840713687331155 0.2691910809006907 0.854402444311156 0.2701283560178149 0.8549060893326093 0.2860709600664977
0 0.8138670916839298 0.25257087714620885 0.7991989182228674 0.2524294110572452 0.798846752019707 0.2889444161225749 0.8135149254807694 0.2890858822115385
0 0.7913093863384754 0.2901149728005477 0.7898243472574566 0.25102306932543933 0.7141008659190925 0.2538996836404691 0.7155859050001111 0.2929915871155775
0 0.8832188413732744 0.25202640579723457 0.8538824951923079 0.25174347836538474 0.8537423058040966 0.2662795182133961 0.8830786519850632 0.26656244564524595
0 0.8488675345506439 0.25158505397297665 0.827219230769231 0.25090115625000015 0.8266860161132261 0.2677796930049664 0.8483343198946389 0.2684635907279429
0 0.8460972540907381 0.22933627833422543 0.8260952307692306 0.2291433677884616 0.8259785948729358 0.24123681715682116 0.8459806181944433 0.241429727702585
0 0.882218039746152 0.22850290467403958 0.8514490120192307 0.2275308750000001 0.8511443412973895 0.23717504753740537 0.8819133690243107 0.23814707721144485
0 0.7889361308850333 0.2103424545676244 0.7169293254884178 0.20964799313388424 0.7165606633616132 0.24787356007280736 0.7885674687582286 0.24856802150654753
0 0.8129525860659602 0.20912668863638062 0.7996177908653846 0.20899808173076934 0.7992891807609629 0.2430705012674657 0.8126239759615385 0.24319910817307702
0 0.8837664275901539 0.22312496228963996 0.883208549982633 0.20500933139483868 0.8256018089797524 0.20678335246174975 0.8261596865872733 0.22489898335655104
0 0.7900441615193607 0.20208628290173014 0.7878168860433146 0.16423618620366914 0.7135718142010187 0.16860511104554676 0.7157990896770647 0.20645520774360773
0 0.8120383056311604 0.16562337387207643 0.7973704747213607 0.16548191104573157 0.7970415777440465 0.19958419342365527 0.8117094086538461 0.1997256562500001
0 0.9667187384854159 0.20933740492224456 0.9652445360312534 0.16442248190852576 0.9411957916490409 0.16521181239400734 0.9426699941032035 0.2101267354077261
0 0.9126777163513515 0.1927761529522483 0.9091066560160015 0.15872193413265007 0.8229732453661079 0.1677542249025454 0.826544305701458 0.20180844372214365
0 0.8813016155268575 0.09315708718052658 0.8796408041526056 0.060354250587551284 0.7951510621378144 0.0646319759040205 0.7968118735120663 0.0974348124969958
0 0.7824209567089397 0.09764229075283773 0.7811742495548379 0.04305815188928473 0.7243103369890993 0.04435692930122 0.7255570441432011 0.09894106816477301
0 0.9994343421580252 0.08706581095559837 0.9971147457204068 0.04125124687218816 0.926336472274354 0.04483475867091092 0.9286560687119724 0.09064932275432112
0 0.8787109975961538 1.0256478837568101e-16 0.7959605625 9.749778560225323e-17 0.7959605625 0.03569259134615394 0.8787109975961538 0.03569259134615395
0 0.7815825828546263 0.028951469636741944 0.7807668554056124 -0.0015123920354239066 0.7237055232719514 0.000015532933499437733 0.7245212507209652 0.03047939460566529
0 0.4196332524091308 0.7311397359476346 0.361855707542901 0.6190772030822532 0.18387093972980534 0.7108431363061616 0.2416484845960352 0.822905669171543
0 0.5053179679238343 0.9049183639892135 0.4969227548076924 0.8362437524038463 0.433406213617379 0.8440084108035527 0.441801426733521 0.9126830223889199
0 1 0.6177884615384616 0.875214639423077 0.6177884615384616 0.875214639423077 1 1 1
0 0.8550421634615385 0.6177884615384616 0.6586538461538461 0.6177884615384616 0.6586538461538461 1 0.8550421634615385 1