0 0.12112914843750006 0.38328871875 0.020968613281250048 0.38328871875 0.020968613281250048 0.419921875 0.12112914843750006 0.419921875
0 0.10524007540499285 0.38001813701304726 0.10196210773896747 0.32699776299578454 0.01398932862573193 0.3324366519279842 0.017267296291757307 0.38545702594524694
0 0.014840952342952466 0.30816718862181275 0.012586383079560903 0.29015188531581826 0.008719182676532697 0.2906358555835374 0.01097375193992426 0.3086511588895319
0 1.001444666578478 0.39723384287095 0.999999999889765 0.38086760226680133 0.960359228515625 0.38436673828124995 0.961803895204338 0.4007329788853986
0 1.0100804879180845 0.32884809434129786 0.9811875167748094 0.001527269477099913 0.729586726097895 0.02373634947581163 0.75847969724117 0.3510571743400096
0 0.9424344121093751 1.0442783824307184e-16 0.7630016093750001 9.344074786653729e-17 0.7630016093750001 0.009399976562500096 0.9424344121093751 0.009399976562500106
0 0.36231953448384346 0.8862117845196418 0.3503846152971676 0.7845946666873697 -0.01088979773709231 0.827026306314215 0.0010451214495835887 0.9286434241464872
0 0.6621315859375 0.658253263671875 0.6465122694515849 0.6504616444139038 0.6157572344178164 0.7121141212384594 0.6313765509037315 0.7199057404964306
0 0.6299777702387817 0.7242811619287266 0.610419946280264 0.7175026651863763 0.5873240178383574 0.7841407591170249 0.6068818417968751 0.7909192558593751
0 0.6584079830790889 0.7179401722335984 0.64410883203125 0.710943375 0.6258302063740362 0.7482988707351518 0.640129357421875 0.7552956679687501
0 0.685309419633009 0.6612676212802814 0.6653712493269164 0.6542841013932965 0.6532657964907826 0.6888455523786403 0.6732039667968752 0.6958290722656253
0 0.7052919672950659 0.6734783741125829 0.6890128300781251 0.66443430078125 0.6731238178611841 0.6930341805749171 0.689402955078125 0.70207825390625
0 0.6804974204262267 0.7280579480686367 0.6606707980834634 0.7204679640145518 0.6456615612509868 0.7596752229771653 0.6654881835937502 0.7672652070312501