0 0.025546421645477563 0.4650207920780939 0.02511440999846551 0.4585743495708983 0.005091424727105059 0.45991620018626067 0.005523436374117114 0.46636264269345623
0 0.6374472019540687 0.2179526330149272 0.4914047213309119 0.18314000634672767 0.41911236125434376 0.486413749414461 0.5651548418775005 0.5212263760826605
0 0.8129132868923528 0.3588148271118504 0.6524527640625 0.33459938750000007 0.6424318920022306 0.4010014184263767 0.8028924148320835 0.42521685803822706
0 1.0360622331772036 0.39330267629964377 0.7812419524377421 0.3244893322928385 0.7408591209046202 0.4740295794185535 0.9956794016440818 0.5428429234253588
0 0.3277318596296458 0.7573579863915799 0.32170533281249997 0.5825151109375 0.27998861718759904 0.5839530128524839 0.2860151440047448 0.7587958883065637
0 0.27845409247415953 0.7631068520826239 0.27017443593749996 0.5842479734374999 0.20791198489342513 0.587130199434222 0.2161916414300847 0.7659890780793459
0 0.2848858953125 0.9144139062499997 0.2818867056513713 0.7712901289539829 0.21952842440137132 0.772596860203983 0.22252761406250002 0.9157206374999998
0 0.358700325 0.9102985453125001 0.34968363281250003 0.7667131421875001 0.286485714783795 0.7706817640763115 0.29550240697129493 0.9142671672013115
0 0.341283034375 1 0.33646223750000004 0.9210823437499999 0.2968233058708615 0.9235037440652949 0.3016441027458615 1.0024214003152951
0 0.2885368546875 1 0.28402559600967836 0.9248637709975904 0.22539840223441338 0.9283838097350484 0.229909660912235 1.003520038737458
0 1 0.6365484609375002 0.97677675 0.6365484609375002 0.97677675 0.8318112578125 1 0.8318112578125