0 0.07031250000000011 0.9375 1.1481063742006437e-16 0.9375 1.1839848514752637e-16 0.996094 0.07031250000000011 0.996094
0 0.1601560000000001 0.828125 1.018944713264771e-16 0.828125 1.0787417671735379e-16 0.925781 0.1601560000000001 0.925781
0 0.25390600000000013 0.71875 8.826066220858949e-17 0.71875 9.424036759946618e-17 0.816406 0.25390600000000013 0.816406
0 0.3398440000000001 0.609375 7.486608784291531e-17 0.609375 8.084579323379201e-17 0.707031 0.3398440000000001 0.707031
0 0.53125 0.3945310000000001 5.0947205047068574e-17 0.394531 5.692697167028522e-17 0.492188 0.53125 0.49218800000000007
0 0.621094 0.2851560000000001 0.07031250000000004 0.285156 0.07031250000000006 0.38281200000000004 0.621094 0.3828120000000001
0 0.03125000000000004 0.285156 3.4921538265766265e-17 0.285156 3.755263068139439e-17 0.328125 0.03125000000000004 0.328125
0 0.125 0.179688 2.296212748401287e-17 0.179688 2.8941832874889565e-17 0.277344 0.12500000000000003 0.277344
0 0.710938 0.17578100000000005 0.16015600000000002 0.175781 0.16015600000000005 0.27734400000000003 0.710938 0.2773440000000001
0 0.214844 0.07031250000000001 8.610797806504827e-18 0.0703125 1.4590533813551503e-17 0.167969 0.214844 0.167969
0 0.800781 0.06640620000000007 0.230469 0.06640620000000003 0.230469 0.1679690000000001 0.800781 0.16796900000000012
0 0.863281 7.55836696348757e-17 0.34375 4.377157082448453e-17 0.34375 0.05859380000000007 0.863281 0.058593800000000106
0 0.277344 1.6982422093136174e-17 0 0 3.58783548099401e-18 0.058593800000000015 0.277344 0.05859380000000003