0 0.18359400000000012 0.832031 1.0285116540597102e-16 0.832031 1.1289712679639661e-16 0.996094 0.18359400000000012 0.996094
0 0.6217166204024026 0.9957668601460129 0.44757234218010084 0.6643313005178262 0.19437846122423555 0.7973655039051344 0.36852273944653724 1.1288010635333212
0 0.0781250000000001 0.683594 8.371612040163358e-17 0.683594 9.137016289630454e-17 0.808594 0.07812500000000011 0.808594
0 0.9750210165396119 0.9792442619948631 0.7673724468153089 0.5782668286460114 0.4913085758706113 0.7212281605979489 0.6989571455949143 1.1222055939468005
0 0.9960940000000001 0.5742190000000003 0.828125 0.5742190000000001 0.8281250000000001 0.9257810000000001 0.9960940000000003 0.9257810000000002
0 0.46280647474117903 0.6943371427090824 0.24187430712118502 0.27088421420572534 -0.01177082994223444 0.40322093020330396 0.20916133767775955 0.8266738587066611
0 1.0095647491005517 0.29929928653306986 0.9855867122411843 0.2393587978731055 0.9680762556700178 0.24636351842968357 0.9920542925293853 0.30630400708964794
0 0.776077821991672 0.6040933072581596 0.5373173493308783 0.14593493562307153 0.2820401543416719 0.2789677633713109 0.5208006270024655 0.7371261350063989
0 1.0835967733133067 0.5070277465776916 0.8492125065487924 0.0382792134127532 0.5882804933317408 0.1687507866896501 0.8226647600962551 0.6374993198545884
0 0.664062 6.19498605169881e-17 0.347656 4.2575580760437224e-17 0.347656 0.15234400000000006 0.664062 0.15234400000000006
0 0.429199209818877 0.15814015280708554 0.28957041802350075 -0.07862407654049636 0.15023129433795943 0.003549457627439953 0.28986008613333564 0.24031368697502187
0 0.261719 1.6025666781302306e-17 0 0 1.961345327642435e-17 0.320312 0.261719 0.320312