0 0.34678806288311526 0.4004581319571418 0.26484638427796003 0.39953051237038556 0.2632668144313657 0.5390624999997536 0.3452084930365209 0.5399901195865099
0 0.34974951424138734 0.1388572684481042 0.2213740437164063 0.13740399443583187 0.219293728693769 0.3211693529408527 0.34766919921875 0.322622626953125
0 0.8301988667015546 0.38092126696190287 0.8200000169057793 0.3152948993388749 0.6417950561355634 0.34298934127717484 0.6519939059313388 0.4086157089002028
0 0.8207640245881123 0.29891055239252395 0.8188226488792967 0.18218816011924308 0.6468136051498061 0.18504908656779628 0.6487549808586217 0.30177147884107713
0 0.6147433906203635 0.07280133373413139 0.40965301882288513 0.06983423675643517 0.4080994460307907 0.1772196117341332 0.6131898178282691 0.1801867087118294
0 0.4020459696650484 0.06974092912918885 0.3537888088508686 0.06872463777039335 0.3514768164062501 0.17850633593750007 0.3997339772204299 0.17952262729629556
0 0.8183920710579186 0.06311109824864893 0.6479902519195095 0.06064585853337536 0.6464062245424351 0.1701366901738857 0.8168080436808441 0.17260192988915923
0 1.000121848406892 0.004665389761855857 0.977641902291508 0.004340167247343924 0.977520053884616 0.012762541157363189 0.9999999999999999 0.013087763671875122
0 0.970062765625 0.004230517578125119 0.8506321543958182 0.0025026847984059818 0.8505103057960524 0.010925058142781508 0.9699409170252342 0.012652890922500645
0 0.802409796875 0.0018050410156250935 0.7337548107680135 0.0008117891338762003 0.7335720373811341 0.013445346207876501 0.8022270234881206 0.014438598089625394
0 0.7287441171875 0.000739298828125087 0.6600891326230363 -0.0002539504180647332 0.6599063597023097 0.012379607673647415 0.7285613442667734 0.013372856919837235
0 0.5966289667968749 5.828492797080695e-17 0.3551126484375 4.349631865977387e-17 0.3551126484375 0.0077750039062500515 0.5966289667968749 0.007775003906250066
0 0.04811349414062508 0.674352072265625 8.258431067984823e-17 0.674352072265625 8.825825357709195e-17 0.767014591796875 0.04811349414062509 0.767014591796875
0 0.3517048586318242 0.7076994931877043 0.11194669252779484 0.6958965887155742 0.1075603524669407 0.7849984577836743 0.34731851857097007 0.7968013622558043
0 0.7705342324218751 0.7863306660156253 0.35857353461391733 0.7178402722708539 0.34894453037568524 0.7757574645702586 0.760905228183643 0.8442478583150299