0 0.15514002644230773 0.1664432548076923 2.3016403918466956e-17 0.1664432548076923 3.7645481576510995e-17 0.4053542235576923 0.15514002644230776 0.4053542235576923
0 0.7651896153846155 0.3267265120192309 0.6787306370192308 0.24118269711538476 0.6552357070935872 0.2649289801215932 0.741694685458972 0.35047279502543927
0 0.17350506730769233 0.8978106514423079 0.157132660181242 0.8781355382831284 0.12241193269230781 0.9070279711538463 0.13878433981875812 0.9267030843130257
0 0.24407031730769238 0.9701389687500002 0.22769951167123506 0.9504626750095735 0.1929752307692309 0.9793535048076923 0.20934603640568822 0.999029798548119
0 0.21109114423076938 0.9356819855769232 0.19471960678019465 0.9160062335569656 0.159995639423077 0.9448988894230772 0.17636717687365172 0.9645746414430347
0 1 0.6081730769230771 0.8377348125 0.6081730769230771 0.8377348125 0.7053444350961539 1 0.7053444350961539
0 0.9879618725961538 0.7130376057692308 0.8249295459341768 0.6416074660940205 0.7530274495192306 0.8057169879807693 0.9160597761812076 0.8771471276559797
0 0.8938310480769233 0.8868322932692311 0.7417769503884064 0.8202235919173437 0.7226949567307693 0.8637838966346157 0.8747490544192864 0.9303925979865031
0 0.8043481971153846 0.6330634399038466 0.7082330720854328 0.5867493595418231 0.685763854896561 0.6333794902181177 0.7818789799265128 0.6796935705801411
0 0.7486151346153846 0.7536892259615384 0.6454471360405544 0.7074542417941848 0.6265601682692309 0.7495983173076923 0.729728166844061 0.7958333014750458
0 0.7145895865384618 0.8129185576923079 0.5265494185689846 0.7250654082243321 0.506564649954427 0.7678406447396989 0.6946048179239042 0.8556937942076749