0 0.03195893516486198 0.3301659177281524 2.42861286636753e-17 0.323377797752809 -0.0049060995898999 0.3857804388419131 0.02705283557496205 0.3925685588172565
0 0.7656134047851563 0.143635124398074 0.7076975181851308 0.13473128714112423 0.7065831176757813 0.15431457544141267 0.7644990042758067 0.16321841269836249
0 0.7676635864257813 0.1686814558587481 0.6994033817861548 0.16142685606288923 0.6990215608211264 0.17113279863844585 0.7672817654607529 0.17838739843430473
0 0.7493855143922196 0.21463640901580158 0.6969974462890625 0.20769255617977542 0.6960948492075109 0.22608966682121123 0.748482917310668 0.2330335196572374
0 0.7431603662109375 0.23778379133226335 0.6868178449707817 0.23222499952261602 0.6863657216796873 0.24460545345104345 0.7427082429198432 0.2501642452606908
0 0.7315733583984374 0.2819872520064206 0.673844105848669 0.2785925564292122 0.6733922127286468 0.2993538614587983 0.7311214652784152 0.30274855703600667
0 0.7310116391601561 0.30938447030497607 0.6861854248046875 0.3080283587479937 0.686050124324733 0.3201109422053794 0.7308763386802016 0.32146705376236173
0 0.7197172114257812 0.35487989727126823 0.6550849432320134 0.34677683061062436 0.6542177778320313 0.3654632351524881 0.718850046025799 0.37356630181313194
0 0.7147339483454594 0.3811053086081638 0.6769051401408828 0.37565812904555085 0.6763704399414062 0.38569007383627624 0.7141992481459829 0.39113725339888916
0 0.4146888921370452 0.86635487934809 0.392255490728722 0.8497952266863139 0.3675520853443561 0.9402069087922602 0.3899854867526793 0.9567665614540363
0 0.3742679838867188 0.8497013756019262 0.3467246826311364 0.8296017138749131 0.3217593788395867 0.9220263860784228 0.34930268009516907 0.942126047805436
0 0.7246560025304256 0.9385363778169672 0.6987701958007811 0.8209294759229534 0.5766610104215688 0.8935402469953907 0.6025468171512134 1.0111471488894044
0 0.8350699441048108 0.845835968422073 0.8226997221679688 0.7895721581059392 0.7518095676139392 0.8316795259599495 0.7641797895507811 0.8879433362760837
0 1.0000548422695785 0.78169505265972 0.9747696386718749 0.6629962576243983 0.8521591957882271 0.7335583459978268 0.8774443993859307 0.8522571410331484