0 0.33906261599712373 0.4867184453332242 0.28281206133034775 0.4445308293361005 0.22281198080167663 0.52453150560136 0.27906253546845255 0.5667191215984837
0 0.46749448536194693 0.4392417491852542 0.40311013472767254 0.39693199268918744 0.2944677105888486 0.5622572630003475 0.35885206122312296 0.6045670194964143
0 0.3904692624004751 0.4129687568045548 0.3342193264035879 0.3707804048079135 0.27187394401007625 0.4539058079906614 0.3281238800069634 0.49609415998730266
0 0.03125000000000004 0.328125 4.0183723097022526e-17 0.328125 4.353233607227109e-17 0.382812 0.03125000000000004 0.382812
0 0.3364038544966966 0.3509355009501336 0.21202523388077799 0.25765551534934356 0.05546879199770627 0.4664063439921362 0.17984741261362486 0.5596863295929262
0 0.24328188318561486 0.32015674240334213 0.18578196639375757 0.2770308848107806 0.0667176032196117 0.4357799823955603 0.12421752001146899 0.47890583998812186
0 0.16374979518538535 0.294686726392316 0.10874923839608434 0.25343718880924887 -0.01171774197939704 0.4140632559993239 0.04328281480990395 0.4553127935823911
0 0.08443490591857555 0.26592551420674726 0.028544868356740888 0.22866628402910127 -0.022535584320254987 0.3052885976190807 0.03335445324157968 0.34254782779672677
0 0.00781250000000003 0.234375 2.8702659355016093e-17 0.234375 2.965941466684996e-17 0.25 0.007812500000000031 0.25
0 0.3353348965369256 0.2140305591200291 0.2551126096151174 0.15787516364118914 0.16977804193563778 0.27978213472309044 0.250000328857446 0.3359375302019304
0 0.28125 0.15234400000000006 0.25 0.15234400000000006 0.25 0.17187500000000006 0.28125 0.17187500000000006
0 0.2394722265138315 0.17189001296370296 0.18434963688561296 0.12948726944453043 0.08865277348616858 0.25389098703629714 0.1437753631143871 0.29629373055546965
0 0.238281 0.12109400000000002 0.175781 0.12109400000000002 0.175781 0.14843800000000001 0.238281 0.14843800000000004
0 0.17394815422175633 0.12330851332176873 0.010083798386316147 0.0626176889171699 -0.044245849607615226 0.2093069596369327 0.11961850622782495 0.2699977840415315