0 0.3584167833903728 0.5385040333972263 0.34968616405580905 0.47911174882061386 0.304044827798169 0.4910392878380135 0.31277544713273275 0.5504315724146259
0 0.35152691797554536 0.4754377697282268 0.3411956825562329 0.41597405911051943 0.23822403992065933 0.44777905660579304 0.24855527533997174 0.5072427672235004
0 0.29669009146558456 0.41876792255956036 0.29142509116203014 0.3494272387339566 0.23361668314112177 0.35723054698561757 0.23888168344467622 0.4265712308112213
0 0.22581448848708371 0.3479989447924028 0.07660349452324886 0.3355259430964546 0.0729428803272479 0.41337641954764726 0.22215387429108274 0.4258494212435953
0 0.32354510848284135 0.33332577729303764 0.3168372482181779 0.18855855373709782 0.22600277569485827 0.19604097117551314 0.23271063595952168 0.34080819473145296
0 0.22763828942638445 0.32037469370002075 0.20820368419961843 0.21940570930885597 0.06120962974986077 0.269705360982665 0.08064423497662679 0.3706743453738297
0 0.29311836266962504 0.16549799510527896 0.2875340189680718 0.13888263143043758 0.26440992289240606 0.1475080856339648 0.2699942665939593 0.1741234493088062
0 0.3214236682736652 0.17908770732319843 0.318236759897283 0.07625465954440287 0.29514425937273175 0.07752694717640764 0.29833116774911395 0.18035999495520316
0 0.28525012837368385 0.19768057960336546 0.2819367925713076 0.09083527710152535 0.2243130629763936 0.09401206966444049 0.2276263987787698 0.20085737216628063
0 0.10853577237869584 0.21569042714574174 0.090755904296875 0.12331831901041666 0.03273188458956291 0.14317345949573576 0.05051175267138375 0.23554556763106085
0 0.3241831551992461 0.061531347078912745 0.3122866879223701 -0.0002745813911163575 0.21558064527046694 0.032817109911026564 0.22747711254734304 0.09462303838105567
0 0.03990162656400014 0.26115490624562154 0.03479082278652494 0.09629928375893575 -0.005110803777475203 0.09849842699248083 0 0.26335404947916663
0 0.2651111519110832 0.000886938173729368 0.26178279680114347 -0.014976230658231338 0.21945294274162275 0.0008131085117892937 0.2227812978515625 0.01667627734375
0 0.21094037934917914 0.018223189067910633 0.2081482509765625 0.0049157135416666815 0.15215392533832087 0.025801998432089385 0.1549460537109375 0.039109473958333335
0 0.15379642920161085 0.042408131150077986 0.15044586621093747 0.0264391171875 0.0925282406319797 0.04804280578952638 0.09587880362265305 0.06401181975210436
0 0.08151311999020032 0.06363072511995109 0.07927941113281249 0.05298471484375002 -0.0022337088573878214 0.08338969154671562 3.469446951953614e-18 0.09403570182291669
0 0.8989291265909279 0.4139224993383553 0.8542040744599303 0.408962046305001 0.849100561604744 0.49076635892264253 0.8938256137357417 0.49572681195599694
0 0.8240372724248136 0.43456725233878185 0.7554087242652894 0.42467004128286717 0.7464556180587439 0.5350380455399483 0.8150841662182682 0.544935256595863
0 0.48163308398437504 0.7096354166666669 0.3992997474653757 0.6195088426887551 0.30538567760964397 0.772030314580217 0.3877190141286433 0.8621568885581287