0 0.2846213338541667 0.5215199175925925 0.14685402708333337 0.5215199175925925 0.14685402708333337 0.5898148148148148 0.2846213338541667 0.5898148148148148
0 0.24146120499612275 0.41305244032018984 0.003694171251464725 0.272356530890152 -0.03197458282765353 0.4628644594120286 0.2057924509170045 0.6035603688420664
0 0.06101011927083334 0.06567249259259261 4.547603806655906e-18 0.0656724925925926 1.0918521660764912e-17 0.25064135370370366 0.06101011927083335 0.25064135370370366
0 0.5224368302083332 0.5898148148148149 0.5150358104166666 0.520410889814815 0.5054398620876139 0.5236449670024926 0.5128408818792807 0.5930488920024927
0 0.5356603640624998 0.5898148148148148 0.5280235071044576 0.5169179916998738 0.5174055276041666 0.5204336194444444 0.525042384562209 0.5933304425593856
0 0.5485979973958333 0.5898148148148148 0.5404332197916666 0.513803413888889 0.5304597492879072 0.517189257362095 0.5386245268920737 0.5932006582880208
0 0.5602015375000001 0.5898148148148148 0.5519632916666668 0.5095547111111111 0.5421866417947775 0.5127263230169617 0.5504248876281108 0.5929864267206655
0 0.5723357333333333 0.5898148148148148 0.5632344671875 0.5053535953703703 0.5533917624584319 0.5087056714768495 0.5624930286042653 0.5931668909212942
0 0.5828192546875 0.5898148148148148 0.5737310105833757 0.5014180673246621 0.5661783770833334 0.5038721944444445 0.5752666211874576 0.5922689419345972
0 0.5955147072916667 0.5898148148148148 0.5856646479588813 0.49775475142524644 0.5752908042183812 0.5012627727551671 0.5851408635511665 0.5933228361447354
0 0.6076090624999999 0.5898148148148146 0.5975366400613962 0.4946409932341714 0.5872212511963623 0.49809129415876946 0.5972936736349659 0.5932651157394128
0 0.4951976735080551 0.7656311940755124 0.48989839665955687 0.6993929443565876 0.3078384777130096 0.7454267682744584 0.31313775456150783 0.8116650179933832
0 0.46871698854166666 0.6269742101851853 0.46442499646214536 0.6047433462612742 0.45204140907388213 0.6122995557731363 0.4563334011534033 0.6345304196970474
0 0.4871189972659521 0.636263087997222 0.38993412629370533 0.6110250740220937 0.38310127771810504 0.6941823450529883 0.4802861486903518 0.7194203590281164
0 0.42369873430991833 0.7120640822537544 0.41133333224025737 0.5693767885235103 0.2573948749686183 0.611539158763079 0.26976027703827926 0.7542264524933231
0 0.3052361328125 0.5898148148148148 0.24894810937500006 0.5898148148148148 0.24894810937500006 0.6115665342592592 0.3052361328125 0.6115665342592592
0 0.7020014390625 0.799759287962963 0.7009258859529385 0.7735976852779711 0.6462207520389028 0.7807057364608981 0.6472963051484644 0.80686733914589
0 0.8151604031250002 0.8002845675925926 0.8110821416803523 0.7104784792920589 0.7058534790494988 0.7255813074438914 0.7099317404941466 0.8153873957444249