0 0.11213755664062511 0.5466076588541667 0.08911726757812512 0.5466076588541667 0.08911726757812512 0.5690104166666666 0.11213755664062511 0.5690104166666666
0 0.16324253839740735 0.44483248779493806 0.06528175700445935 0.4264300709800802 0.005813970584020278 0.5671244128414218 0.10377475197696828 0.5855268296562797
0 0.3320618417964337 0.5537972833994411 0.2975795600752019 0.3389811999021821 0.11085514570166632 0.35230253611135426 0.14533742742289815 0.5671186196086132
0 0.3061519925899599 0.33203873916333293 0.2400630192104383 0.26058699664174023 0.061366827445578004 0.33404666446968917 0.1274558008250996 0.40549840699128187
0 0.7009834968076362 0.21932490679047123 0.5418820156910643 0.007427821782949873 0.462149830078125 0.03403509635416665 0.6212513111946969 0.245932181361688
0 0.9238066679687501 0.51985668359375 0.698205623046875 0.21500293098958334 0.615599808163606 0.24217218181172143 0.8412008530854811 0.5470259344158881
0 0.5995183583855939 0.2752054319748321 0.4218747928410884 0.034425006583586236 0.33918678515625006 0.06153867708333333 0.5168303507007556 0.3023191024745792
0 0.8013825898437499 0.54723922265625 0.5943426445312501 0.2692993893229167 0.5159621482877694 0.295248880239223 0.7230020936002693 0.5731887135725563
0 1.0453574721084085 0.4872182375298733 0.9182005371093753 0.32284688671875006 0.8368938466428201 0.3508017705936504 0.9640507816418533 0.5151731214047737
0 0.49601904047261774 0.32854187139917695 0.318359375 0.09117516666666663 0.23882621538675725 0.11763181089248965 0.416485880859375 0.354998515625
0 0.6768922753906249 0.5690104166666669 0.49258399023437494 0.3237017604166667 0.4122596385868597 0.3505241024041125 0.5965679237431097 0.5958327586541127
0 0.5521903144531249 0.5690104166666666 0.4026015859375 0.36971572786458334 0.36462320916386154 0.3823851564084904 0.5142119376794865 0.5816798452105737
0 0.40141545229105624 0.3687025118372864 0.318359375 0.2570439296875 0.28050958872456877 0.2695568944127136 0.363565666015625 0.3812154765625
0 1 0.5690104166666669 0.91745757421875 0.5690104166666669 0.9174575742187501 0.6350936575520835 1 0.6350936575520835
0 0.8972616943290569 0.6348791019477097 0.8946551912176218 0.5672518378463832 0.791993615234375 0.5690104166666665 0.79460011834581 0.636637680767993