0 0.9960940000000003 0.9921880000000002 0.9570310000000002 0.9921880000000002 0.9570310000000002 0.9960940000000003 0.9960940000000003 0.9960940000000003
0 0.9960940000000003 0.9296880000000002 0.9570310000000002 0.9296880000000002 0.9570310000000002 0.9726560000000002 0.9960940000000003 0.9726560000000002
0 0.996094 0.8750000000000002 0.957031 0.8750000000000002 0.957031 0.9062500000000002 0.996094 0.9062500000000002
0 0.996094 0.8164060000000002 0.957031 0.8164060000000002 0.957031 0.8515620000000003 0.996094 0.8515620000000003
0 0.6875000000000001 0.816406 0.582031 0.816406 0.5820310000000001 0.996094 0.6875000000000002 0.996094
0 0.5742190000000001 0.816406 0.4687500000000001 0.816406 0.4687500000000001 0.996094 0.5742190000000003 0.996094
0 0.3710940000000001 0.804688 9.902420539097549e-17 0.804688 1.107444426528554e-16 0.996094 0.3710940000000001 0.996094
0 0.9453120000000002 0.7773440000000001 0.761719 0.777344 0.7617190000000001 0.9960940000000001 0.9453120000000003 0.9960940000000003
0 0.996094 0.7695310000000002 0.957031 0.7695310000000002 0.957031 0.7968750000000002 0.996094 0.7968750000000002
0 0.996094 0.7343750000000002 0.949219 0.7343750000000002 0.949219 0.7539060000000002 0.996094 0.7539060000000002
0 0.996094 0.6796880000000002 0.949219 0.6796880000000002 0.949219 0.7148440000000003 0.996094 0.7148440000000003
0 0.996094 0.6250000000000002 0.949219 0.6250000000000002 0.949219 0.6601560000000002 0.996094 0.6601560000000002
0 0.996094 0.5585940000000003 0.949219 0.5585940000000003 0.949219 0.6054690000000003 0.996094 0.6054690000000003
0 0.17968800000000007 0.53125 6.505936120470313e-17 0.53125 7.821476205050384e-17 0.746094 0.1796880000000001 0.746094
0 0.996094 0.5273440000000003 0.949219 0.5273440000000003 0.949219 0.5390620000000003 0.996094 0.5390620000000003
0 0.9375 0.5273440000000001 0.753906 0.527344 0.753906 0.7695310000000001 0.9375 0.7695310000000002
0 0.3984380000000001 0.527344 0.19921900000000006 0.527344 0.1992190000000001 0.746094 0.3984380000000001 0.746094
0 0.503906 0.35546900000000003 0.35156200000000004 0.355469 0.3515620000000001 0.49609400000000003 0.503906 0.4960940000000001
0 0.3164060000000001 0.355469 0.16796900000000006 0.355469 0.16796900000000006 0.492188 0.31640600000000013 0.492188
0 0.05859380000000004 0.203125 2.487563810768061e-17 0.203125 4.137965192872988e-17 0.472656 0.05859380000000006 0.472656