0 0.6388563059895833 0.044393771484375 0.6384825639723978 0.0008563778734395656 0.5412535480881466 0.0027343446601777906 0.5416272901053322 0.04627173827111322
0 0.5204482409302811 0.006822943962830296 0.21985985592774707 -0.0068746450785303476 0.21898402914483495 0.03636964807414132 0.5195724141473689 0.05006723711550196
0 0.7813273867187499 2.220446049250313e-16 0.752552248860224 -0.03505456021685771 0.7093074675119918 0.04481643827329668 0.7380826053705177 0.07987099849015461
0 0.2903154714998884 0.8779043039682963 0.1544041081811684 0.6112070755416402 0.07373807192275417 0.7037004239302613 0.20964943524147417 0.9703976523569174
0 0.8747748157310676 0.6339284294497711 0.8678466743063464 0.4765183075632422 0.863626677979644 0.47693621363420385 0.8705548194043652 0.6343463355207328
0 0.8678139309895836 0.6343773847656251 0.8612857810568416 0.47694665608975073 0.8574115264526099 0.4773081252837272 0.8639396763853519 0.6347388539596015
0 0.8608659758106505 0.6347854382429564 0.8544114147123403 0.477428995335308 0.8505328389870545 0.47778695737959453 0.8569874000853647 0.6351434002872429
0 0.944700136609228 0.6334104251817737 0.9386669649295833 0.4668272325022753 0.8765763411370413 0.4718869124182081 0.882609512816686 0.6384701050977065
0 0.9321507699694013 0.4650060672299429 0.9299513067667036 0.3875237382267186 0.8737731704492754 0.3911118327862877 0.8759726336519731 0.468594161789512
0 0.9927488683908487 0.3660137276940846 0.9926209939765079 0.3593162394436114 0.9912531646481592 0.3593750000307768 0.9913810390625 0.36607248828125
0 0.9999429235067397 0.6284421188871927 0.9922064785093322 0.35590392925499703 0.9375812303786609 0.359392841261996 0.9453176753760685 0.6319310308941917
0 0.9287423519908641 0.3837372041298678 0.9282323293281259 0.3570244326681459 0.8735156596289286 0.3593750000226532 0.8740256822916668 0.386087771484375
0 0.8675074574512744 0.47158517908223185 0.8624233838225362 0.35911077792894486 0.8593684845496402 0.3594214752833045 0.8644525581783783 0.4718958764365915
0 0.8611106866854431 0.4720257102266613 0.8556944475651775 0.3590821119564118 0.8523907875342869 0.3594385746438963 0.8578070266545524 0.47238217291414575
0 0.8539493315457803 0.47249940949351277 0.8490809013485242 0.35909044948177626 0.8453406278225483 0.35945171579001545 0.8502090580198044 0.47286067580175195