0 0.417366352629191 0.2822580896733445 0.40621561968738523 0.22787450727394054 0.25585665282734504 0.2587038975216949 0.26700738576915084 0.31308747992109887
0 0.40122551792071276 0.2181439377001344 0.38947736405568806 0.1621402906023079 0.2501246146223212 0.19137298573371064 0.2618727684873459 0.24737663283153716
0 0.4626863079959998 0.1410373611623292 0.449810233293852 0.0773655496212694 0.3980554518474188 0.08783169493689104 0.4109315265495666 0.15150350647795086
0 0.36152981926644856 0.06708402148667736 0.3537801137139269 0.030448549555159674 0.2094455427725435 0.06098044574408162 0.2171952483250651 0.0976159176755993
0 0.6016686479104218 0.05185086708391751 0.5938193371959942 0.008199538582748161 0.5144090466864495 0.02247896753794429 0.522258357400877 0.06613029603911363
0 0.4333113125 0.05474826562500003 0.41678241994502263 -0.012124490474710647 0.3662579911083934 0.00036359741562616565 0.38278688366337077 0.06723635351533684
0 0.6538740390691814 0.45963032056564057 0.6200327750148191 0.44142856213605364 0.5755983390747088 0.5240424197791498 0.6094396031290711 0.5422441782087367
0 0.8071071731171592 0.17322333328368156 0.7738048341530014 0.15555516690776966 0.6298435104765907 0.42690470577881856 0.6631458494407485 0.44457287215473046
0 1.05597031322269 0.030523447703748874 0.9778569556334207 -0.010917771066469073 0.68719482421875 0.5369569218750001 0.7653081818080195 0.578398140645218
0 0.9004395094252085 0.00028763902885248216 0.865670657343125 -0.018330227504259666 0.7927193175167797 0.11790634606344338 0.8274881695988632 0.13652421259655553
0 0.37504160933369074 0.6308909310719257 0.26613711622833364 0.6303085539932685 0.26416015625000017 1 0.37306464935535727 1.0005823770786575
0 0.9957209250020642 0.7347002852469529 0.987369140625 0.691275390625 0.8665173562479358 0.7145184647530471 0.8748691406249999 0.757943359375
0 1.0021268301240331 0.7479306192282138 0.9995893803644711 0.7359688901802196 0.8639996596154381 0.764731630327006 0.8665371093750002 0.7766933593750002