0 0.0109327119140625 0.4963432814465409 0.010639179439311575 0.4747642200991965 0.0030313671877340957 0.47503248822475674 0.003324899662485022 0.4966115495721012
0 0.010507693359375 0.4650980408805031 0.010490819309682615 0.46314512027852905 0.0028719892578125007 0.4633157712264151 0.002888863307504888 0.4652686918283892
0 0.0930320849609375 0.4886439882075473 0.09276208413605513 0.4573952762325062 0.01651532958984375 0.45910308805031436 0.016785330414726116 0.4903518000253554
0 0.27558793522890157 0.47984592117250435 0.27505639574593826 0.4407698038383649 0.17006842323585816 0.444471914151809 0.17059996271882144 0.48354803148594844
0 0.3904685684263294 0.473540855117875 0.3896277755131408 0.4341500888495131 0.2945571761049174 0.4394105828222646 0.29539796901810594 0.4788013490906265
0 0.6664119481400099 0.2034643499947494 0.5793636005440361 0.20224102412820116 0.5786344930450007 0.3367327664366346 0.6656828406409745 0.33795609230318285
0 0.3620626297671841 0.8000433641895884 0.32301725939469383 0.7880691666450248 0.2979454697265626 1 0.3369908400990529 1.0119741975445635
0 0.29115617259765614 0.9438738906239185 0.14441866899240358 0.8998097667346446 0.13281263818359385 1.0000000000000002 0.2795501417888464 1.044064123889274
0 0.31023985925758846 0.7837203020366731 0.16340670825774847 0.7412319851142076 0.14748165271109748 0.8838982294611825 0.2943148037109375 0.9263865463836478
0 0.14134271808753046 0.7332159547153664 0.08490676958638262 0.7169109669235337 0.05335657714843757 1.0000000000000002 0.10979252564958543 1.0163049877918326
0 0.06389108506426781 0.707160255949709 5.551115123125783e-17 0.6871377240566038 -0.03559120806300177 0.981545774302188 0.02829987700126599 1.0015683061952931
0 0.7531314877929687 0.8176177437106921 0.7519585024420119 0.6737044460040316 0.6550030707982815 0.6757530097828649 0.6561760561492382 0.8196663074895254
0 0.94228949609375 0.6900523482704404 0.9403499319118177 0.5455480439342502 0.8155119956054688 0.5498917020440252 0.8174515597874011 0.6943960063802155
0 0.7514826376953125 0.5000000000000002 0.58005381640625 0.5000000000000002 0.58005381640625 0.6363083765723272 0.7514826376953125 0.6363083765723272