0 0.3504519928823232 0.25256179813179447 0.3325503630324764 0.10602806622979188 0.3259700911457703 0.1068319602554074 0.3438717209956171 0.25336569215741
0 0.33958008789062505 0.25360612109375 0.32230365134083494 0.10701830894837443 0.3162607582288768 0.10773050771782172 0.3335371947786669 0.25431831986319736
0 0.3287254505383995 0.25460148050334114 0.3115697183868893 0.10809536097954088 0.3055197863061472 0.10880380247433577 0.3226755184576574 0.25530992199813607
0 0.4598173306022447 0.24555316150442644 0.4429290760980836 0.09058476471716603 0.3460277781599587 0.10114494224555051 0.36291603266411987 0.2561133390328109
0 0.4326500704796849 0.08953255737159405 0.4257464163140756 0.017306283415557122 0.3380035335454371 0.025693072390674178 0.3449071877110464 0.0979193463467111
0 0.5460285574351604 0.23622403630528166 0.5226724768191149 -0.008128253679509943 0.43735195072205785 0.00002699252608243108 0.46070803133810334 0.24437928251087404
0 0.4237010345164333 0.014125591989937028 0.42202136743347024 -0.006849458549436447 0.3364879032295369 2.4187652922225134e-10 0.3381675703125 0.020975050781250004
0 0.3317998899416882 0.1014600583440741 0.3191362918248276 -0.0005176570216475773 0.31437341222222936 0.00007379762067294404 0.32703701033908994 0.10205151298639462
0 0.32181110319913087 0.1024525193465324 0.3085388604811133 -0.0005581276368221352 0.3033897981571687 0.00010529509602057174 0.3166620408751863 0.1031159420793751
0 0.3106269936705803 0.10354072426463842 0.2981005287764144 -0.0005599695533058599 0.29226757324381575 0.00014191157763174256 0.3047940381379816 0.10424260539557603
0 0.8302696285265881 0.27682606574306795 0.8223820781506425 0.03719298136989446 0.7782018890771795 0.0386471773455765 0.7860894394531251 0.27828026171875
0 0.9757522969972878 0.437266739190188 0.9431119486531366 0.32433845398023553 0.808754586251791 0.36317257869246294 0.8413949345959422 0.4761008639024154
0 0.5509378952214343 0.7804448100285691 0.37587350976562495 0.7133704785156251 0.37353695610695425 0.7194688968093769 0.5486013415627636 0.786543228322321
0 0.5515297901084281 0.8605064295047359 0.3496418536579956 0.7821529044200458 0.34694018854956754 0.7891140921028098 0.548828125 0.8674676171874999
0 0.6876329921875 1 0.6758450686807368 0.8475687323161392 0.5801323333375819 0.8549704578281787 0.591920256844345 1.0074017255120398