0 0.43656303563207366 0.5267727555922869 0.35620073107227024 0.47733477349875675 0.33055901375572183 0.5190158334686079 0.41092131831552525 0.5684538155621379
0 0.4639963776276209 0.47989113606356126 0.37881053809281817 0.42986070847983276 0.3544426273949119 0.4713514778128809 0.43962846692971463 0.5213819053966094
0 0.35288284634174205 0.47709447282884965 0.26673950088487297 0.42313597772728917 0.24084656458409112 0.46447338256878273 0.32698991004096023 0.5184318776703433
0 0.4816458032412062 0.43363304702405947 0.4037930343594893 0.3773658211930933 0.3758786032096281 0.41598894015231397 0.453731372091345 0.47225616598328013
0 0.3735334289299032 0.4281512707139323 0.2893439553533825 0.37509508936718816 0.2633518478987412 0.4163393287414736 0.34754132147526196 0.4693955100882177
0 0.39542529109226726 0.3778697020600549 0.31222172457378766 0.3252514983992737 0.2874897342511841 0.36435944315556534 0.3706933007696637 0.4169776468163466
0 0.48155767939774885 0.3522754534202739 0.4263905533851976 0.31987943899588206 0.4015646317286813 0.3621554650051671 0.45673175774123254 0.3945514794295589
0 0.45719158203125 0.3011170781250001 0.451812744140625 0.30111707812500005 0.451812744140625 0.32427951562500007 0.45719158203125 0.3242795156250001
0 0.4254289179259954 0.30533485552846346 0.3322326580402822 0.2599896758057232 0.30368751894442214 0.3186574375814579 0.39688377883013537 0.36400261730419825
0 0.6091434228156017 0.13987049527490703 0.5520840738527379 0.13794881427916336 0.5414056158808862 0.4550180162698815 0.5984649648437501 0.4569396972656251
0 0.6799173946346371 0.14706962386176772 0.6206550605468751 0.14529418945312506 0.6110562694278632 0.4656928273101074 0.6703186035156251 0.46746826171875006
0 0.0961230657593013 0.82487048687599 0.06666601562500007 0.813541015625 0.05179294986569888 0.8522115443740101 0.0812500000000001 0.8635410156250001
0 0.05833489352466875 0.8468771216333804 0.016668137258380566 0.8302080752253314 0.004166015625000075 0.8614589843750001 0.04583277189128826 0.8781280307830492
0 0.802734375 0.8515625 0.6338334511718752 0.8515625 0.6338334511718753 1 0.8027343750000001 1