0 0.04837422070312507 0.562680341796875 0.01759275390625007 0.562680341796875 0.01759275390625007 0.578125 0.04837422070312507 0.578125
0 0.08995440104707296 0.551093693357126 0.08351683000119617 0.49516160089411254 0.010706335204123209 0.5035418118338616 0.01714390625 0.559473904296875
0 0.12669931694804393 0.4833905337567513 0.12026174535576359 0.4274584394194484 0.006517176454594667 0.44055000722519716 0.012954748046875006 0.49648210156250006
0 0.15991637826773486 0.4160934174750841 0.1534788070416062 0.36016132501381704 0.0023280207467382963 0.3775582059428184 0.008765591972866929 0.4334902984040855
0 0.23569738576293808 0.2826907531635565 0.22925974765543766 0.22675808638948258 -0.005900717951402273 0.25382416533907154 0.0005369201560981515 0.3097568321131455
0 0.2708401754138483 0.21517141540603274 0.26440260505409036 0.15923932272597774 0.021338950489384573 0.18721502152757435 0.027776520849142564 0.24314711420762936
0 0.0064376699218750225 0.188947322265625 2.318368929129494e-17 0.188947322265625 2.4091586697185875e-17 0.203774412109375 0.006437669921875023 0.203774412109375
0 0.043290508964148725 0.12348188730169612 0.012664084422421 0.10797928242986926 -0.021009152473980365 0.17450299618055254 0.00961727206774736 0.1900056010523794
0 0.30561237379758494 0.1507808822084133 0.29966718332722897 0.09263025839711382 0.056799574211916636 0.11746050269433705 0.0627447646822726 0.17561112650563654
0 0.08487092066271182 0.11189521078344639 0.07843331640624998 0.05596283203124999 -0.006437604256461841 0.06573115249780362 3.469446951953614e-18 0.12166353125000001
0 0.34138293224529725 0.08237165436808731 0.33468782108090706 0.024201955215225612 0.08242677380873123 0.0532362424563282 0.08912188497312143 0.1114059416091899
0 0.35225574597870707 0.017646160290114538 0.3483931905339997 -0.01591320934582651 0.13130974351438596 0.009072267417820922 0.13517229895909336 0.04263163705376197
0 0.10696415005935056 0.04587828914602272 0.10310159375000001 0.012318917968749999 -0.0038625563093505387 0.02463008585397729 0 0.05818945703125001
0 0.9533804181055823 0.5558792849604981 0.9531775330283134 0.5536308086095236 0.9117205582821062 0.5573715646646504 0.911923443359375 0.5596200410156249
0 0.894485068571569 0.5611935448961813 0.8940792468585652 0.5566960182206 0.8111779165682462 0.5641763873869188 0.81158373828125 0.5686739140625
0 0.7919762612022428 0.5704431401296973 0.7913675545207544 0.563697137361794 0.7084536038653866 0.5711786456695969 0.7090623105468751 0.5779246484375001
0 0.6936931621093749 0.572553162109375 0.658128822265625 0.572553162109375 0.658128822265625 0.578125 0.6936931621093749 0.578125
0 0.6497331582031249 0.578125 0.64940360546875 0.5742400761718751 0.6101225432619152 0.5775722345441187 0.6104520959962901 0.5814571583722435
0 0.9548060208183274 0.5469187905039821 0.9465949527235176 0.4501227216070772 0.9029490168557184 0.45382514212431857 0.9111600849505282 0.5506212110212234
0 0.904452956357573 0.5492892317215305 0.8962488842807863 0.4525756574347553 0.802410541177129 0.46053582782516866 0.8106146132539156 0.557249402111944
0 0.8041003451597803 0.5581909736131141 0.7958793984375001 0.46127844921874994 0.7020404978339951 0.46923866496134625 0.7102614445562754 0.5661511893557104
0 0.7060517162762351 0.5623276656036473 0.6975300292811013 0.46788594709081344 0.6010461958173661 0.47659189867466606 0.6095678828124999 0.5710336171874999
0 0.6008625226213133 0.5720549663481458 0.5926603848648404 0.47536422232450093 0.4966392176261415 0.48350956083835644 0.5048413553826145 0.5802003048620014
0 0.594502280673537 0.47212233423874 0.5865130891038017 0.34828266006185477 0.4759477127626673 0.3554154951443139 0.4839369043324025 0.47925516932119916
0 0.6991823492563588 0.46145479179971305 0.6883004905093753 0.3331742341019679 0.5922794283623914 0.3413195653491299 0.603161287109375 0.469600123046875
0 0.797530718886525 0.45483559753794156 0.786056533026007 0.3195722923725306 0.6922176324988569 0.32753250733458905 0.703691818359375 0.4627958125
0 0.8980330217939261 0.4476918513764782 0.8861880972453023 0.3080581540390926 0.7923491974773427 0.3160183721574433 0.8041941220259664 0.4556520694948289
0 0.9505682531014089 0.44513629691140505 0.9383475722656248 0.30107311328124997 0.8925194712833868 0.30496064777341975 0.9047401521191709 0.4490238314035748
0 0.44434121159353734 0.8216083126597225 0.1311423133931265 0.775268726129495 0.10731562814095197 0.9363079612094463 0.4205145263413629 0.9826475477396737
0 0.8748813046875 0.8331948515625001 0.7558745089355863 0.8201208325696352 0.7361511185161714 0.9996538052890067 0.8551579142680852 1.0127278242818716