0 0.408973326923077 0.4607500384615385 0.20104969471153852 0.4607500384615385 0.20104969471153852 0.5852049086538462 0.40897332692307703 0.5852049086538462
0 0.4089733269230769 0.29127888461538465 0.1890214038461539 0.2912788846153846 0.1890214038461539 0.4342698317307692 0.4089733269230769 0.4342698317307692
0 0.43818558173076927 0.2859825721153847 0.4295933798076923 0.2859825721153847 0.4295933798076924 0.5799092740384615 0.4381855817307694 0.5799092740384615
0 0.3506222319027149 0.10817282271786785 0.16537828299673757 0.10576874045897296 0.16348850338240906 0.2513836573466941 0.3487324522883864 0.25378773960558904
0 0.4381855817307692 4.955866694616282e-17 0.3711688701923077 4.5455076882414906e-17 0.3711688701923077 0.24096696634615394 0.4381855817307692 0.24096696634615394
0 0.35398534615384614 3.1250385558916636e-17 0.15637218028846153 1.9150069006595727e-17 0.15637218028846153 0.08208775961538464 0.35398534615384614 0.08208775961538464
0 1 0.38803260336538464 0.43990384615384615 0.3880326033653846 0.4399038461538462 0.6778846153846154 1 0.6778846153846154
0 1 8.816868181361353e-17 0.43990384615384615 5.387268371249174e-17 0.43990384615384615 0.37566346153846164 1 0.3756634615384617
0 0.16149935123415854 0.999915845955576 0.13063359727556142 0.8378691561167512 0.00017896671384003243 0.8627174299919085 0.03104472067243715 1.0247641198307333
0 0.3134239799667383 0.9998152134683285 0.2746872025661581 0.8061214092157072 0.15403124807013324 0.8302513645821231 0.19276802547071348 1.0239451688347443
0 0.3675009718081453 0.9010575911263727 0.348269030891723 0.7952880699132983 0.2932692307692308 0.8052886153846155 0.31250117168565306 0.9110581365976901
0 1 0.6778846153846154 0.7403847692307692 0.6778846153846154 0.7403847692307692 1 1 1
0 0.7067306153846153 0.6778846153846154 0.4399038461538463 0.6778846153846154 0.4399038461538463 1 0.7067306153846153 1