0 0.7592827140493243 0.9269758338408907 0.6641540071289393 0.9058359708640017 0.6585472899656075 0.9310660186840457 0.7536759968859924 0.9522058816609347
0 1.0039062702616681 0.8437493783608001 0.7701642987590316 0.8047940453109519 0.7615075851083769 0.856736543475416 0.9952495566110134 0.8956918765252642
0 0.922654252119055 0.816367039887654 0.9217581196629621 0.7984432436428348 0.7966801495661345 0.804696741898172 0.7975762820222275 0.8226205381429912
0 0.996094 0.7968750000000002 0.933594 0.7968750000000002 0.933594 0.8281250000000002 0.996094 0.8281250000000002
0 0.960938 0.7226560000000001 0.765625 0.722656 0.765625 0.796875 0.960938 0.7968750000000001
0 0.824219 0.648438 0.769531 0.648438 0.769531 0.714844 0.824219 0.714844
0 0.9925998726340697 0.6233795131275135 0.9911178219941242 0.5729867559353896 0.7760003562080187 0.5793133591140219 0.7774824068479641 0.6297061163061458
0 0.996094 0.45703100000000013 0.953125 0.45703100000000013 0.953125 0.5468750000000002 0.996094 0.5468750000000002
0 0.941406 0.3984380000000001 0.90625 0.3984380000000001 0.90625 0.45703100000000013 0.941406 0.45703100000000013
0 0.76450774308166 0.40181964676716037 0.6955814430431412 0.397764364800915 0.685342410821271 0.5717938436147142 0.7542687108597899 0.5758491255809596
0 0.6754007331058468 0.4002353928305192 0.6380670645328199 0.3977466515012663 0.6269540619430133 0.5644530707913679 0.6642877305160402 0.5669418121206208