0 0.6054690000000003 0.925781 0.28515600000000013 0.925781 0.28515600000000013 0.996094 0.6054690000000003 0.996094
0 0.2773440000000001 0.894531 0.04687500000000011 0.894531 0.04687500000000012 0.996094 0.2773440000000001 0.996094
0 0.746310846589517 0.5781310231308704 0.4110654904522522 0.5688192481188018 0.40120260628742216 0.9239058035922395 0.7364479624246868 0.9332175786043081
0 0.4059674864448912 0.5668003859703213 0.18936095172901923 0.5593307335745855 0.17790590598627046 0.8915065339860029 0.3945124407021425 0.8989761863817387
0 0.996094 0.4023440000000001 0.953125 0.4023440000000001 0.953125 0.4843750000000001 0.996094 0.4843750000000001
0 0.40625000000000006 0.378906 0.20312500000000006 0.378906 0.20312500000000006 0.558594 0.4062500000000001 0.558594
0 0.996094 0.3593750000000001 0.992188 0.3593750000000001 0.992188 0.3710940000000001 0.996094 0.3710940000000001
0 0.996094 0.3242190000000001 0.765625 0.3242190000000001 0.765625 0.628906 0.996094 0.6289060000000001
0 0.82070049541202 0.3180442700165644 0.42007610043899796 0.3069165268217936 0.41300495324872666 0.5614941186374366 0.8136293482217486 0.5726218618322073
0 0.585938 0.24609400000000006 0.425781 0.24609400000000006 0.425781 0.425781 0.585938 0.4257810000000001
0 0.4764846994751184 0.29152899129570586 0.11479523395709978 0.10727143451087698 -0.20673931806780987 0.7384295932140895 0.15495014745020874 0.9226871499989184
0 0.996094 1.0619983961355953e-16 0.621094 8.323771212954667e-17 0.621094 0.3125000000000001 0.996094 0.3125000000000001