0 0.9101560000000002 0.9882810000000001 0.8945310000000002 0.988281 0.8945310000000002 0.9960940000000001 0.9101560000000002 0.9960940000000003
0 0.11328100000000012 0.960938 0.07812500000000011 0.960938 0.07812500000000011 0.996094 0.11328100000000012 0.996094
0 0.8476560000000002 0.949219 0.7460940000000003 0.949219 0.7460940000000003 0.996094 0.8476560000000002 0.996094
0 0.06640620000000011 0.949219 1.1624580100398516e-16 0.949219 1.1911606693948676e-16 0.996094 0.06640620000000011 0.996094
0 0.7382810000000002 0.914062 0.6093750000000002 0.914062 0.6093750000000002 0.996094 0.7382810000000002 0.996094
0 0.5976560000000001 0.878906 0.4687500000000001 0.878906 0.4687500000000001 0.996094 0.5976560000000002 0.996094
0 0.18359400000000012 0.863281 0.07812500000000011 0.863281 0.07812500000000011 0.933594 0.18359400000000012 0.933594
0 0.06640620000000011 0.859375 1.0524308430172567e-16 0.859375 1.0978768734102154e-16 0.933594 0.06640620000000011 0.933594
0 0.9960940000000001 0.8437500000000002 0.917969 0.8437500000000002 0.9179690000000001 0.9375000000000002 0.9960940000000003 0.9375000000000002
0 0.4810084758071391 0.873014450080478 0.3339238001237359 0.8329032482917902 0.30724238347277855 0.9307419402251393 0.45432705915618177 0.9708531420138271
0 0.3203120000000001 0.804688 0.1914060000000001 0.804688 0.1914060000000001 0.925781 0.3203120000000001 0.925781
0 0.8997979367493252 0.8209272066671658 0.7642867066671658 0.7896545632506746 0.7446670824368833 0.8746707026856073 0.8801783125190425 0.9059433461020985
0 0.18359400000000012 0.789062 0.08203120000000008 0.789062 0.0820312000000001 0.851562 0.18359400000000012 0.851562
0 0.0703125000000001 0.785156 9.615387822313393e-17 0.785156 9.998089947046941e-17 0.847656 0.07031250000000011 0.847656
0 0.7756235656893745 0.7908906586960329 0.6129230379615679 0.7420794590943134 0.5867969832070727 0.8291644504628144 0.7494975109348794 0.8779756500645339
0 0.6214529684829028 0.7447693564821769 0.45618951705229327 0.6997006529083472 0.43022969125828336 0.794893326960473 0.5954931426888929 0.8399620305343027
0 0.17968800000000007 0.675781 0.10546900000000008 0.675781 0.10546900000000008 0.726562 0.1796880000000001 0.726562
0 0.4453120000000001 0.664062 0.31640600000000013 0.664062 0.31640600000000013 0.785156 0.4453120000000001 0.785156
0 0.09788521664882355 0.6640754707155402 0.015907830550453056 0.659253576523428 0.012163459140197723 0.722911916703585 0.09414084523856822 0.7277338108956972
0 0.00781250000000008 0.648438 7.941075211455114e-17 0.648438 8.395529392150706e-17 0.722656 0.007812500000000085 0.722656
0 0.3046880000000001 0.628906 0.19140600000000005 0.628906 0.19140600000000008 0.75 0.3046880000000001 0.75
0 0.17968800000000004 0.605469 0.10937500000000008 0.605469 0.10937500000000008 0.660156 0.17968800000000004 0.660156
0 0.007812500000000075 0.585938 7.175670961988018e-17 0.585938 7.462691432304183e-17 0.632812 0.007812500000000076 0.632812
0 0.09765620000000008 0.582031 0.019531200000000068 0.582031 0.01953120000000007 0.648438 0.09765620000000008 0.648438