0 0.2688307441681075 0.33086025121699797 0.26843717194262795 0.3060917021213812 0.2588439453993933 0.3064820970873786 0.25923751762487285 0.3312506461829954
0 0.29790056298845635 0.3278745020784805 0.2947877448877741 0.2916904459988962 0.2765257293745301 0.29571391663137186 0.27963854747521244 0.3318979727109562
0 0.32490675568501515 0.32452704241740415 0.323123320862934 0.28919500275308846 0.30433896234082275 0.2916232926586974 0.3061223971629039 0.3269553323230131
0 0.3525861499184135 0.32179652148723065 0.3494313851479998 0.28513253438446023 0.3303229422098832 0.28934336938066396 0.3334777069802969 0.3260073564834344
0 0.3838194039433771 0.3181453681229774 0.38328350439967956 0.2844199310758147 0.36249831852264225 0.2852657849572557 0.36303421806633984 0.3189912220044184
0 0.4093777988995469 0.3156571115267088 0.4088205374824426 0.28058719494567647 0.39283196268041765 0.2812378482329298 0.3933892240975219 0.3163077648139621
0 0.264766886248736 0.2764920242718446 0.26431638289998144 0.24814064404729935 0.25312483171013184 0.24859608254232238 0.25357533505888635 0.27694746276686766
0 0.2918729605662284 0.2706998292880259 0.2916887755899461 0.2460988621682039 0.2723038657865495 0.2464705526497437 0.27248805076283183 0.2710715197695657
0 0.31903117448948143 0.26821485266834666 0.31861460600646685 0.24199908775746387 0.2994285632906923 0.24277986098831786 0.2998451317737068 0.2689956258992006
0 0.34619158390829075 0.2658679239199161 0.3457744618062369 0.23961731393650526 0.3281871525946492 0.2403330268202231 0.32860427469670306 0.2665836368036339
0 0.37815571132457027 0.26377296197411 0.37795837076741295 0.23741491218623767 0.3585443468149646 0.23778716181229773 0.3587416873721219 0.26414521160017007
0 0.40910581882044444 0.25958930564003363 0.407582746788626 0.2320222621165155 0.38838160855808457 0.2347391571412499 0.389904680589903 0.26230620066476806
0 0.7836654939332658 0.36216395711974125 0.46070696157735086 0.3621639571197412 0.46070696157735086 0.44983818770226547 0.7836654939332658 0.4498381877022656
0 1 0.07550717961165068 0.9293345793731042 0.07550717961165067 0.9293345793731042 0.3811488923948222 1 0.3811488923948222
0 0.9941063710819009 1.8925340999611777e-16 0.9353628134479272 1.834970371305128e-16 0.9353628134479272 0.06644671763754063 0.9941063710819009 0.06644671763754063
0 0.9218066825075835 1.5913656730783643e-16 0.40950455005055614 1.0893528204278355e-16 0.40950455005055614 0.37241654773462796 0.9218066825075835 0.372416547734628
0 0.05167149137228796 0.9999979986147634 0.0487892531462598 0.511730763254277 -0.001268152816631731 0.5124875199365827 0.0016140854093964283 1.000754755297069
0 0.764945011627907 1 0.7617248981871175 0.8424267793286974 0.7386751253791708 0.8436331229773462 0.7418952388199602 1.0012063436486487
0 0.7350890748230536 1 0.7320895159251054 0.8406844306106657 0.7059374259399074 0.841945448387155 0.7089369848378556 1.0012610177764893
0 0.697747552072801 0.6401481302588996 0.6972599124769595 0.5595624610473087 0.6869869386783026 0.5597216646749095 0.6874745782741442 0.6403073338865003
0 0.6587319033252769 0.5603649210992457 0.642069526035474 0.559982041701791 0.6413376653185036 0.6415498956310682 0.6580000426083065 0.641932775028523
0 0.6147607962588473 0.5612556731391586 0.5947987290192114 0.5610259514563108 0.5944277774250427 0.643579624281871 0.6143898446646786 0.6438093459647187