0 0.750793257974924 0.4828992297612442 0.7493325533103724 0.3777217625556255 0.31104908791047114 0.38380864332309944 0.3125097925750228 0.48898611052871815
0 0.996094 0.3710940000000001 0.769531 0.3710940000000001 0.769531 0.4804690000000001 0.996094 0.4804690000000001
0 0.2867133382647328 0.49209901444927456 0.2750620139656146 0.2881889074949942 0.053130161735267245 0.3008699855507255 0.06478148603438542 0.5047800925050059
0 0.05468750000000005 0.300781 3.683504888943401e-17 0.300781 4.879452090352736e-17 0.496094 0.054687500000000056 0.496094
0 0.7434565915443161 0.36177819207666306 0.7413532105545738 0.26712012403828533 0.30363534541054016 0.2768465790092582 0.30573872640028255 0.3715046470476359
0 0.996094 0.2617190000000001 0.769531 0.2617190000000001 0.769531 0.36328100000000013 0.996094 0.36328100000000013
0 0.7384891696367019 0.25770078468445806 0.7357314072191916 0.15568333908292772 0.2962304979550259 0.16756404323978738 0.2989882603725361 0.26958148884131766
0 0.9999942119646134 0.2498500014480367 0.9960016920058982 0.1460378385430151 0.7567215441073829 0.15524033215720925 0.7607140640660981 0.2590524950622308
0 0.7311735989014695 0.15071948340340635 0.7269255588918413 -0.0043437650586452235 0.2887367999430612 0.0076606486128462815 0.29298483995268937 0.16272389707489787
0 0.2735882287964635 0.2883107342198565 0.25954487306482116 -0.006593145270280003 0.036092979297273314 0.004047658908058337 0.050136335028915666 0.2989515383981948
0 0.03906250000000002 0.003906250000000003 4.783776559169348e-19 0.00390625 1.7939131480715078e-17 0.289062 0.03906250000000004 0.289062
0 0.996094 1.0739576844526688e-16 0.75 9.232685697579844e-17 0.75 0.1484380000000001 0.996094 0.1484380000000001