0 0.1091502355769231 0.3373407548076923 4.1351165496075337e-17 0.3373407548076923 4.3215549825536024e-17 0.36778846153846156 0.1091502355769231 0.36778846153846156
0 0.26590674278846155 0.3296181971153847 3.960511149805676e-10 0.2682287867460528 -0.013518658925224601 0.3267845317842723 0.25238808346718583 0.3881739421536041
0 0.5299191270444038 0.3214920986537232 0.3536565365574955 0.28079867223980365 0.3401378777500676 0.339354415299347 0.5164004682369759 0.3800478417132665
0 0.3372613365384615 0.27701354086538466 0.011690420183498777 0.2018495726343096 -0.0018282387198456011 0.26040531776901604 0.32374267763511716 0.3355692860000911
0 0.5322087146213955 0.2554094496505709 0.4314972747774059 0.23215838119582288 0.41851932913233275 0.2883720384166138 0.5192307689763223 0.31162310687136185
0 0.40627324571227275 0.22386803380547643 0.07836084108680832 0.14816349167316492 0.06484218247553934 0.20671923651585017 0.3927545871010038 0.2824237786481617
0 0.5251491373826815 0.11562329233485215 0.2205293152974041 0.04529626859543566 0.2070105187060625 0.10385261284967774 0.51163034079134 0.17417963658909424
0 0.5327494277086863 0.04829980350271674 0.2895412267872647 -0.007849239364284747 0.27602256676615844 0.05070650468266938 0.51923076768758 0.10685554754967086
0 0.5192307692307693 5.3567703679111586e-17 0.3555962211538462 4.35479774024952e-17 0.3555962211538462 0.037778014423076975 0.5192307692307693 0.03777801442307698
0 0.6942378461538462 7.4303522784827e-17 0.5192307692307693 6.358742995572795e-17 0.5192307692307693 0.21309956250000006 0.6942378461538462 0.21309956250000006
0 0.2271141125634881 0.6063883566444199 0.013186384615958727 0.5701447713418174 0.00015729807692315816 0.6470489423076926 0.21408502602445253 0.683292527610295
0 0.5299110470551084 0.6597378310063381 0.2301400625000001 0.6065298317307694 0.21604691327848377 0.685929870731218 0.515817897833592 0.7391378700067868
0 0.21681299065999438 0.7183716098327936 1.1956247957501685e-16 0.6795195408653844 -0.014146436037970953 0.7584633702698281 0.20266655462202332 0.7973154392372374
0 0.5097425817307694 0.7699503774038463 0.21724024759615396 0.7191020000000001 0.20412271392479503 0.7945598496475619 0.4966250480594105 0.845408227051408
0 0.5312489451591733 0.5452594077508812 0.413243625 0.5272441346153847 0.40122544907159596 0.6059667100375803 0.5192307692307693 0.623981983173077
0 0.20318309696546752 0.8300149774817259 1.0248212535001446e-16 0.795230814903846 -0.013123296484698139 0.8718873109798123 0.1900598004807693 0.9066714735576922
0 0.47271355048076935 0.8754381322115385 0.20544256009615397 0.8302528942307692 0.19234189699717272 0.907743405681657 0.45961288738178807 0.9529286436624264
0 0.43712636778846164 0.9683594399038462 0.1934660010404349 0.9270326770361401 0.18725330769230777 0.9636623822115384 0.4309136744403345 1.0049891450792448
0 0.1892317091346155 0.9266389471153846 0.02114686298076933 0.8972835504807691 0.014785619044188692 0.9337071328883196 0.18287046519803488 0.9630625295229351
0 0.645641823162766 0.4395561491789284 0.5908464939985408 0.4318710424351104 0.5729452020857749 0.5595084605638743 0.6277405312500002 0.5671935673076923
0 0.7373546784262683 0.4495187043495497 0.6840403386979037 0.44575314785389775 0.6747121770985588 0.5778252007158866 0.7280265168269234 0.5815907572115386
0 0.8318933245192308 0.4693851706730769 0.7793268077310446 0.46474415898192944 0.7682527644618138 0.590174543597314 0.82081928125 0.5948155552884615
0 0.9339912412789408 0.48190594895851435 0.879357375130578 0.4756510253407224 0.865023345390099 0.6008521484975927 0.9196572115384618 0.6071070721153847
0 1 0.5070794014423078 0.962971627403846 0.5070794014423078 0.962971627403846 0.6251241754807692 1 0.6251241754807692