0 0.41179634286055317 0.4679806100735139 0.4023088925643812 0.37001865737548323 0.3201376304907973 0.3896772442007696 0.32962508078696934 0.48763919689880025
0 0.811277655238203 0.3814807731788806 0.8095801734476624 0.33518920256067275 0.7264528888159876 0.3427190653035456 0.7281503706065282 0.3890106359217535
0 0.8699051114966014 0.3249824886071342 0.8680497094859534 0.27675146345282947 0.7672328747031143 0.28633189000176434 0.7690882767137623 0.334562915156069
0 0.830009997372319 0.2794954394867017 0.8268895413237615 0.23006356992149354 0.7850425762001775 0.2365890919201206 0.788163032248735 0.28602096148532874
0 0.7546693501334633 0.2691145313691252 0.7435117456273064 0.06867222593819482 0.7111225682439266 0.0731259340362447 0.7222801727500835 0.273568239467175
0 0.7827277559356728 0.1975810510526661 0.7772187711685128 0.0986141303094784 0.7484028075341993 0.10257649932022002 0.7539117923013593 0.2015434200634077
0 0.7221478138686509 0.302440233543064 0.7128998379955057 0.13630373809546661 0.679115607518903 0.14094927518246347 0.6883635833920482 0.3070857706300608
0 0.9656577299270072 0.7292952026768642 0.959859279918299 0.6713480013158568 0.9366631216515606 0.6770817119562745 0.9424615716602688 0.735028913317282
0 0.937779070559611 0.7314277361376673 0.9319448729274951 0.6731232566545575 0.9087481751824819 0.6788570975143404 0.9145823728145978 0.7371615769974501
0 0.965524720194647 0.6631781472275334 0.9635985953317824 0.6009767316377552 0.9293101824817519 0.6035995717017208 0.9312363073446166 0.6658009872914991
0 0.9269230377128955 0.6661309235181646 0.9204098460218457 0.6010408828757254 0.9014309745112828 0.6057321478144368 0.9079441662023326 0.6708221884568759