0 0.012407697176905486 0.48424322811388165 0.01106622571003543 0.4650593028230945 0.0014742617062068687 0.4657300386515206 0.0028157331730769243 0.4849139639423077
0 0.5810503909593253 0.3456816518456042 0.5783674502701918 0.3073138032171807 0.511223715101347 0.3120089494279967 0.5139066557904806 0.35037679805642014
0 0.5275067404204098 0.30364102935803877 0.524153064903846 0.25568121875 0.5097648134735165 0.256687342959756 0.5131184889900802 0.3046471535677947
0 0.8810854390075344 0.2751746673387695 0.8622455152246077 0.21502833566977042 0.7136876630008407 0.26156182384081444 0.7325275867837675 0.32170815550981346
0 0.8595932244827966 0.20337763441985762 0.8404434827399198 0.14126235057070013 0.7005521729982831 0.1843899399113625 0.71970191474116 0.24650522376051998
0 0.9167917194104429 0.11133994156397879 0.8972482580376238 0.0399515340846529 0.8445026688683263 0.054391292876236556 0.8640461302411454 0.12577970035556246
0 0.8068760449571433 0.03420626848387647 0.7942701186884337 -0.006415057830742203 0.6495335457471955 0.038500722435800494 0.6621394720159048 0.07912204875041917
0 0.8791970346098587 0.015077888917007343 0.871251523743629 -0.013945859320986635 0.8189607880657742 0.00036919761530681465 0.8269062989320037 0.02939294585330079
0 0.5985576923076924 0.6997062884615384 0.4730235408653848 0.6997062884615384 0.4730235408653848 0.9481420745192307 0.5985576923076924 0.9481420745192307
0 0.5945167958761467 0.6664035437694185 0.5856914919457804 0.5401957747207201 0.45619969697791984 0.5492507200358463 0.4650250009082861 0.6754584890845448
0 0.8802475240384615 0.8828999591346154 0.5985576923076924 0.8828999591346154 0.5985576923076924 1 0.8802475240384615 1