0 0.20838798801666988 0.20883819783827182 0.13345662803739317 0.10362949724776027 -0.009657898281703289 0.3329686447403378 0.06527346169757343 0.43817734533084934
0 0.4917232328944335 0.18835493794370842 0.4466830512729783 0.026489943585526005 0.31931772034218747 0.10623080871407412 0.3643579019636427 0.26809580307225656
0 0.2944705871019397 0.11433397675149379 0.24686825028863976 -0.034965130085022986 0.025573765072582067 0.12378868564516707 0.07317610188588197 0.27308779248168386
0 0.6077033296943232 0.17455308406113534 0.5986740356622998 0.07297352620087337 0.44018945596797665 0.10467044213973793 0.44921874999999994 0.20624999999999993
0 0.39181480342272845 0.8568345415348316 0.3053656838683043 0.8529016720609277 0.3026069906795263 0.9893401802454659 0.3890561102339504 0.9932730497193698
0 0.30493892070702394 0.7555577975740159 0.15666993620625744 0.747934146786765 0.15139980029302494 0.9785513240610931 0.2996687847937915 0.986174974848344
0 0.4474641015625 0.69494615625 0.3070832421875001 0.69494615625 0.3070832421875001 0.852661 0.4474641015625 0.852661
0 0.4507701697934303 0.5544822081290326 0.3128858477575263 0.5470706758169774 0.30950327693013163 0.688661887685408 0.44738759896603564 0.6960734199974632
0 0.30883789062500006 0.54968275 0.15441894531250006 0.54968275 0.15441894531250008 0.763428 0.30883789062500006 0.763428
0 0.3211213281250001 0.501953125 0.28427101562500007 0.501953125 0.28427101562500007 0.54345703125 0.3211213281250001 0.54345703125
0 0.632564389770815 0.8147781817631282 0.6320953372395833 0.656977796875 0.48094068044149924 0.6579887184736066 0.48140973297273093 0.8157891033617348
0 0.696081508003212 0.776548776425637 0.6874939599329365 0.6363223281545901 0.6321137462005577 0.6439532392289531 0.6407012942708333 0.7841796875