0 0.3499932898859011 0.3566816442199585 0.1249334460661186 0.35415727349985665 0.12481204177136064 0.3785107769885977 0.3498718855911432 0.38103514770869956
0 0.01561632421875 0.33495505273437504 0.014884089990098005 0.32232189266598354 0.007564894032556765 0.3232764102212861 0.008297128261208762 0.3359095702896776
0 0.39884995213628155 0.31376030527914867 0.27819123196622014 0.29231883190043095 0.2740103727321404 0.34525495759671326 0.3946690929022018 0.366696430975431
0 0.4338743195250829 0.26093269635684946 0.30347855999949785 0.2345615473473427 0.29907467668494253 0.28355665735476304 0.4294704362105275 0.30992780636426975
0 0.45413299341162894 0.22162777152511937 0.19108784453359462 0.12378681100336894 0.1827480320263528 0.17423532688555865 0.4457931809043871 0.2720762874073091
0 0.17617321457269777 0.12124033308978022 0.0007104536074244427 0.06381786504893128 -0.004474015134283631 0.09946214800712883 0.17098874583098975 0.15688461604797777
0 0.9455849869791667 0.34199838671875016 0.9257245371220821 0.33278457921896415 0.9168349776322572 0.3758980221286969 0.9366954274893419 0.3851118296284829
0 0.9185625729166667 0.33287286132812516 0.8971175742639824 0.3243332229611282 0.8900489102014825 0.36427307061737824 0.9114939088541667 0.3728127089843752
0 0.9517719635416667 0.29039215234375015 0.9321018726044157 0.2820424319371506 0.9247145143229166 0.32119913476562517 0.9443846052601677 0.3295488551722247
0 0.9238743099785395 0.27783778159261413 0.9022849919194745 0.27008062862492427 0.8964079775138516 0.30688300328231033 0.9179972955729165 0.3146401562500002
0 1.006465609199832 0.7717667063031832 0.9991576847638752 0.7061303231842354 0.7284166799253061 0.7739547233092674 0.7357246043612631 0.8395911064282152