0 0.12780112928028145 0.5525048824582446 0.07940515186089286 0.5460693672712614 0.0749957364072363 0.5792287903364878 0.1233917138266249 0.585664305523471
0 0.424715 0.5614334759615385 0.22698589574171518 0.5390161224164397 0.2205558389423077 0.59573153125 0.4182849432005925 0.6181488847950987
0 0.13560724154613252 0.49380177425393845 0.07702267361016381 0.4860114212389498 0.07019640298990865 0.5373459517964494 0.12878097092587734 0.5451363048114382
0 0.14269984397595767 0.4470852881330051 0.07660332062068637 0.43265380246157653 0.06744229442942468 0.47461150490435217 0.13353881778469595 0.4890429905757807
0 0.45403773225378785 0.43665815919045736 0.18855468329355668 0.41833872404681327 0.18354302790811114 0.4909670306312367 0.44902607686834234 0.5092864657748808
0 0.14945592546786352 0.38965767349548724 0.08322974999255023 0.38085116857512713 0.07727875306822102 0.4256035158602023 0.1435049285435343 0.4344100207805624
0 0.31968680676711464 0.3532573027991627 0.30176518934040897 0.3512254575938043 0.29613891109232887 0.40085128835708084 0.3140605285190346 0.4028831335624392
0 0.32139199885952263 0.3223350577697158 0.30342474653235324 0.32029803953081254 0.3010134949867036 0.3415661676788893 0.31898074731387294 0.34360318591779265
0 0.16228543469361117 0.2931778645178608 0.08077669711421047 0.2823391497183276 0.0692471876390931 0.369042765378279 0.15075592521849382 0.37988148017781226
0 0.4741697620192308 0.2869984158653846 0.34046523991398037 0.27183979030985383 0.32492590271971344 0.4089023258135254 0.45863042482496386 0.42406095136905625
0 0.10769270673076926 0.23587596875 0.06396039940551976 0.23091785675561788 0.06074543816643148 0.2592749558098305 0.10447774549168098 0.26423306780421263
0 0.48872847596153846 0.23599193028846152 0.21466283577584472 0.2049199941625811 0.20957235764420062 0.24981984019561576 0.48363799782989436 0.2808917763214962
0 0.17932265242197865 0.16261706196077327 0.06353943556489981 0.1494902439820211 0.05657350480769231 0.21093223798076927 0.17235672166477117 0.22405905595952144
0 0.5055284903846154 0.18763291105769236 0.22193197254725863 0.15548042094058412 0.21844904260904646 0.18620111469558734 0.5020455604464034 0.21835360481269556
0 0.5117539306661626 0.14046837549517052 0.2281574002255772 0.10831587793579435 0.2244065673946567 0.14139956529623368 0.5080030978352421 0.17355206285560987
0 0.19323212462745287 0.0971212732951759 0.05499359805980656 0.09615986595703291 0.05469945304746875 0.13845429360446745 0.19293797961511508 0.13941570094261044
0 1.0340288728056815 0.1316643853141048 0.9568362962758498 0.006482628394653198 0.7404432239509374 0.13992011327285608 0.817635800480769 0.2651018701923077
0 1.0723544360093327 0.39017621280177806 1 0.27957352884615383 0.882607696775729 0.3563696208382484 0.9549621327850618 0.4669723047938727
0 0.6542726346153848 0.8247377283653847 0.6120061673400822 0.8160139888083262 0.5740317127635658 0.9999999997567094 0.6162981800388684 1.0087237393137678
0 0.8572635456730768 0.6081730769230771 0.7138940384615384 0.6081730769230771 0.7138940384615384 0.6505569951923077 0.8572635456730768 0.6505569951923077
0 0.8576954807692311 0.9306215216346156 0.6745734945267099 0.9247003069864383 0.673097510083408 0.9703472255631372 0.8562194963259292 0.9762684402113145
0 0.8484055552884615 0.9958820192307694 0.6732374230769232 0.9769279639423077 0.6707584939670804 0.9998375405710271 0.8459266261786187 1.0187915958594886