0 0.3511523199584235 0.503411867576103 0.3510785968192842 0.5014237703725071 0.3473247487358607 0.5015629715464042 0.347398471875 0.5035510687500001
0 0.3416864431148228 0.4950332875353715 0.12874772103266596 0.4073345509163316 0.1026974013993768 0.4705865655564148 0.31563612348153364 0.5582853021754548
0 0.10069252439140963 0.39129700081647606 0.006048161432081889 0.3523166703137729 -0.018818572108383246 0.412693176219834 0.0758257908509445 0.45167350672253714
0 0.8069589590282502 0.2825132331069181 0.796692629324613 0.24555338245208155 0.6762302609213627 0.27901418840766345 0.6864965906249999 0.3159740390625
0 0.5349539609375 0.3976076046875 0.525935562629386 0.3773745785710468 0.476396214191886 0.39945558482104676 0.48541461249999995 0.4196886109375001
0 0.5066199381969809 0.3808679264860653 0.5009324734375 0.3681895578125 0.4786981758655191 0.3781637735139348 0.48438564062499995 0.39084214218750013
0 0.7025627169227071 0.03080976185408153 0.698147158437005 0.015775173792038168 0.6292445430767977 0.03601141350045669 0.6336601015624999 0.051046001562500054
0 0.2204202983838784 0.8391249862859418 0.1470207696407321 0.7726599885065535 -0.02895339900946734 0.9669941716319933 0.04444612973367894 1.0334591694113815
0 0.38900050443968576 0.6789465057569827 0.2834043912807458 0.590638674382455 0.11682102796010536 0.7898345487437989 0.22241714111904534 0.8781423801183266
0 0.5067160772140177 0.5325256343277827 0.42140005393879304 0.45945038358461837 0.29613596949718524 0.6056973472978371 0.38145199277240993 0.6787725980410013
0 0.7136409296874999 0.7031855921875001 0.7098404347014403 0.6934813511098646 0.6961254189259943 0.6988525953185888 0.699925913912054 0.7085568363962242