0 0.2875354228463855 0.4181016007660323 0.08900589603974246 0.1844897595717741 0.04360323075518878 0.2230741464274366 0.24213275756183184 0.45668598762169477
0 0.39526560464963767 0.42446976089132626 0.18875343629539565 0.1629285860372989 0.12614742026120918 0.21236211836908658 0.3326595886154512 0.4739032932231139
0 0.077825118905386 0.13814551208518597 0.02370474780299157 0.13352771407631545 0.019844750000000022 0.17876670312499998 0.07396512110239445 0.1833845011338705
0 0.1679755261224693 0.14868401711702423 0.07881837265374766 0.0509057972733612 0.029551042642160512 0.09582924658406072 0.11870819611088212 0.19360746642772375
0 1.0212523808547485 0.2808379511621107 0.9710269128471251 0.2193174407903053 0.8263121650547359 0.3374628510209882 0.8765376330623593 0.3989833613927936
0 0.920186830078125 0.15370725585937506 0.8525897072282668 0.07486903038784581 0.7038343203125 0.20241421679687505 0.7714314431623582 0.2812524422684043
0 0.7773883359375001 5.551115123125783e-17 0.7174971134231352 -0.06403336921242347 0.5864144902343751 0.05856987109375 0.64630571274874 0.12260324030617353
0 0.2448265683593751 0.714354353515625 0.1943319638914241 0.6754587096085597 0.1823380636905555 0.6910292770509701 0.2328326681585065 0.7299249209580354
0 0.29574086328125004 0.6484834667968751 0.24524687446880694 0.609586193204659 0.23325295507812502 0.625155943359375 0.2837469438905681 0.664053216951591
0 0.2713190292968751 0.6815277265625 0.22082716724905208 0.6426320908414315 0.20883285742187505 0.6582023476562501 0.25932471946969804 0.6970979833773187
0 0.21833390234375016 0.7471829218750001 0.16783903451201765 0.7082862678289805 0.15584536740408078 0.7238562095189918 0.2063402352358133 0.7627528635650115
0 0.7372292540751347 0.8115711663815919 0.6112262910156251 0.6786751835937501 0.5460294120571207 0.7404904451138696 0.6720323751166304 0.8733864279017114
0 0.8443495664062499 0.42968750000000017 0.8126727947614518 0.39534935444956293 0.7205358417519399 0.4803452438240444 0.752212613396738 0.5146833893744817