0 0.4800938302885775 0.4187038886764162 0.4683794348706775 0.41819689661957127 0.46535856835937506 0.44921874999999994 0.47707296377727504 0.44972574205684485
0 0.4901305137779301 0.3156353144118564 0.48036835066239486 0.3152128136358903 0.4723610497750899 0.39744127786986744 0.48212321289062515 0.39786377864583344
0 0.4756763666139184 0.30962597550641197 0.355899705386273 0.30344837669525454 0.33952555770309356 0.44454892040650335 0.4593022189307389 0.4507265192176608
0 0.35262111257265877 0.30270119457250194 0.3000536739230725 0.2999887733641866 0.2828487252254774 0.4481827489339716 0.3354161638750637 0.4508951701422869
0 0.3635246080058726 0.18628668323445893 0.31471579734895844 0.1841742663624082 0.30385829488801375 0.295671993883241 0.3526671055449279 0.2977844107552918
0 0.3750540094404984 0.17555996944001886 0.3145920289188514 0.04764417641395625 0.2712620368227553 0.0567467519830209 0.33172401734440227 0.18466254500908352
0 0.4685021398943386 0.3101774086697371 0.37386430453342534 0.011408865729767384 0.2721540736459215 0.02572784469668568 0.3667919090068348 0.3244963876366554
0 0.3139897058902121 0.012979113574154072 0.23605261922282397 0.006853017509199956 0.23113652661386183 0.03465001591421257 0.30907361328124994 0.04077611197916669
0 0.29749390836136425 0.0028751978334909827 0.23884931249965388 -0.0017344502644799503 0.23792754066595603 0.003477510534553629 0.2965721365276664 0.008087158632524563
0 0.8096673636894163 0.20045666787070304 0.8009296640625 0.1654817473958334 0.7835794546699587 0.16740821884804702 0.792317154296875 0.20238313932291666
0 0.7184120294733103 0.20981751744376212 0.70967433203125 0.17484259895833332 0.6923241232396723 0.17676906997168776 0.7010618206817327 0.21174398845711662
0 0.6122506070075293 0.40918734876086366 0.5435000605468749 0.40378334374999997 0.5382563106311705 0.43343301378241783 0.6070068570918249 0.4388370187932815
0 0.7472181018417202 0.20606872190485503 0.738480275390625 0.17109531119791666 0.7211300758926547 0.17302189267847834 0.7298679023437499 0.20799530338541672
0 0.658123927734375 0.4293269361979168 0.618276140625 0.42619477734375005 0.6159164164551373 0.43953733693433744 0.6557642035645123 0.4426694957885042
0 0.7793457423318665 0.20258264077310814 0.7706080429687503 0.16760772135416666 0.7532578357931339 0.16953419256022517 0.7619955351562502 0.20450911197916666
0 0.2378600168711338 0.935090462266019 0.08264094532195163 0.9201313437466535 0.06933772059409773 0.9814811912792832 0.22455679214327992 0.9964403097986487
0 0.2115193052675774 0.8851985762362431 0.11592875180057083 0.630659452743779 -0.04966662263531102 0.658298693906328 0.04592393083169555 0.912837817398792
0 0.10698625897354277 0.45169556034044045 0.020961659651970797 0.44865899476634685 0.007420742037705555 0.6191516097933736 0.09344534135927753 0.6221881753674672
0 1.0806983743169623 0.8505412620209519 0.8768935780381693 0.8016337739890265 0.7835906467872454 0.9744369868485183 0.9873954430660384 1.0233444748804439