0 0.2989176102517733 0.18834879762960677 0.29728440501925746 0.17826892941547626 0.2575225382823998 0.18471140340716982 0.25915574351491566 0.19479127162130033
0 0.2893250302136355 0.1688308262913268 0.2881757754748792 0.16173742635619492 0.2536763172801928 0.1673269414233487 0.25482557201894906 0.17442034135848059
0 0.3710106935199771 0.1824145441796459 0.3644777015604197 0.14209401575783073 0.29610335210399974 0.15317246866315237 0.30263634406355716 0.19349299708496753
0 0.48259912157374113 0.15245574807213802 0.4780018264320234 0.12408201509150538 0.370572907105073 0.14148834119032674 0.37517020224679076 0.1698620741709594
0 0.2742501587704459 0.13755700558084033 0.2729797613778797 0.12971677092194633 0.23584888784897198 0.13573329554998384 0.23711928524153816 0.14357353020887784
0 0.262531109988163 0.1187666500201699 0.259385618416699 0.09935320468104777 0.21510116848250654 0.10652845675926646 0.21824666005397053 0.12594190209838857
0 0.4612453866325043 0.11307894362886808 0.45707759361236733 0.08622442816244122 0.35217982592963476 0.1025044531929658 0.35634761894977174 0.12935896865939267
0 0.34379981969857104 0.13165146883652942 0.33605656485211605 0.08386411503350691 0.26797863542282974 0.09489516645273408 0.27572189026928473 0.1426825202557566
0 0.09708487500000011 0.896928111328125 1.0984201406032692e-16 0.896928111328125 1.1615334698753112e-16 1 0.09708487500000011 1
0 0.35406651039025205 0.7544659496185327 0.15818107179523846 0.6248909595836195 0.08151430359248651 0.7407922111369619 0.2773997421875001 0.8703672011718752
0 0.53551239406245 0.5332371475893115 0.33059953675196996 0.38730735584680387 0.20873097933322646 0.5584337174950462 0.4136438366437065 0.7043635092375538
0 0.8024179902343751 0.4989195175781252 0.7369568193453643 0.49884923569463324 0.7368826406250001 0.5679399550781251 0.8023438115140109 0.5680102369616171
0 0.7629343710937502 0.5996014550781251 0.7387012032320759 0.5994237327275879 0.737281050888326 0.7930673010869628 0.7615142187500002 0.7932450234375
0 0.8799642919847629 0.7833169006959313 0.8790619101903051 0.5766898671196469 0.8075778746441818 0.5770020522735192 0.8084802564386396 0.7836290858498036
0 0.9752935816807851 0.39054192918803365 0.8878856582031251 0.3902975683593752 0.8869236201071113 0.734418812098063 0.9743315435847713 0.7346631729267216