0 0.02776155824633229 0.10061218264783073 0.017676738887753774 0.09866657650043326 0.016106690053577868 0.11697744199624753 0.02619150941215638 0.118923048143645
0 0.035706690165945194 0.07453426554124898 0.02080353046370143 0.0711012252055828 0.01870116965662916 0.09163596570995741 0.03360432935887293 0.0950690060456236
0 0.1490910222794014 0.07515859357536467 0.1258960625749381 0.07068372228381078 0.12530733196220337 0.07754985527094616 0.14850229166666667 0.08202472656250004
0 0.04345270513755409 0.0477980889134244 0.023432441722654893 0.043935697452711454 0.022058637260280057 0.059957852863007546 0.04207890067517925 0.06382024432372049
0 0.04755246484375 0.041608722656250006 0.027606880208333334 0.03776073437500001 0.02741063641149243 0.04004944816236037 0.0473562210469091 0.04389743644361037
0 0.05614171742303351 0.010831592999650672 0.029570128058725637 -0.005458240677175329 0.022835681204380967 0.01925816588097949 0.04940727056868884 0.03554799955780549
0 0.09418655729166665 1.5433632932843447e-17 0.07076818229166666 1.3282690083969769e-17 0.07076818229166666 0.020000970703125013 0.09418655729166665 0.020000970703125013
0 0.8602735760975229 0.4197088405714398 0.7442673775906701 0.3925175719948176 0.7279303511051115 0.5493396690348527 0.8439365496119643 0.5765309376114748
0 0.9454600111428375 0.7649463494489511 0.874526293707904 0.7559743300673765 0.8741288762853716 0.7630438827954865 0.9450625937203051 0.7720159021770612
0 0.8685059282306543 0.7564607673289333 0.7483001142164594 0.741028318294819 0.7456660162799983 0.7871924911605319 0.8658718302941932 0.8026249401946464
0 0.7477561744791666 0.7416212167968751 0.720824587619036 0.7297796150849805 0.7107056809895832 0.78156027734375 0.737637267849714 0.7934018790556446
0 0.7581995449559072 0.6996945108958472 0.7312679600535527 0.6878529069176187 0.7222136705729167 0.7341856777343752 0.7491452554752712 0.7460272817126035
0 0.9988713618189463 0.7219999067107186 0.879656959265806 0.7072063826079612 0.8771005460461868 0.753558615058636 0.996314948599327 0.7683521391613933
0 0.8803337809858139 0.7072903717423491 0.7600148525190482 0.6923597884270848 0.7574445322460894 0.7389641904581118 0.8777634607128552 0.7538947737733761
0 1.0020349883211177 0.6718648801521774 0.8897913745463913 0.6605199818792794 0.8876931763164562 0.7072278525605968 0.9999367900911825 0.7185727508334948
0 0.8918696134714431 0.6591122221244868 0.7712098259297773 0.6469166699934576 0.7691839930278302 0.6920136259217037 0.8898437805694961 0.7042091780527329
0 0.7702031015176036 0.6435792884667182 0.6784602503800833 0.6343064801565707 0.6762173587797787 0.6842353520230464 0.7679602099172991 0.693508160333194
0 1.0020258330203602 0.623326612326899 0.9015369680486488 0.6131698124667572 0.8995111349748847 0.6582667677349285 0.9999999999465962 0.6684235675950704
0 0.9014086966145832 0.6115389511718751 0.7810708540983241 0.5966901246552114 0.7785416307824476 0.6428091141018769 0.8988794732987068 0.6576579406185405
0 0.7828989739583333 0.5963248554687501 0.6904435966991245 0.5869800301388716 0.6884177680338094 0.6320768811265058 0.7808731452930182 0.6414217064563844