0 0.15788494547153725 0.4458450856741486 0.13647833072314516 0.43928071004973895 0.13190390537286528 0.47919628237049916 0.15331052012125734 0.48576065799490886
0 0.2991856044921875 0.4526369992012781 0.29192325983928097 0.3892670957173693 0.1903050485365335 0.42042847001428885 0.19756739318944003 0.4837983734981976
0 0.21016852882064882 0.41626698877726054 0.20611016138516075 0.3808544100365883 0.168639528739189 0.3923448348118852 0.17269789617467707 0.42775741355255736
0 0.1722185381343842 0.3797760671004577 0.15106734342591446 0.36950938452521986 0.14334440102576118 0.4120828311721624 0.16449559573423092 0.4223495137474002
0 0.039863133154318366 0.39603661318820493 0.029921265108090837 0.3469941978426452 0.017201975585937508 0.3538935806709265 0.027143843632165036 0.4029359960164863
0 0.14106965184293296 0.3686275673156674 0.023639865630432244 0.27551802457588975 -0.012342170596534197 0.3969466446601479 0.10508761561596651 0.4900561873999255
0 0.03164356714176584 0.28364165746665393 0.014788442728502167 0.23386808859185113 -0.009365720237300895 0.2557545937960985 0.007489404175962777 0.3055281626709012
0 0.7293949066136219 0.18070706733177236 0.718793319171655 0.10106939233181067 0.43644053755803314 0.20164569001601265 0.447042125 0.2812833650159744
0 0.6208077749023438 0.4792332268370607 0.6143228203125001 0.42336791613418534 0.4731283009315904 0.4672243997330614 0.4796132555214342 0.5230897104359368
0 0.8026339301757812 0.4471470391373801 0.7929626844355371 0.36739884305343473 0.6456868888102824 0.4151896292420051 0.6553581345505265 0.49493782532595043
0 0.21195083740234377 0.7465957547923323 0.20355853821377068 0.7058449889485969 0.15177487351870245 0.7343807337230209 0.16016717270727554 0.7751314995667563
0 0.7129421099731098 0.8559559672014183 0.7053830596558398 0.7834645452348709 0.5787456038001043 0.8187986458427319 0.5863046541173743 0.8912900678092793