0 0.3213923458570251 0.35421380043352596 0.31785390187387186 0.34100814602752605 0.2622047944468004 0.3559192775238723 0.2657432384299536 0.3691249319298722
0 0.36385484444880084 0.3185717233556333 0.3183593748589547 0.14878031392673685 0.21040879121347122 0.1777055847161635 0.25590426080331735 0.3474969941450599
0 0.2162928792005671 0.04874132126096291 0.20416073656494788 0.0034635487320036004 0.05512176154399466 0.043398421898836435 0.0672539041796139 0.08867619442779574
0 0.903588986328125 0.4480070058593749 0.9021268055281574 0.44038912717219936 0.74394478515625 0.4707506914062501 0.7454069659562176 0.47836857009342565
0 1.0018277961154678 0.4291509801273384 0.9999999998110434 0.4196282665936714 0.9181468027343749 0.43533922656249996 0.9199745990387994 0.4448619400961669
0 1.0025587464179182 0.3934670424057224 1 0.38013611914062506 0.8992198510586927 0.3994799290158182 0.9017785974766109 0.4128108522809155
0 1.002193317846494 0.3658925795245564 0.9996344784303728 0.35256117087089106 0.8895717068144531 0.3736866922298751 0.8921305462305742 0.38701810088354044
0 1.0029243610310117 0.34008165906485927 0.9999999997916171 0.3248459032112121 0.879923564453125 0.347893455078125 0.8828479256925196 0.3631292109317722
0 0.05415241877396145 0.7084622931916577 0.0452229609375 0.612410048828125 -0.00892945783646145 0.6174443064177173 0 0.71349655078125
0 0.4047431953125 0.8035991621093749 0.3565872792951832 0.6686801792518321 0.2881246505450005 0.6931161817371134 0.3362805665623173 0.8280351645946562
0 0.3537531316514104 0.6710665054209879 0.3485519833881542 0.6452099437170971 0.31315822673674376 0.6523295359523592 0.318359375 0.67818609765625