0 0.6987618013848489 0.45786191243712154 0.6963394057768809 0.40704729552169217 0.4957440847605932 0.4285632061343695 0.49816648036856126 0.47937782304979887
0 0.48707423988573567 0.4796954397294569 0.480535129071988 0.37167591642310194 0.2509874152679682 0.40294188813117066 0.25752652608171583 0.5109614114375256
0 0.6989287247395747 0.40244877161587467 0.6963275486574924 0.3482261277621671 0.4897369977146479 0.3705249555919178 0.49233817379673034 0.42474759944562535
0 0.9017356770833334 0.3575527343750001 0.8767356770833334 0.32005273437500015 0.8697916666666666 0.33046875000000026 0.8947916666666665 0.36796875000000023
0 0.8711809895833333 0.30338476562500016 0.8560715599177385 0.26797228883712765 0.8179986318148872 0.30452255680491735 0.8331080614804818 0.33993503359278987
0 0.9907916666666666 0.08221875000000012 0.9690139583333331 0.057718828125000066 0.9461809895833332 0.1033847656250001 0.9679586979166666 0.12788468750000015
0 0.9920143229166664 0.04296875000000022 0.9628476562499998 0.0075527343750003695 0.9579310452687443 0.016663092780679567 0.987097711935411 0.05207910840567942
0 0.7420143229166666 0.1221347656250002 0.73529588552546 0.10113938633851921 0.7005732292754602 0.12613938633851912 0.7072916666666668 0.1471347656250001
0 0.21528207508250827 0.8059251237623761 0.18795766295379532 0.7558303681930691 0.03359632838283829 0.9452738242574257 0.06092074051155124 0.9953685798267327
0 0.3268229166666667 0.7675781250000001 0.2766086115142719 0.6789646453193035 0.2445195331398162 0.7198782202467344 0.29473383829221095 0.8084916999274312
0 0.525561972533859 0.8842734943526379 0.5064879124974732 0.8435243660930867 0.4392592732969476 0.9143289967404488 0.45833333333333326 0.955078125
0 0.34109987745098036 0.9694163602941175 0.3261795343137255 0.868704044117647 0.2844056372549019 0.8826286764705882 0.29932598039215685 0.9833409926470587
0 0.4416418421598614 0.8499715020296328 0.40708467406454113 0.8319866151518518 0.3699713304699573 0.9924378395192548 0.40452849856527756 1.0104227263970356
0 0.8216145833333335 0.80859375 0.7580261436529372 0.8052664479237002 0.7539547813977042 0.9803350248987172 0.8175432210781005 0.983662326975017