0 0.02113444921875 0.4251597747395834 0.015207212027815017 0.41726128564543385 0.006420241456964589 0.423855263068505 0.012347478647899571 0.4317537521626546
0 0.04092384320961676 0.4067074309160928 0.03464301605056327 0.3989434553859234 0.02001945092119939 0.41077348816613907 0.026300278080252888 0.41853746369630845
0 0.052550307210435354 0.3955574380516782 0.045884357943839514 0.38731682089552183 0.036155796755500624 0.3951863886826861 0.042821746022096464 0.40342700583884233
0 0.7815445902042125 0.4307507729311697 0.7198403650867791 0.3941279510873616 0.70030244140625 0.4270465625000001 0.7620066665236834 0.4636693843438082
0 0.23631944783905467 0.7051085249148842 0.23318879817708335 0.6869722955729166 0.18458888940052873 0.6953615414913656 0.18771953906250005 0.7134977708333333
0 0.9074016830109443 0.9891367585610809 0.9030629447884566 0.9139816334785685 0.7235352188087624 0.9243458475737377 0.72787395703125 0.99950097265625
0 1 0.909853828125 0.9753847291666666 0.909853828125 0.9753847291666666 0.9528598932291666 1 0.9528598932291666
0 0.8119466828595092 0.8951003347899658 0.7141951226510553 0.8072056918729343 0.5782476693489458 0.958398929886216 0.6759992295573997 1.0462935728032474
0 1.1025215578055259 0.7753336343913358 0.9955705981364384 0.6879131990475881 0.860362942157859 0.8533274812420898 0.9673139018269464 0.9407479165858376
0 1.0655380934688021 0.5989218808045279 0.9569150742804057 0.5075930883267707 0.7474971598616457 0.7566668526803616 0.8561201790500421 0.8479956451581189
0 0.6955065104166667 0.4857287669270834 0.5 0.48572876692708333 0.5000000000000001 0.8632994908854167 0.6955065104166667 0.8632994908854167
0 0.8479124760781659 0.5638370277011013 0.8409705020314434 0.4435890414428499 0.5964402416789886 0.4577058909122402 0.603382215725711 0.5779538771704916