0 0.5390620000000003 0.957031 0.4492190000000001 0.957031 0.4492190000000001 0.996094 0.5390620000000003 0.996094
0 0.40234440000056915 0.9375001333373157 0.3777345400034705 0.9292966133320251 0.3554681999988624 0.996093733325369 0.38007805999596106 1.0042972533306598
0 0.7603023120617725 0.9892871866988906 0.47511392795472623 0.8849493649602842 0.45506990397323854 0.9397360445653484 0.7402582880802848 1.0440738663039548
0 0.9960940000000001 0.8789060000000002 0.8984380000000001 0.8789060000000001 0.8984380000000002 0.9960940000000001 0.9960940000000003 0.9960940000000003
0 0.8667846957525009 0.9463595216281707 0.5037250720230926 0.8067208381696759 0.48087137297604277 0.8661402996780857 0.8439309967054511 1.0057789831365804
0 0.8659859822090531 0.8202710458881515 0.5254164738982039 0.7321925433525834 0.5017111212899804 0.8238530513052225 0.8422806296008296 0.9119315538407906
0 0.4777338199892489 0.7347652400271361 0.4378890400322569 0.7214847800465907 0.3742224199866851 0.9125009398812178 0.4140671999436771 0.9257813998617632
0 0.8565624916799299 0.6990618857606521 0.5544064351686114 0.6441247405747116 0.5380314276167211 0.7341878061103501 0.8401874841280396 0.7891249512962906
0 0.9886678122693014 0.867149320753574 0.9661210389275098 0.6416700426488441 0.8775541966599241 0.6505262734075657 0.9001009700017157 0.8760055515122956
0 0.8488984803951352 0.5819566512931621 0.5770335074453931 0.5533375506092898 0.567722141449262 0.6417901645689528 0.8395871143990041 0.6704092652528252
0 0.839844 0.47265600000000013 0.601562 0.47265600000000013 0.601562 0.558594 0.839844 0.558594
0 0.855469 0.3554690000000001 0.640625 0.3554690000000001 0.640625 0.4492190000000001 0.855469 0.4492190000000001
0 0.6208084992801327 0.3347682565396467 0.5822307680223491 0.3207400722462521 0.44981806318707007 0.6848771291465469 0.4883957944448537 0.6989053134399414
0 0.8459381335978536 0.2965618151882527 0.837500063996887 0.23749964799664136 0.6652340680107729 0.26211087601499133 0.6736721376117394 0.32117304320660267