0 0.5408300059395512 0.44289986241478185 0.5381786902366088 0.43143524703815106 0.39450902148437494 0.46466040429687494 0.39716033718731747 0.47612501967350573
0 0.5507685185683475 0.3355621379553405 0.5389791399704159 0.25351399677609293 0.4899783222415678 0.2605548533209301 0.5017677008394994 0.34260299450017767
0 0.5242329500949913 0.4286219848460244 0.48534781625055495 0.26047787264738853 0.3637035367742068 0.2886094202049972 0.4025886706186431 0.45675353240363303
0 0.9588522862376367 0.03076230965088983 0.9424528402927561 -0.023722916572435193 0.8450060325707441 0.005607486667300043 0.8614054785156248 0.060092712890625066
0 1.0146836934393688 0.2945509378074095 1.0000000000000002 0.25133676562500007 0.9512659198418812 0.26789606219259054 0.96594961328125 0.31111023437499996
0 1.0170364900159112 0.35410885362658995 0.9998743340162783 0.30496909545402173 0.9673135197816172 0.31634102307743184 0.9844756757812501 0.36548078125000005
0 0.52144103515625 0.5 0.4669889082031251 0.5 0.4669889082031251 0.524334865234375 0.52144103515625 0.524334865234375
0 0.3729242672763109 0.5457587598215022 0.36301749762043095 0.498498141786057 0.30340488281249994 0.5109941367187502 0.3133116524683799 0.5582547547541954
0 0.29563358984375 0.556445447265625 0.28104810938726627 0.50999867527054 0.22871703320312498 0.5264319785156251 0.2433025136596087 0.57287875051071
0 0.33555037890625 0.6271526289062501 0.3275414195843056 0.5813312787185871 0.27058996059993057 0.5912856322342122 0.278598919921875 0.637106982421875
0 0.40449218750000004 0.614208744140625 0.3978978975990899 0.5678392254431949 0.3384497901772149 0.576293444193195 0.34504408007812504 0.6226629628906251
0 0.51215348828125 0.590549697265625 0.5082653400010028 0.549542522638411 0.4525690273381454 0.5548234405330197 0.45645717561839255 0.5958306151602337
0 0.5479026833450433 0.6508785760295799 0.5390624999999999 0.60102236328125 0.5046932949075666 0.6071164899244874 0.5135334782526101 0.6569727026728173
0 0.4849275827057863 0.6644079574270687 0.4740073763926232 0.6161657305110897 0.4187580241555869 0.6286720836308959 0.42967823046875 0.676914310546875
0 0.38621456640624996 0.6856283984375 0.37947805367327836 0.6393914316536675 0.32827263961077835 0.6468518242317925 0.33500915234374995 0.693088791015625
0 0.320519474609375 0.69882409375 0.30898370120087826 0.64861368441405 0.2547780117477533 0.6610673680078 0.26631378515625004 0.71127777734375
0 0.46196608035758036 0.7379255575950122 0.453894619140625 0.69316399609375 0.34512936104866976 0.7127766845924879 0.35320082226562505 0.7575382460937501
0 0.5468372710169147 0.9722349765324462 0.5096733904874494 0.8276189893674486 0.47973849447053474 0.8353117550225023 0.516902375 0.9799277421874999
0 1 0.5000000000000001 0.7802943671875 0.5 0.7802943671875 0.7260082343750001 1 0.7260082343750002