0 0.6442244646545255 0.04736058989516907 0.11656261035672559 -0.05520696719733342 0.10046311119136794 0.02761738607450139 0.6281249654891679 0.13018494316700385
0 0.8820653637267112 0.03690128714867015 0.880480984375 0.007031053124999987 0.7940960268982888 0.011613090976329838 0.7956804062499999 0.041483325
0 0.28790056140417913 0.7015680948459434 0.2541577158389978 0.6950091484504308 0.24759861680342352 0.7287527792804577 0.28134146236860486 0.7353117256759703
0 0.46760975222554635 0.7269493488215961 0.2958249921676246 0.6935577773349234 0.28628454306707835 0.7426391378883272 0.4580693031250001 0.776030709375
0 0.6388579299947164 0.7666040109580933 0.47562007187500005 0.7348737843750002 0.4648871417850075 0.7900899207820616 0.6281249999047238 0.8218201473651547
0 0.6176623250000001 0.7083648812500002 0.5287025558043281 0.6910728561633703 0.5197584995248864 0.7370860430692486 0.6087182687205583 0.7543780681558785
0 0.5225669957991039 0.6898802222733057 0.4826885871232022 0.682128643676758 0.4737445281250001 0.7281418312500001 0.5136229368009019 0.7358934098465477
0 0.4777464443998406 0.674800603858755 0.4347998593750001 0.66645263125 0.4258556471184381 0.712466602564881 0.46880223214327865 0.720814575173636
0 0.4286650837248615 0.6652601520984517 0.38878667434986175 0.6575085739734516 0.3804388562500002 0.700454371875 0.42031726562499994 0.7082059500000001
0 0.38265111262462065 0.656315943108883 0.29369134428036475 0.6390239160215103 0.28474713437500004 0.6850378875 0.37370690271925594 0.7023299145873728
0 0.3366371429609587 0.6473717339591996 0.29369134453904133 0.6390239160408002 0.28713224687500005 0.6727675468750001 0.3300780452969175 0.6811153647933994
0 0.2388192000000001 0.628125 0.08347892500000008 0.628125 0.08347892500000009 0.723299340625 0.2388192000000001 0.723299340625
0 0.06978190937500006 0.628125 0.0452412288653274 0.6233547738615214 0.037637500613907915 0.6624725557618931 0.062178181123580575 0.6672427819003717
0 0.628125 0.628125 0.3892961687500001 0.628125 0.3892961687500001 0.697286390625 0.628125 0.697286390625
0 0.8361179531250003 0.6281250000000003 0.806669137584184 0.6224007308169125 0.7999756906250003 0.6568355343750002 0.8294245061658165 0.662559803558088
0 0.9710824490970887 0.6325774086997132 0.9252742016763827 0.6236731879551715 0.9125928182042939 0.6889132542554584 0.9584010656249999 0.6978174750000001