0 0.32417259838621876 0.26302278397849566 0.28634376293485625 0.24757400461739043 0.24856542738436047 0.4557133283117389 0.28639426283572295 0.47116210767284405
0 0.40000919723204054 0.2756592023726269 0.3262275906793641 0.24850915193068873 0.2950016278545801 0.4394398775903295 0.3687832344072566 0.4665899280322677
0 0.29747297265625 0.17054250976562504 0.23626215940344183 0.15363276121887443 0.23108817049966235 0.19577319590913236 0.29229898375247054 0.21268294445588298
0 0.23084198294712285 0.13871398212858285 0.1841636640332532 0.12153735483438013 0.1736019508827746 0.18611678385201988 0.22028026979664425 0.2032934111462226
0 0.2541105731677804 0.08428654585563783 0.23604158526736485 0.07763754430958231 0.23162664583333334 0.10463262695312504 0.2496956337337489 0.11128162849918057
0 0.2727930680135368 0.03873961561971824 0.21234881094291166 0.0003628607171521636 0.19871513785469253 0.048677883622819454 0.25915939492531764 0.08705463852538553
0 0.32357807552083334 0.03044638476562507 0.2758003406462188 0.01724757572623599 0.2693944111065966 0.06942173818864825 0.3171721459812112 0.08262054722803733
0 0.3901281308688836 0.04683303522340318 0.35227072134355875 0.031089668545728866 0.3225361721648355 0.1919678538667155 0.3603935816901604 0.20771122054438979
0 0.34795984148121994 0.035265903636973864 0.32876576922323514 0.027307553094838136 0.29890186136238794 0.1893665759152142 0.31809593362037275 0.19732492645734992
0 0.26739008984375 0.012849455078125044 0.2549363961004308 0.009409066381727782 0.25419724869791666 0.015429173828125045 0.2666509424412359 0.018869562524522307
0 0.870933535914432 0.4058639703229972 0.6023265976562499 0.27024810351562506 0.5684526853211993 0.4212055704405879 0.8370596235793814 0.5568214372479601
0 0.5655888096184479 0.6448188907382066 0.4229203690880618 0.6205456450010118 0.4143255289600201 0.7342089768290507 0.5569939694904064 0.7584822225662455
0 0.44824341261967565 0.6250039577732899 0.4338746418269231 0.611614749499031 0.3927441426071441 0.7109289197989712 0.4071129133998966 0.72431812807323