0 0.3905478431402798 0.0036055869567283437 0.23769970798674292 -0.012064713205570508 0.23449746186483278 0.08665240842620214 0.3873455970183697 0.10232270858850098
0 0.8757945089903058 0.47789635538470127 0.8329519116777325 0.4714321739411388 0.8308964289034518 0.5144879123382957 0.8737390262160251 0.5209520937818584
0 0.7985882604166665 0.2874863833333334 0.7455346684425707 0.2753396600615351 0.7424706660798518 0.3176356990589676 0.7955242580539477 0.3297824223307659
0 0.4067777965220714 0.7720095591983236 0.3192195067708334 0.7381690101851853 0.3171434123320953 0.7551460482090839 0.40470170208333334 0.7889865972222223
0 0.4109511604166666 0.7502723842592594 0.3224858322306169 0.7155502260914898 0.3201573598958333 0.7342998435185186 0.4086226880818831 0.7690220016862881
0 0.41372298281250003 0.7278194462962966 0.3257221942708334 0.6940256740740743 0.32355603293231294 0.7118533872378784 0.41155682147397954 0.7456471594601007
0 0.4172795186213477 0.709134286744384 0.3280268541666667 0.6734969759259261 0.32584912767972973 0.690734486470345 0.41510179213441073 0.726371797288803
0 0.41947000597156536 0.6875725192963524 0.3302558276041668 0.6534107333333333 0.3281043815284347 0.6711681066295737 0.4173185598958334 0.7053298925925928
0 0.4178823092327064 0.6686983111065153 0.33231390440010344 0.634694076074695 0.3306390104166668 0.6480146425925926 0.41620741524926974 0.6820188776244128
0 0.419574084375 0.6462933314814816 0.33508509996601077 0.6137359256438378 0.33282466726025034 0.6322753747641968 0.41731365166923956 0.6648327806018406
0 0.4229129557291666 0.6260846064814816 0.33811167515614343 0.593091067283233 0.33585569685469635 0.6114168853445999 0.42065697742771957 0.6444104245428485
0 0.4266139689058838 0.6676595787495296 0.4199959671100854 0.6651590906954452 0.41772681487086827 0.6841401600940639 0.4243448166666666 0.6866406481481483
0 0.126027796875 0.7016563296296296 0.12429605255151197 0.6760893153543345 0.06591523385416667 0.6885869805555557 0.0676469781776547 0.714153994830851
0 0.12408800498195446 0.6703768426547244 0.12229204791666667 0.644203898148148 0.06420976003493077 0.6568001700643521 0.06600571710021857 0.6829731145709285
0 0.9317744697916666 0.819707052777778 0.9224357315782179 0.7952723752517953 0.9030618198493781 0.8186744225382921 0.9124005580628268 0.843109100064275
0 0.8850961031250002 0.7495861740740741 0.8612397609629149 0.6890990762852984 0.7916760666828014 0.7758109742041089 0.8155324088448865 0.8362980719928846
0 0.8268769270405455 0.6666117781764768 0.8066765278285717 0.6152865306748441 0.7391971229166665 0.6992238490740742 0.7593975221286404 0.7505490965757068
0 0.7706777666666665 0.5861946694444446 0.7496555821920758 0.5573294415156858 0.7387909398873825 0.5823371115703081 0.7598131243619732 0.611202339499067
0 0.8755756296875001 0.5780597638888888 0.8546934068477057 0.5469017693027196 0.8422929895833333 0.5731680435185186 0.8631752124231278 0.6043260381046879
0 0.9215041901041665 0.6975843222222224 0.9094187104517792 0.6707175816915801 0.8912386875 0.6965638759259262 0.9033241671523875 0.7234306164565685