0 0.26953100000000013 0.96875 0.21484400000000012 0.96875 0.21484400000000012 0.996094 0.26953100000000013 0.996094
0 0.5351560000000002 0.9375 0.44140600000000013 0.9375 0.44140600000000013 0.996094 0.5351560000000002 0.996094
0 0.40754203162829256 0.9941137914400149 0.361316577660564 0.8727723445783592 0.26580303758046003 0.9091585659764069 0.31202849154818857 1.0305000128380626
0 0.6744196642863203 0.9951515219162357 0.6198068012547431 0.8476983296095152 0.5259153137389021 0.8824733173009818 0.5805281767704793 1.0299265096077024
0 0.512117652831819 0.924926176673947 0.46353200617971296 0.7913148710103092 0.3719488233260529 0.8246176528318186 0.42053446997815885 0.9582289584954565
0 0.8129283569148882 0.9959333672992022 0.72046309889419 0.7493575924829425 0.6194349765441396 0.7872428689558852 0.7119002345648378 1.033818643772145
0 0.613870707314045 0.8421632399477972 0.5628118436940481 0.6975000904662065 0.47086494571023374 0.7299527512942136 0.5219238093302306 0.8746159007758042
0 0.9179689999999998 0.9726560000000001 0.8062376699337037 0.6747121426255016 0.7304675753569732 0.7031265342525322 0.8421989054232694 1.0010703916270307
0 0.7285965509418645 0.7424004646243932 0.6761023544814049 0.6024189270026374 0.571221618515709 0.6417500420356612 0.6237158149761686 0.7817315796574171
0 1.01146393505652 0.9111861548189377 0.8988258508857958 0.598297959749521 0.8130647453727138 0.629171501077003 0.925702829543438 0.9420596961464198
0 0.8090567864277118 0.6605788941982307 0.758718791691096 0.529699076947701 0.6775732661316622 0.5609086486320181 0.7279112608682781 0.6917884658825477
0 0.996094 0.5234380000000002 0.914062 0.5234380000000002 0.914062 0.8007810000000002 0.996094 0.8007810000000002