0 0.26590449249056036 0.050059617440057595 0.17493559924332291 0.008790299075925774 0.1509293325329656 0.061706693147925304 0.24189822578020306 0.10297601151205713
0 0.2341337498985518 0.10444417765173418 0.15439968823943623 -0.015865791887050257 0.12404223108029785 0.004253266992441794 0.2037762927394134 0.12456323653122622
0 0.943057474609375 0.48397450976562506 0.9404115532173659 0.48317234949030585 0.9314485429687499 0.5127367910156251 0.9340944643607589 0.5135389512909443
0 0.9633228417968749 0.4171292988281251 0.9606769176610549 0.41632713776887664 0.9461111442235549 0.46437226667512665 0.9487570683593749 0.4651744277343751
0 0.9827129404752218 0.2769284318381099 0.8213007222654573 0.22799332515565662 0.7529796819942036 0.45334995372383313 0.9143919002039682 0.5022850604062864
0 0.8599340851194922 0.23651512659948992 0.6228475307753533 0.09372488530327155 0.5198156575382225 0.2647973030796283 0.7569022118823614 0.40758754437584666
0 1.0114805474714126 0.1571648667413311 0.7156091205639097 0.10514764843214756 0.6889678537636098 0.2566818880367401 0.9848392806711128 0.30869910634592357
0 0.6491171662323452 0.14620078375048196 0.5552032325571765 0.024991748452869555 0.37573650538671577 0.1640443056405618 0.4696504390618845 0.2852533409381742
0 0.9849545916665969 0.053490124924965646 0.7537607218196206 0.012843884537454872 0.7380011621093749 0.10248350585937507 0.9691950319563513 0.14312974624688585
0 0.7915138149710379 0.019481262852741363 0.5760718127915517 -0.018395633165412137 0.555809415241846 0.096855930610381 0.7712514174213322 0.1347328266285345
0 0.587044908203125 6.62124279964124e-17 0.49387277734375 6.05072804050788e-17 0.49387277734375 0.028231310546875065 0.587044908203125 0.02823131054687507
0 0.2792968750000001 0.548828125 0.13664376562500008 0.548828125 0.1366437656250001 1 0.2792968750000001 1
0 0.22476899804687506 0.548828125 6.721206065632935e-17 0.548828125 9.483837028553234e-17 1 0.22476899804687508 1