0 0.22234826010043565 0.6838467628538224 0.21834058593749997 0.5758697265625 0.13441719814149733 0.578984625845609 0.138424872304433 0.6869616621369313
0 0.3212099383960122 0.6715590055041297 0.31666062856911725 0.5489888685953406 0.22129394116626383 0.552528495939341 0.22584325099315875 0.6750986328481301
0 0.25799441875709916 0.5636018093654283 0.2502542421875 0.35506164453125005 0.1377211388872587 0.35923842309168424 0.1454613154568579 0.5677785879258626
0 0.01716906713751422 0.5075759546103689 0.012162287109375003 0.3726803984375 0.0007182531803596112 0.3731051549094161 0.005725033208498827 0.5080007110822848
0 0.13730524046919573 0.502414444848084 0.13206323663435476 0.3611813992554613 0.019530378879154216 0.3653581673016585 0.024772382713995178 0.5065912128942811
0 0.3179694089963554 0.5327814906370448 0.3110086978847248 0.3452421018795189 0.2537882949108814 0.34736589409954677 0.26074900602251205 0.5349052828570727
0 0.31254179566701773 0.3350916056265866 0.30422873743282625 0.11111643439256103 0.2069543430772496 0.11472686898010145 0.21526740131144112 0.338702040214127
0 0.19825511125039283 0.34347843044429976 0.18984220898437498 0.11681327539062498 0.09447552144332935 0.12035290468003512 0.1028884237093472 0.3470180597337099
0 0.08585741466415077 0.3513033864277311 0.07736292743630532 0.12244001744420387 -0.008402394169626109 0.12562328103159814 0.0000920930582193457 0.3544866500151254
0 0.3031376241239076 0.08171906503382335 0.3000187544454012 -0.0023112568759754634 0.20465157706107517 0.001228391564119696 0.20777044673958153 0.08525871347391852
0 0.19200105456934838 0.0896851442840591 0.18564966008792647 0.0038552354048309936 0.08735476144130157 0.011129036402273168 0.09370615592272348 0.09695894528150129
0 0.0824774347730043 0.10585656396305303 0.078984517578125 0.011748431640625001 0.00650564766142055 0.014438557188224923 0.009998564856299859 0.10854668951065295
0 0.49898326085331635 0.8786146759030511 0.48765934493689683 0.7700969229449206 0.06759586142733051 0.8139308896199944 0.07891977734374998 0.9224486425781249
0 0.6413809218750001 0.6894531250000001 0.5388650979794497 0.671386749395363 0.49826320149507475 0.9017781107234879 0.6007790253906251 0.919844486328125
0 0.6803669179687502 0.7937363261718751 0.6681666629149684 0.7912316913509334 0.6422070418212183 0.9176828593196833 0.6544072968750001 0.920187494140625
0 0.72623092578125 0.7261593964843751 0.7119702891965933 0.7240327121759506 0.6816348048215933 0.9274495129572006 0.69589544140625 0.9295761972656251
0 0.7666707734375 0.7356030390625 0.7534225388908852 0.7334872211891545 0.7217640525627601 0.9317174457985298 0.7350122871093749 0.9338332636718751
0 0.8102001360868928 0.7424628657549619 0.7951551972666827 0.7399200062658142 0.7614005572735401 0.9396308026202276 0.7764454960937501 0.9421736621093751