0 0.4148795615819169 0.5593022406380459 0.3573888920023374 0.5422411866727539 0.35286395729173187 0.5574888687236879 0.4103546268713113 0.5745499226889799
0 0.5648232652164491 0.5178021091626359 0.4268045188833201 0.48476370865602697 0.41926054354315034 0.5162788547542768 0.5572792898762793 0.5493172552608857
0 0.5201383816066596 0.4873721624614214 0.4430863458185028 0.48584284835751723 0.4428671865009749 0.4968848387075465 0.5199192222891317 0.49841415281145063
0 0.5576923076923077 0.4887623774038462 0.5266331826923077 0.4887623774038462 0.5266331826923077 0.5083088533653846 0.5576923076923077 0.5083088533653846
0 0.5474436803505037 0.44252971065121816 0.42754384721661254 0.43414549777236755 0.4243578436973834 0.47970747190629903 0.5442576768312746 0.48809168478514964
0 0.4666998195695639 0.3910994082803313 0.43312764653697694 0.3887518124931725 0.43027703122199845 0.42951749759419583 0.4638492042545854 0.43186509338135465
0 0.5493709931246096 0.24265850735370836 0.527789233680629 0.24114936307559282 0.525274007203281 0.27711876213731745 0.5468557666472615 0.278627906415433
0 0.44063054169682125 0.23714072959732566 0.39849176173840034 0.23169244770825173 0.38473559542891766 0.3380871014704248 0.4268743753873385 0.3435353833594987
0 0.7815923846153845 0.5793269230769229 0.740879997229193 0.36259769765295435 0.6934229711538461 0.3715124567307692 0.7341353585400378 0.5882416821547378
0 0.7200626730769228 0.5793269230769229 0.6856180723676846 0.37760737815447293 0.6312906995192307 0.3868840432692307 0.6657353002284689 0.5886035881916807
0 0.6486204230769231 0.5793269230769231 0.6108468365384616 0.37413121394230775 0.569802314762826 0.3816869216213832 0.6075759013012875 0.5868826307559984
0 0.5849319735576923 0.5793269230769231 0.5576923076923077 0.430331375 0.5345201330016489 0.43456775859732727 0.5617597988670335 0.5835633066742504
0 0.9056305697115385 0.5136856754807693 0.8557576573952138 0.24380802936833873 0.8099768701923076 0.2522682379807692 0.8598497825086322 0.5221458840931997
0 0.972710096534311 0.496858466144856 0.9194820536736211 0.23600090507775653 0.8767330625 0.24472384615384615 0.9299611053606898 0.5055814072209456
0 1.0348732040020976 0.4847220752199051 0.9809479416136561 0.22431824991602808 0.935293485576923 0.2337725216346154 0.9892187479653644 0.49417634693849244
0 0.5576923076923078 0.5793269230769231 0.43420209855769243 0.5793269230769231 0.43420209855769243 0.6643123870192308 0.5576923076923078 0.6643123870192308
0 0.7096305374009882 0.7413863448073148 0.6827324319840109 0.7191858261382514 0.6544605340060996 0.7534400029655521 0.681358639423077 0.7756405216346155
0 0.7266847163461538 0.7890898798076924 0.7025361971153848 0.7668391418269233 0.6900537479168217 0.7803862279855541 0.7142022671475907 0.8026369659663234