0 0.7283653846153846 0.16969304086538467 0.718871764423077 0.16969304086538467 0.718871764423077 0.18507876201923085 0.7283653846153846 0.18507876201923085
0 0.7019932380379134 0.1512173879806281 0.5912763837557518 0.1209970531406693 0.5838950773367498 0.14803960682290176 0.6946119316189113 0.17825994166286055
0 0.5895589344903456 0.10961830697714915 0.15856036819868674 -0.018550909701957555 0.14433585842959495 0.029282286720156963 0.5753344247212537 0.15745150339926364
0 0.11545463942307693 9.45629336786366e-18 0.03897835096153846 4.7734712741090235e-18 0.03897835096153846 0.0184539014423077 0.11545463942307693 0.018453901442307706
0 0.9490667945687341 0.20732098565664137 0.9386539531857873 0.16065622888852651 0.7179525432324376 0.20990386102034672 0.7283653846153845 0.2565686177884616
0 0.9662902066692743 0.2628273969247472 0.9531687678736434 0.210111925889046 0.7152439458197535 0.2693339328104527 0.7283653846153845 0.3220494038461539
0 0.9805930398607452 0.3306171649612724 0.9721353633640794 0.28978992958523364 0.7199802008582332 0.34202581506207075 0.728437877354899 0.3828530504381096
0 0.9915602101868811 0.37388425169927214 0.9861549010651355 0.34868263875670596 0.7302342812499999 0.40357317548076926 0.7356395903717456 0.4287747884233355
0 0.857571873024725 0.08603722922867611 0.8480681136501962 0.04357880934388492 0.7188616252408557 0.07249998396136267 0.7283653846153846 0.11495840384615387
0 0.83904096875 0.017129896634615376 0.8294917296067469 -0.022462463822799022 0.7188161454721314 0.004231262138739478 0.7283653846153845 0.043823622596153876
0 0.4073208774038462 0.9666868774038462 0.3582538746065911 0.9648113006445779 0.356984804006709 0.9980114831306395 0.40605180680396413 0.9998870598899079
0 0.16865351923076932 0.9575638629807691 0.1277625875516438 0.9560008062385518 0.12649350961538472 0.9892009951923076 0.16738444129451027 0.9907640519345249
0 0.12050086778846164 0.9536453245192308 0.08932175919825133 0.951405007266098 0.08671525240384627 0.9876804759615385 0.11789436099405658 0.9899207932146713
0 0.08051386093753614 0.95211682754757 0.022714420478398167 0.949907455723356 0.02136603843709297 0.9851825174664456 0.07916547889623095 0.9873918892906596
0 0.006849747596153959 0.9493010312500001 1.1956247957501685e-16 0.9490391995192309 -0.0013483898758077863 0.9843142606562373 0.005501357720346054 0.9845760923870065
0 0.3537831370192309 0.9584061442307692 0.17630208017648413 0.9516219609081065 0.17479505287963185 0.9910473102265313 0.3522761097223786 0.997831493549194
0 0.4028270372575934 0.9083298920978303 0.27953921474671317 0.9036172347798751 0.2780321870784716 0.9430425838230275 0.40132000958935177 0.9477552411409828
0 0.008177884615384724 0.8911660576923077 1.0248212535001446e-16 0.8908534615384617 -0.001824282842827062 0.9385788555041673 0.00635360177255756 0.9388914516580134
0 0.12481914423076933 0.8935467379807691 0.09058462247693849 0.8922381290956972 0.08868101534054568 0.94203840224454 0.12291553709437654 0.943347011129612
0 0.07651760096153856 0.8917004206730769 0.02391301170125663 0.8896896203457499 0.022247341346153963 0.9332652572115385 0.0748519306064359 0.9352760575388654
0 0.2588060841346155 0.8924346322115384 0.1321197325098319 0.8875920725250226 0.13021612727751364 0.9373923470549911 0.2569024789022972 0.9422349067415069
0 0.25422055060675103 0.8372958666939355 0.15218042334247753 0.8299639635919754 0.1493362307692309 0.8695473798076924 0.25137635803350433 0.8768792829096524
0 0.14633431009615394 0.8320281225961537 0.07938421908031454 0.829468967267922 0.07748061260712438 0.8792692373931772 0.14443070362296379 0.8818283927214089
0 0.007111283653846266 0.8267063485576924 1.0675221390626505e-16 0.8264345192307693 -0.002062243712812465 0.880384547990242 0.0050490399410336945 0.8806563773171651
0 0.3260480162830769 0.8907266913475008 0.3238395353835208 0.8329506078125417 0.2733009502165989 0.8348824365763277 0.275509431116155 0.8926585201112869
0 0.3911305865384617 0.8351511514423076 0.3429451504589172 0.8316888730339157 0.3393031256249764 0.8823758872297133 0.3874885617045209 0.8858381656381051
0 0.07572804902331573 0.8233809073830755 0.024708203001484855 0.8197149654270143 0.020734235753978685 0.8750216777246133 0.07175408177580957 0.8786876196806743
0 0.32621584134615395 0.7869525817307694 0.2483877444141476 0.7839776159139469 0.24711867307692317 0.817177798076923 0.3249467700089295 0.8201527638937456
0 0.0051514591346154765 0.774679954326923 8.967185968126265e-17 0.7744830408653846 -0.001507025807198995 0.8139083894420595 0.003644433327416391 0.8141053029035981
0 0.3987366442307693 0.7689445096153846 0.3352546496551461 0.7665179208108677 0.3335889983564608 0.8100930277722078 0.39707099293208403 0.8125196165767249
0 0.16575220673076932 0.7600387235576923 0.08729781805446996 0.757039817611743 0.08523558722369663 0.8109898454064688 0.16368997589999598 0.8139887513524181
0 0.07767240384615394 0.756671889423077 0.026652340027720902 0.7530059362793327 0.022238482650000613 0.8144347860945688 0.07325854646843365 0.8181007392383131
0 0.23438960576923085 0.7564281105769228 0.1698630726052239 0.7539615959011313 0.16756288692397112 0.814136793357476 0.2320894200879781 0.8166033080332676
0 0.4083704090341792 0.7132054591353558 0.3418378373609104 0.7106622639144999 0.3403308106954573 0.7500876131014331 0.40686338236872616 0.752630808322289
0 0.31030524361459355 0.7094569360111518 0.24052607037066728 0.706789641304188 0.238067241853053 0.7711151245962165 0.30784641509697924 0.7737824193031801
0 0.18681995673076932 0.7047367355769232 0.08861633611897303 0.7009829185006371 0.0867920408653847 0.7487083125 0.18499566147718102 0.7524621295762862
0 0.08050983823554131 0.7006730482105054 0.045996984524288805 0.6993538005751352 0.04417268988716606 0.7470791951479089 0.07868554359841856 0.748398442783279
0 0.039195219313719235 0.6973971663593649 0.022188603788023113 0.6961751863893748 0.018601221338030147 0.7461017282058949 0.03560783686372627 0.747323708175885
0 0.33770603365384627 0.7063485048076923 0.32069898182699563 0.7051264936529971 0.3172332117226455 0.7533605310905103 0.3342402635494961 0.7545825422452055
0 0.22704493990384622 0.7000400625000001 0.1958658290310336 0.6977997440442393 0.19221697596153853 0.7485818076923076 0.2233960868343511 0.7508221261480685
0 0.010046343147001608 0.6669046637705172 0.0043774435610020295 0.666497331986694 0.0037750262828167677 0.6748812666427378 0.009443925868816346 0.675288598426561
0 0.3397794908516553 0.6648668993233388 0.3227314596267338 0.6642152424172617 0.3217003461538463 0.6911902572115386 0.33874837737876784 0.6918419141176156
0 0.011254159553687982 0.6481527277468531 0.005502020165006142 0.6479328516332732 0.005264062500000085 0.654158019230769 0.011016201888681926 0.6543778953443489
0 0.4124604567307693 0.6572545024038461 0.3488385658738245 0.6548225675112428 0.34756949519230773 0.6880227475961539 0.4111913860492526 0.6904546824887572
0 0.08047706250000011 0.6383307668269231 0.02945736056241915 0.6346648411550576 0.02580851166805191 0.6854468808550471 0.07682821360563287 0.6891128065269126
0 0.23420427403846167 0.6400506081730769 0.203025163477001 0.6378102867701383 0.19952520110505073 0.6865201342111582 0.23070431166651137 0.6887604556140968
0 0.19166423261475704 0.6363466153762555 0.09325184465675782 0.63258481358093 0.09111027884615391 0.6886102548076924 0.18952266680415314 0.6923720566030179
0 0.3085238629807693 0.6366571995192308 0.24136571413162533 0.6340900888186026 0.2393034615384616 0.6880406514423077 0.30646161038760555 0.690607762142936
0 1.0008806611254906 0.9720793169502812 0.9526535024038463 0.9695518389423078 0.9517728412783557 0.9863558561266419 1 0.9888833341346153
0 1.0010064611935976 0.9383855733504226 0.9544148245192308 0.9359438076923078 0.9534083632667246 0.9551482210428522 0.9999999999410913 0.957589986700967