0 0.351069181803737 0.5997399578890719 0.3417968079667257 0.5564627374867548 0.3118975686731666 0.5628688079689824 0.32116994251017783 0.6061460283712994
0 0.40514956093750004 0.523089321875 0.34400128593750007 0.523089321875 0.34400128593750007 0.6 0.40514956093750004 0.6
0 0.43105435928742963 0.501109554272349 0.402140061328753 0.43828754044993834 0.3156809734931477 0.4780809770943123 0.34459527145182434 0.540902990916723
0 0.4152130448213132 0.4260571372747176 0.38760261082178293 0.3613888077648263 0.3006421874733145 0.3985169514424337 0.32825262147284484 0.46318528095232503
0 0.4071597544388932 0.3543403451397017 0.3911681706222614 0.3541498941878093 0.3903580443083682 0.4221737224856075 0.4063496281250001 0.4223641734375
0 0.18491593329034306 0.34863281841632615 0.0009478915341880265 0.34644186202962646 -0.0020114542561549724 0.5949292592383003 0.18195658750000007 0.5971202156250001
0 0.2410488834045228 0.3356109374300468 0.1898764703916973 0.33500150243181437 0.18674499011217466 0.5979424275017677 0.23791740312500012 0.5985518625000001
0 0.3903394182648617 0.3649675772295698 0.3748375924191019 0.2926154540777367 0.2952751442564141 0.30966213027121936 0.3107769701021739 0.3820142534230524
0 0.40808203419716194 0.27689923066349176 0.3776983125909114 0.2765373772805938 0.37683236573831524 0.34924828545112896 0.4072160873445657 0.3496101388340269
0 0.4186443952558484 0.2606120629434973 0.40745170297324185 0.2320028276162475 0.28733234389903306 0.27899670941430366 0.2985250361816397 0.30760594474155345
0 0.26395206283832606 0.21842817645189688 0.2506931963341235 0.18709174123533506 -0.009827726488975962 0.29732164177735726 0.003431140015226597 0.3286580769939191
0 0.4195319220999485 0.1508779052115901 0.4078026775279481 0.12340107849960028 0.2676156113463396 0.18324381078854377 0.27934485591834 0.21072063750053363
0 0.42166078987634625 0.07619264786915277 0.4083374647163544 0.04470377297710175 -0.012146280123609032 0.22261554899956343 0.001177045036382851 0.2541044238916145
0 0.9952756995217596 0.4481431246973666 0.6861687564177067 0.4426620022745692 0.6834262577761875 0.5973247348603474 0.9925332008802406 0.6028058572831447
0 0.6238024890297097 0.44155611537313655 0.4098736357413915 0.437762698472645 0.4071311341206923 0.592425431899471 0.6210599874090105 0.5962188487999625
0 0.998258129332027 0.2747323927209436 0.8344767793267065 0.27182820083347775 0.8316927296821797 0.42883415186253426 0.9954740796875001 0.43173834375000003
0 0.7721086299452826 0.27072228002964743 0.4099434187500002 0.2643003187500001 0.4071593684718685 0.42130627270261894 0.769324579667151 0.4277282339822663
0 0.9997824328124997 0.1809951390625001 0.958259751635017 0.18028168173532022 0.957414189135017 0.22949278486032026 0.9989368703124997 0.23020624218750013
0 0.920414084375 0.09988783125000009 0.4129230297799523 0.09088893072367274 0.41013897876268873 0.2478948874696112 0.9176300333577363 0.25689378799593854
0 1.0000904530276675 0.0051924273629431915 0.41457674352732987 -0.0051899817190887735 0.4131639482215205 0.0744843032886787 0.9986776577218583 0.08486671237071067