0 0.02663819983773503 0.47933784807538626 0.0005325551913337376 0.4759446578835139 -0.002130083100250632 0.49642977222473134 0.02397556154615066 0.4998229624166037
0 0.1661038142519939 0.39940388971963275 0.14769538212279593 0.2513901730185562 0.03701258225582118 0.26515576755014725 0.05542101438501914 0.4131694842512238
0 0.26904119013141686 0.3952239993190011 0.25072108838251445 0.2380784613592361 0.15418695444938135 0.24933245672466592 0.17250705619828371 0.4064779946844309
0 0.25038253368835217 0.23108922164508297 0.24390180912316806 0.1754990792062296 0.14642587972028934 0.18686286822494355 0.15290660428547342 0.24245301066379693
0 0.14635015434299156 0.24352717550689088 0.13694917006449003 0.16288782541784586 0.028642196680081958 0.17551431797904057 0.0380431809585835 0.2561536680680856
0 0.24228628132873556 0.16460325554799904 0.24014420274760284 0.14820948187020955 0.1433585020962225 0.16085590363984323 0.14550058067735522 0.17724967731763272
0 0.2990974993147814 0.13310089847143763 0.281454843837867 -0.018213929890481543 0.12417536787454482 0.0001241777361789577 0.14181802335145924 0.15143900609809813
0 0.13547491964760244 0.15434266523472875 0.11629018879011185 -0.010198752797275687 0.007042214648113147 0.002539030830143094 0.026226945505603727 0.16708044886214754
0 0.7186780447478384 0.17044369725882624 0.49999999999999994 0.15630957226562509 0.49729600798653645 0.19814475391304895 0.715974052734375 0.2122788789062501
0 0.7174469879548351 0.2632830675858501 0.49999999999999994 0.24947466601562504 0.49542808871993144 0.32147056879928354 0.7128750766747665 0.3352789703695086
0 0.5140171787513672 0.7930856427538251 0.4035188756518762 0.7795181580433517 0.3764471113281251 1 0.4869454144276161 1.0135674847104734
0 0.76033928125 0.7496208886718752 0.7480980428822438 0.7064547874537564 0.7067780350697438 0.7181725022975064 0.7190192734375 0.7613386035156251
0 0.8263175755740398 0.7329642894720081 0.8144621777343749 0.6849004101562499 0.77017629161346 0.6958239312311169 0.782031689453125 0.743887810546875