0 0.4153238926986674 0.4006363341246293 0.39765225761200695 0.25036774623828506 0.26845778511028656 0.27224611584129715 0.28612942019694704 0.4225147037276414
0 0.4553085943021336 0.3889201183763097 0.4406528163141728 0.18618812218325118 0.39190117146614817 0.19126314905357628 0.406556949454109 0.39399514524663476
0 0.05372319036455051 0.3781177683839384 0.00649416382339026 0.15154973746498218 -0.04152504545225125 0.1659638484065805 0.005703981088909006 0.39253187932553674
0 0.7916101298628263 0.32233227627031874 0.7523037717316146 0.10677357026694068 0.7272505815856065 0.1133520079591663 0.7665569397168183 0.32891071396254434
0 0.8146615513277006 0.3769346764473961 0.7641667752200137 0.15692408393530002 0.7388000260416666 0.16530767656249998 0.7892948021493537 0.38531826907459604
0 0.7977354182763149 0.43397829991394304 0.7658841731770835 0.21765397343749995 0.7384563312914557 0.22346931439932013 0.7703075763906871 0.43979364087576317
0 0.8277276290224912 0.4853058482615797 0.7850939186087235 0.2698027567826278 0.7560883055938618 0.27806587881913514 0.7987220160076295 0.493568970298087
0 0.8060821861979166 0.547929559375 0.7883441837476358 0.327224878891151 0.7588598698442043 0.3306371748008209 0.776597872294485 0.5513418552846698
0 0.8932209316944525 0.4801171085710664 0.8883758955961761 0.4511681277983163 0.7071340237776154 0.4948483430866434 0.7119790598758918 0.5237973238593934
0 0.9031006107760633 0.5513075897633002 0.899912830833129 0.5213235228495139 0.7141354791666666 0.5497650593750001 0.7173232591096009 0.5797491262887864
0 0.9103053033854165 0.6059074437499999 0.9070871508947708 0.5747534232718309 0.7233580624999999 0.6020830015625 0.7265762149906455 0.6332370220406693
0 0.8431219231770832 0.6687500000000002 0.8185766222816011 0.5414423993269982 0.7941133551530775 0.5482342945407161 0.8186586560485596 0.6755418952137182
0 0.26241874479166677 0.9213299093749999 0.11614255598958345 0.9213299093749999 0.11614255598958345 1 0.26241874479166677 1
0 1.0055048374150426 0.9485263883967251 0.9974475091136928 0.8608157645035248 0.8332846746604581 0.8825315825246095 0.8413420029618077 0.9702422064178098