0 0.43805256925830893 0.1992982788999096 0.39116218180025397 0.11848356699254288 0.37079691727940456 0.15040682939066802 0.4176873047374595 0.23122154129803474
0 0.38974001464843744 0.13952705778491178 0.38957846718306033 0.13769060365512 0.376563196259066 0.14078372598324135 0.3767247437244431 0.14262018011303315
0 0.4013751728711376 0.12134062515571577 0.37382945291114056 -0.023552881701022124 0.2898009096726765 0.019604576503273678 0.31734662963267357 0.16449808336001157
0 0.7399202631835936 0.17241057223113967 0.7373967888866835 0.12341289928512553 0.6536392977719587 0.1350667891894097 0.6561627720688689 0.18406446213542385
0 0.7282388320312501 0.11910872311396468 0.7245776172738676 0.061614638142935226 0.6422374918624124 0.07578031667122181 0.6458987066197949 0.1332744016422513
0 0.6314282944335938 0.21357497191011246 0.5889259225026067 0.05173344106379278 0.5645169997756008 0.06905135679932384 0.6070193717065879 0.2308928876456435
0 0.5860663406085567 0.20843274234412582 0.5440995070586951 0.05861432320316122 0.5128725604291196 0.08224598883922747 0.5548393939789811 0.2320644079801921
0 0.22583636279296876 0.7709589012841092 0.16228838847251792 0.5982146902515504 0.11776155224609378 0.6424678073836276 0.18130952656654462 0.8152120184161864
0 0.278636662109375 0.6476433579454255 0.22197847644918597 0.4829721821571384 0.1999056940365302 0.5034897547579237 0.2565638796967192 0.6681609305462108
0 0.7964795888671875 1.0000000000000004 0.7557539951171874 0.9201702728731944 0.7022985922869356 0.9938449441153354 0.7430241860369357 1.0736746712421414
0 0.8864333198291817 0.851802110512275 0.8612096333007813 0.8086725088282505 0.8068680571239433 0.8945321687814651 0.8320917436523437 0.9376617704654895
0 1.021341955437066 0.6816468967194175 0.9688102036132811 0.5913753603531303 0.874523354586078 0.7396087337669528 0.9270551064098629 0.82988027013324