0 0.1340014283854167 0.21741036979166672 0.10348474043696354 0.21411914849308547 0.1029048463541667 0.21949601171875002 0.13342153430261985 0.22278723301733128
0 0.3932055354038618 0.1949759914320154 0.2037944252541299 0.170104535850794 0.1968874408726925 0.22270538083160374 0.3862985510224244 0.24757683641282516
0 0.18779155338541673 0.16881851953125002 0.1580736832295167 0.16337596425357018 0.14855447656250004 0.21535348828125 0.1782723467184 0.22079604355892987
0 0.44223641480566483 0.12087865267034592 0.31862015053324777 0.10460218852020016 0.30890791852935745 0.17836451349402963 0.4325241828017745 0.1946409776441754
0 0.3176391276041667 0.10485932031250005 0.16438389707466905 0.08417542273953771 0.15446597066114895 0.1576612874570998 0.30772120119064655 0.17834518503006214
0 0.16302620148542477 0.08473053399368896 0.07158606950788311 0.06798409039919505 0.047059498798976584 0.20190583025542977 0.13849963077651822 0.2186522738499237
0 0.5025281164062763 0.04977606390923902 0.3348780031520691 0.02813575793657128 0.32540386400183097 0.10153307974568364 0.49305397725603806 0.12317338571835139
0 0.33403749968357443 0.028059893119910594 0.18070051240990628 0.0075038770443580025 0.1709128701230375 0.08051450202464004 0.32424985739670564 0.10107051810019263
0 0.17933026057354287 0.008605953153911383 0.09017621451682219 -0.007721817884092351 0.07631678641410684 0.06795440813067204 0.16547083247082756 0.08428217916867577
0 0.5102929934895832 0.020477682291666726 0.3465215691644144 0.0028149638630919163 0.3438154568636363 0.027906450639290165 0.5075868811888051 0.04556916906786498
0 0.33884184765625 0.0019867070312500346 0.19155301428397906 -0.01389836168397923 0.18923349004777237 0.007608628613270885 0.33652232342004335 0.02349369732850015
0 0.8159641942569978 0.2653370774947729 0.5995855115095372 0.22527446945539178 0.5824278401932912 0.31794328209918715 0.7988065229407518 0.3580058901385683
0 0.4896204119999068 0.6487088177813678 0.4458326933812668 0.4335323723955553 -0.0437705363014246 0.5331650641508426 0.000017182317215406567 0.7483415095366551
0 0.8319358468080537 0.9256710829651666 0.6140834114583335 0.8844174322916668 0.5992760233798671 0.9626123435637132 0.8171284587295874 1.003865994237213
0 0.9371672689970391 0.7099025343343931 0.6495645745250338 0.6447203051833775 0.5995634078559424 0.8653397968466274 0.8871661023279479 0.930522025997643
0 0.634965354515303 0.6387166783704287 0.606796438796284 0.6357785266080264 0.5832636514639131 0.8613942049680695 0.6114325671829322 0.8643323567304718
0 1.0027276719439744 0.49546835121681826 0.6759774125423611 0.43359326079516425 0.6374003801044159 0.6373110294504444 0.9641506395060292 0.6991861198720982
0 0.6568083567708335 0.4596354166666667 0.6255095804135339 0.4563707980749941 0.6082955734804697 0.6214061117209124 0.6395943498377692 0.624670730312585