0 0.21852752734375003 0.59815119921875 0.11072467650460945 0.590471122719463 0.10828888541666672 0.66739962109375 0.21609173625580727 0.6750796975930369
0 0.3333914895833334 0.561137048828125 0.22527828886231682 0.553434865368488 0.22141463671875006 0.6754589062500002 0.32952783743976666 0.6831610897096372
0 0.45203566269162504 0.527050709394355 0.3417260336056836 0.5191920399020975 0.33664425390625013 0.6796875000000002 0.4469538829921915 0.6875461694922578
0 0.4911650664062501 0.52717985546875 0.4580273195211931 0.5243053573202893 0.4520800604035817 0.6785678419424404 0.4852178072886386 0.6814423400909011
0 0.4865652317708335 0.98435626953125 0.46357253515625013 0.98435626953125 0.46357253515625013 1 0.4865652317708335 1
0 0.39696071281015827 0.9545728201692134 7.864079757761526e-17 0.9429617011718749 -0.0006344945996350262 0.9917689017833698 0.39632621821052316 1.0033800207807082
0 0.4961924587863346 0.8656506414866131 0.0002082013328281243 0.8489985935460559 -0.0010437943021595296 0.9329031551372122 0.49494046315134693 0.9495552030777694
0 0.5007020217297299 0.7730844851769828 0.0011838268781332987 0.7563137919513413 -0.00006817334454212408 0.8402186721034609 0.49945002150705436 0.8569893653291024
0 0.5011398781916873 0.6878994125396344 0.049290540917346526 0.6727291453377131 0.04813197258567991 0.7503725535411415 0.4999813098600206 0.7655428207430628
0 0.6511912721354168 0.9544793750000001 0.5000000000000001 0.954479375 0.5000000000000001 1 0.6511912721354168 1
0 0.7652557200520834 0.8824814902343749 0.691138684247487 0.8766550251534114 0.6869234254699261 0.9973028936554439 0.7610404612745225 1.0031293587364074