0 0.3850090545551245 0.6441033907875269 0.3834002703125001 0.6439485531250001 0.37947866575737577 0.6846945545249732 0.38108745000000016 0.6848493921875001
0 0.39386090000000007 0.5521315281250001 0.39225211544662286 0.5519766903727017 0.38586535294662283 0.6183359903727018 0.38747413750000004 0.6184908281250001
0 0.40388863538607495 0.31297084163081806 0.30574622968750004 0.3035251109375 0.27149122424685285 0.6594392006268339 0.36963362994542776 0.6688849313201519
0 0.3079092678744051 0.23043989912878599 0.15345613518117504 0.21557453548604424 0.1232434244424326 0.5294886739424991 0.2776965571356626 0.5443540375852407
0 0.449526381988581 0.38547488865453294 0.35813402463279315 0.10256290992559905 0.23643171283932068 0.1418778276622973 0.3278240701951086 0.4247898063912312
0 0.23321308255917872 0.14121147609036472 0.12340426894195052 0.08817540391325543 0.022601872580846716 0.29688225379502053 0.13241068619807494 0.34991832597212985
0 0.409375 0.05402694218750005 0.38817365625 0.05402694218750005 0.38817365625 0.18528232968750005 0.409375 0.18528232968750005
0 0.4220069277924135 0.06441828082221127 0.28379638538515534 0.0197704969796193 0.24724806326660403 0.13290855198116214 0.3854586056738622 0.17755633582375413
0 0.2860218060867311 0.02234176762755725 0.1862483671206853 -0.02441951809526145 0.12094682921616307 0.1149128143201921 0.2207202681822089 0.1616741000430108
0 0.164461190625 1.6660709770888447e-17 0.1072079296875 1.315495863349557e-17 0.1072079296875 0.04441729375000002 0.164461190625 0.04441729375000002
0 0.8102802984323189 0.22911930782994866 0.6938073609375 0.2152306484375001 0.6511369093801813 0.5730731656075515 0.7676098468750002 0.5869618250000002
0 0.8209967645984948 0.44335024014079816 0.7963872421875 0.4399330234375001 0.7890859916515051 0.49251391142170203 0.8136955140625 0.49593112812500006
0 0.828724929500232 0.3820994751651331 0.8026097070590044 0.37880360055086126 0.7948596494337722 0.44021202851072816 0.820974871875 0.4435079031250001
0 0.8568848600877432 0.2557068012526931 0.8158801234375002 0.2502855031250002 0.799780121162257 0.37206009249730726 0.8407848578125001 0.3774813906250002
0 0.7554561786315982 0.715428166325845 0.6482848406250001 0.6963421453125 0.6399623532012259 0.7430743642556383 0.7471336912078239 0.7621603852689833
0 0.40937500000000016 0.75 0.2345819406250001 0.75 0.2345819406250001 1 0.40937500000000016 1
0 0.8786553908033093 0.9942783047133302 0.8303941664318273 0.7333753990416623 0.6471188566460043 0.7672772477947671 0.6953800810174864 1.0281801534664352