0 0.09201919818705015 0.4676150981238982 0.08950812228044794 0.45469673876044997 0.06827126768998987 0.4588247671264204 0.07078234359659206 0.47174312648986866
0 0.028570319711538467 0.46875 0.02540473153307064 0.45246446086098807 0.006527285911053449 0.4561338646302238 0.009692874089521276 0.4724194037692358
0 0.08583872032068207 0.435819294731437 0.08262796138028264 0.4193013765900864 0.06139110693345652 0.42342940408711177 0.06460186587385595 0.43994732222846233
0 0.018916915865384618 0.43168555048076923 0.01616492047755441 0.41752776749915366 -0.000352875700313897 0.42073850317419825 0.0023991196875163137 0.4348962861558138
0 0.07895855964701931 0.4004239327781756 0.07528915384615385 0.3815464855769231 0.03517485452936826 0.38934391925751627 0.03884426033023371 0.4082213664587688
0 0.072078514397891 0.3650291759866977 0.06840911100147712 0.34615172904296554 0.028294809897595124 0.35394915806788074 0.031964213294008996 0.3728266050116129
0 0.8986351741481179 0.06124285302025158 0.8940690168269231 0.035788560096153846 0.8006375317821252 0.05254891013767919 0.80520368910332 0.07800320306177692
0 0.8939313419352887 0.0259992775323696 0.8893351514423078 0.0019988990384615358 0.7645745893569305 0.02589116013348214 0.7691707798499114 0.0498915386273902
0 0.846287 9.817538988868459e-17 0.7570387908653846 9.271051320636759e-17 0.7570387908653846 0.018763620192307786 0.846287 0.018763620192307793
0 0.2180238533653846 0.6616836322115385 0.2179511719732844 0.6073118623810243 0.06644975660035353 0.6075143816995746 0.0665224379924537 0.6618861515300889
0 0.22761138478950876 0.5898558343572529 0.05198013221153855 0.5868617716346154 0.05172361021092526 0.6019093122024468 0.2273548627888955 0.6049033749250843
0 1.0059226203987264 0.6128948938089095 0.973000046410609 0.44352293688740513 0.8408579256896348 0.46920876366449804 0.8737804996777521 0.6385807205860023
0 0.8499465887767808 0.6171709163252005 0.821054798413607 0.44639859462168247 0.6867465553630777 0.46912127920870206 0.7156383457262515 0.6398936009122201
0 0.712996531824415 0.6428972066191143 0.6772197852789785 0.45884180790476325 0.5427181346153845 0.48498628124999993 0.5784948811608212 0.6690416799643509
0 0.5622057377468098 0.6736471209077314 0.5316280529594395 0.48723508954519734 0.42867841021758146 0.5041222062281906 0.45925609500495185 0.6905342375907246