0 0.01506418945312501 0.0183879140625 3.3978971156829236e-18 0.0183879140625 1.1539131972553155e-17 0.10702555078124999 0.015064189453125019 0.10702555078124999
0 0.9307038299107824 0.46046174560978487 0.929269118778696 0.42546050665084073 0.8891436692109249 0.42619150844629633 0.8905783803430113 0.46119274740524047
0 0.6309969868814127 0.4960009062931961 0.6289704221332628 0.4465609294610922 0.5598658285053372 0.4478198740764064 0.561892393253487 0.49725985090851027
0 0.8660429415195152 0.4612890321378642 0.864590474609375 0.4258547187500001 0.8378409334804846 0.4263420407788026 0.8392934003906249 0.4617763541666668
0 0.6961078806812896 0.4517318611284669 0.6945832574616587 0.4145371637664981 0.6856659823467045 0.41469961804281347 0.6871906055663354 0.4518943154047823
0 0.7271594310479301 0.44734224672542067 0.7256126036959366 0.4096059684049737 0.7077791960855067 0.40993085709621974 0.7093260234375002 0.44766713541666675
0 0.6694461148439358 0.4543883634204792 0.6675361775319643 0.4077933369541286 0.6430156632309142 0.4082400479133015 0.6449256005428857 0.4548350743796521
0 0.6330205676152636 0.42140545329705087 0.630040709638255 0.40164015277290904 0.5560065756167414 0.40660083749669157 0.55898643359375 0.4263661380208334
0 0.9791422141711871 0.3904186355424437 0.9777164213027806 0.35563505823696845 0.9509657391043626 0.356122401017775 0.952391531972769 0.39090597832325025
0 0.9390878924931472 0.3928849675384041 0.937666548828125 0.35820983854166677 0.913145471769329 0.358656561257412 0.9145668154343513 0.3933316902541493
0 0.8900364231604364 0.3935371685458997 0.8887272121350995 0.3615978120961823 0.8731228378027881 0.36188209276903266 0.874432048828125 0.39382144921875
0 0.8634779042558357 0.398712513362473 0.8619132693586242 0.36054169892032295 0.8351637303371636 0.3610290201932666 0.8367283652343751 0.39919983463541664
0 0.6309425163368217 0.38731882723682326 0.6279625488281251 0.36755280729166667 0.5546073781944283 0.3724679995860935 0.5575873457031251 0.3922340195312501
0 0.7222532219520996 0.3820705653420435 0.7205853378906251 0.34138088802083333 0.7027519322914424 0.34170577580476147 0.704419816352917 0.3823954531259716
0 0.885125166422377 0.32815632162236946 0.8839325488281251 0.2990611861979167 0.8705577774481174 0.29930484644381455 0.8717503950423693 0.32839998186826735
0 0.8611460408840973 0.34182443652261485 0.8594603750000002 0.300700953125 0.8327108340255999 0.3011882744521122 0.834396499909697 0.34231175784972706
0 0.9363163326689778 0.3252700357231399 0.9349893430279852 0.2928968187137527 0.9104682662183823 0.2933435421051962 0.9117952558593749 0.32571675911458337
0 0.9741410459500492 0.3228443259053286 0.9726885800781249 0.28740998567708337 0.9459384699424723 0.2878973173545463 0.9473909358143967 0.32333165758279153
0 0.5539751190208143 0.5218043995453877 0.5449574433593751 0.301809375 0.5159782995879174 0.30233731526191626 0.5249959752493566 0.522332339807304
0 0.7253939450998095 0.32109298722119023 0.7202854759821306 0.2872086881493145 0.6354977033082685 0.29288992603661157 0.6406061724259474 0.3267742251084873
0 0.6216371051904102 0.2767057286874623 0.6190828162895587 0.2597632179759916 0.5527105040678986 0.26421052053852934 0.5552647929687499 0.28115303125
0 0.9916348318694511 0.2663051555767823 0.9856967695312499 0.2237892486979167 0.9408934693785433 0.22657037551002088 0.9468315317167446 0.2690862823888865
0 0.762926754325804 0.2732103200439721 0.7585410149042908 0.23911698348728874 0.7293353102544693 0.24078676054511264 0.7337210496759825 0.274880097101796
0 0.9274133840752904 0.27134801774219813 0.9256145838552948 0.22746443356028245 0.8676562945311495 0.22852031190072322 0.869455094751145 0.27240389608263893
0 0.6731936965957513 0.27368618372210113 0.6715435957031249 0.23343033463541663 0.6626268908478827 0.2335927785256254 0.6642769917405091 0.2738486276123099
0 0.6464969351670233 0.2754750092502484 0.6448512806268519 0.2353276390254174 0.6337055423580241 0.23553069131538407 0.6353511968981955 0.2756780615402151
0 0.7200294723843637 0.27339996880783246 0.7181506449795718 0.22756412728590603 0.7092339399317148 0.227726571242892 0.7111127673365066 0.27356241276481846
0 0.6955572985710929 0.275039735574449 0.6936740234375001 0.22909544270833335 0.6847573205695319 0.22925788682138434 0.6866405957031247 0.2752021796875
0 0.6200454001352469 0.24543782512936393 0.6179169003906251 0.2313195455729167 0.5521628522589833 0.2357254168280265 0.5542913520036051 0.24984369638447368
0 0.8023576808982334 0.26820980901873653 0.800111283203125 0.2134067434895833 0.7845069098225699 0.2136910230321172 0.7867533075176784 0.26849408856127044
0 0.91685633286923 0.20273216305207 0.9121735429687499 0.1716713736979167 0.86236318935315 0.17500893530891629 0.8670459792536301 0.2060697246630696
0 0.8537913535875511 0.2168197555854241 0.8517559296875 0.16716358072916662 0.8250058212357518 0.16765091240077767 0.8270412451358029 0.21730708725703515
0 0.995882590377627 0.2031417749191593 0.9886455094449849 0.15513847716604803 0.9416166551206675 0.15828966460381308 0.9488537360533097 0.20629296235692432
0 0.71477347814786 0.1995948918858992 0.713356546875 0.16502748958333333 0.7044398441177652 0.16518993363493412 0.7058567753906251 0.19975733593750003
0 0.6704488095083758 0.20672198796558364 0.668861943359375 0.16800886718750005 0.6309660964608931 0.16869925197375765 0.6325529626098939 0.20741237275184124
0 0.6926424780146853 0.20392982152481667 0.690992375 0.1636739739583333 0.6798466368242838 0.16387702648667046 0.6814967398389691 0.20413287405315383
0 0.5817061132896759 0.21869856597875978 0.579760600174657 0.17123585128600205 0.5374061157912311 0.17200746239057566 0.53935162890625 0.21947017708333338
0 0.7591781391076714 0.19441932504607393 0.7575013925781251 0.15351344661458333 0.7352093472204538 0.15391956167267606 0.7368860937500001 0.19482544010416666
0 0.8529110685313817 0.14997251881801166 0.850356783203125 0.13303000651041666 0.8218053103748685 0.13494310618198835 0.8243595957031251 0.15188561848958335
0 0.9843603414150802 0.13676571182553837 0.9832576308593749 0.10986403776041666 0.9409031457427144 0.11063565001037956 0.9420058562984197 0.13753732407550126
0 0.9289798463520419 0.14628931871820886 0.9271543713318601 0.10175497411175809 0.869195510434924 0.10281086283664642 0.8710209854551059 0.1473452074430972
0 0.8499393416031095 0.12284613684114874 0.8491908671875 0.10458633203125 0.8246703615218905 0.1050330441484346 0.8254188359375 0.12329284895833333
0 0.714391990654158 0.1358681433224135 0.7105676445312501 0.042569467447916655 0.6637550932073184 0.04342229555307259 0.6675794393302263 0.13672097142756945
0 0.9933001865321409 0.06332767933420617 0.9836544721872147 0.01939209591746392 0.8537004124317363 0.03207227338419832 0.8633461267766624 0.07600785680094056
0 0.7941324889821858 0.1219682688512055 0.79054133203125 0.034358546875 0.7414991790296489 0.03525199449026396 0.7450903359805847 0.12286171646646947