0 0.5905047453125001 0.261385578125 0.29074182812500005 0.261385578125 0.2907418281250001 0.37890625 0.5905047453125001 0.37890625
0 0.03072138125000004 0.23847742708333333 3.3306690738754695e-17 0.23627854036458332 -0.0032871396558840195 0.2681714061603176 0.027434241594115987 0.2703702928790676
0 0.3382097566275319 0.2528623557009459 0.06116288513884917 0.1806107105053287 -0.004138381474851682 0.35449671271054245 0.27290849001383105 0.42674835790615967
0 0.6369595838854514 0.14234552903746078 0.42763036431373597 0.0795937560509932 0.35575033939805134 0.24610730621218546 0.5650795589697668 0.308859079198653
0 0.4219696546026487 0.08468273442678396 0.14650265207785426 0.011997012056873752 0.08267478113059437 0.17998117457824425 0.3581417836553888 0.2526668969481545
0 0.14350833451154046 0.006632908346762299 0.03927848053933466 -0.008613063461380688 0.0020310069699337463 0.16822320642844188 0.10626086094213953 0.18346917823658485
0 0.5530409604430473 0.017679931192755505 0.37932369012248474 -0.0077301406184019554 0.3650495409518342 0.060037886577618244 0.5387668112723968 0.08544795838877571
0 0.3696474875 0.0017728906250000416 0.20341960517254312 -0.022541686739119184 0.19506487079754312 0.01712329893796415 0.361292753125 0.04143787630208337
0 0.533912408742321 0.6153385933990537 0.13708017436426262 0.4686053714677137 0.05333680037260753 0.6258828184886525 0.450169034750666 0.7726160404199925
0 0.84224030901397 0.5981114356165359 0.8155403461643133 0.5055233024752259 0.6233000371503433 0.5440212249316069 0.65 0.6366093580729167
0 0.8280708546875 0.9125130338541666 0.6500000000000001 0.9125130338541666 0.6500000000000001 1 0.8280708546875 1