0 0.37143004665448204 0.5435962695313435 0.34766360305768407 0.4296642729478624 0.24378614646570496 0.4513333192834381 0.2675525900625029 0.5652653158669192
0 0.36667629640584426 0.46918884747838946 0.30223396297574046 0.3786860728898816 0.06821340453748699 0.5453199791424309 0.13265573796759078 0.6358227537309388
0 0.8763420462574745 0.42080532098557405 0.8702686681553513 0.3978140227957943 0.7857796245020433 0.4201326367060538 0.7918530026041667 0.4431239348958335
0 0.7909461847955869 0.4523072980745684 0.7826643190104164 0.4209555781249999 0.700686701923163 0.4426107735400148 0.7089685677083333 0.47396249348958325
0 0.7024817539294493 0.46673223530909486 0.6964083763201879 0.44374093880855514 0.6566756966094885 0.45423671782237696 0.66274907421875 0.47722801432291667
0 0.8364250139370722 0.3462062235494665 0.8244161282035544 0.30824655925599365 0.8023739074722863 0.3152198166596502 0.814382793205804 0.3531794809531232
0 0.7844287244553955 0.4198815861577658 0.7647355976562499 0.3161300234375 0.682689325023771 0.331703260196401 0.7023824518229166 0.43545482291666676
0 0.8460028595291544 0.3975160731226152 0.8195010015249573 0.29719100471830534 0.761159734027255 0.3126024269241492 0.7876615920314519 0.412927495328459
0 0.697831299138903 0.4404011651833207 0.6711140846289211 0.2841910919287633 0.6186730007342932 0.2931602938397409 0.6453902152442751 0.44937036709429834
0 0.7794303778420889 0.30089921185400464 0.7619707158382528 0.23832470060582703 0.7405357382412268 0.24430552980351047 0.757995400245063 0.3068800410516881
0 0.7952065546663244 0.2432377199585927 0.7907895778378807 0.22651687521516914 0.7617575010361398 0.23418598598574314 0.7661744778645834 0.2509068307291667
0 0.3606241361553015 0.6571509314006083 0.3552080696685294 0.618191284401079 0.29640105557592955 0.6263664790638517 0.30181712206270156 0.665326126063381
0 0.15347500537103487 0.6909073972263022 0.14773278757267091 0.6506685960151818 0.04053104049497064 0.6659666606084967 0.0462732582933346 0.7062054618196173
0 0.3653843591358595 0.7977828507796563 0.35671268717434784 0.7524570050151907 0.09910949217795066 0.8017412569815902 0.10778116413946226 0.8470671027460557
0 0.9639568537353173 0.8315054127235105 0.9444823989731912 0.7023280542511162 0.6525654264369135 0.7463367252998392 0.6720398811990395 0.8755140837722335