0 0.31081066573809046 0.2693013902725406 0.24185321994223424 0.2685996275825694 0.24146064061728859 0.3071757273202527 0.31041808641314483 0.3078774900102239
0 0.3977792809637053 0.2653639319261025 0.31632332650114375 0.2645349805632259 0.3158816776718333 0.30793309598934276 0.3973376321343948 0.3087620473522194
0 0.5241223125 0.25941577539062505 0.4931317421904066 0.2584879570306666 0.49163163831419965 0.3085937499892918 0.5226222086237929 0.3095215683492502
0 0.4889914431079202 0.2578527060692325 0.403237889000926 0.25698001358316125 0.4027126289062501 0.30859375 0.4884661830132443 0.30946644248607125
0 0.35566742609340996 0.15322034427658685 0.2441021233935499 0.14988021793945122 0.2414820791802518 0.23739368187455817 0.35304738188011187 0.2407338082116938
0 0.3768370544607916 0.0011211205243012515 0.2659864437127597 -0.004435427681291338 0.25881189166603574 0.13869362416827793 0.3696625024140676 0.14425017237387053
0 1.005156855103911 0.07574056182815578 0.8511202200376757 0.06807860588754913 0.8458238480085923 0.17455733426226883 0.9998604830748276 0.18221929020287547
0 0.41901110782764556 0.5809798879373597 0.2702400237821227 0.5792346866493102 0.26913294525135223 0.6736084842588256 0.4179040292968751 0.675353685546875
0 0.5292968750000001 0.832052642578125 0.31098891015625013 0.832052642578125 0.31098891015625013 1 0.5292968750000002 1
0 0.8769251768839558 0.8767496670694456 0.7183077200376758 0.8688598558875493 0.7130113480085926 0.9753385842622689 0.8716288048548725 0.9832283954441652
0 0.9677680616723779 0.5199814913313066 0.8552359729401686 0.511860195205592 0.8292120785913045 0.8724582010770244 0.9417441673235138 0.8805794972027389