0 0.3495728969614578 0.2977155776456304 0.3240550978469087 0.2655125904564146 0.2056418232816812 0.35934382838155104 0.2311596223962303 0.39154681557076676
0 0.5639774596730285 0.19445776596145245 0.4842240673078849 0.1095130631351652 0.32915636837921014 0.2551039549075404 0.4089097607443537 0.34004865773382764
0 0.14895011914062506 0.9168482167968751 0.1178135587816514 0.9090336041885732 0.10805417018345959 0.9479189344519642 0.13919073054243325 0.9557335470602661
0 0.49684514006824543 0.6797739405515213 0.4363128289234455 0.6663380001146808 0.42651036033108664 0.7105006012819818 0.4870426714758866 0.7239365417188222
0 0.4128422066629427 0.6622608590079659 0.37185763161001284 0.6515131447050256 0.3383392631206903 0.7793297250756617 0.37932383817362014 0.790077439378602
0 0.3651992493180565 0.651852501169701 0.3262641444933095 0.6416399277329772 0.29278952779277295 0.7692608176368765 0.33172463261751994 0.7794733910736003
0 0.3072588073983484 0.6389512415720524 0.26729915938682747 0.6284697779790394 0.23377286888596843 0.7562857795953947 0.27373251689748934 0.7667672431884077
0 0.25821776790452533 0.6296941281210758 0.21928292471701924 0.6194816230491753 0.18618100921962963 0.7456815984737264 0.22511585240713575 0.7558941035456269
0 0.98060252734375 0.946845333984375 0.9772480650263391 0.9367200575823036 0.9463535726690759 0.9469552754976166 0.9497080349864868 0.957080551899688
0 0.8230050195312502 0.983466322265625 0.7920593769531252 0.983466322265625 0.7920593769531252 1 0.8230050195312502 1
0 0.7156016061437797 0.9997448770937619 0.7020081059300229 0.9730920002073308 0.6964912149168292 0.9759057249503172 0.7100847151305859 1.0025586018367483
0 0.7650101816406248 1 0.7438091276819809 0.9524198333685784 0.7058786502361711 0.9693211213618549 0.727079704194815 1.0169012879932766
0 0.8150165331131438 0.9811374058856412 0.7877788768288616 0.9249060798625595 0.7466927841756261 0.9448076000453423 0.7739304404599083 1.001038926068424