0 0.5105856181640623 0.48177748563968675 0.3918177351513962 0.4673916401787974 0.38833396756173383 0.558767746162828 0.5071018505744 0.5731535916237174
0 0.14416196826171876 0.4406392750217581 0.025391794936048 0.42947534491402206 0.021967582854143075 0.5452119619548783 0.14073775617981385 0.5563758920626144
0 0.024589268066406288 0.42939991035683195 3.122502256758253e-17 0.42708861618798954 -0.0034242113248906577 0.5428252333828409 0.021165056741515597 0.5451365275516833
0 0.5196039663085937 0.3710301966927764 0.40094819570376483 0.3598770209165936 0.39791909374126294 0.46225912649200396 0.5165748643460918 0.47341230226818676
0 0.37625948709879786 0.34416530279617785 0.2696300144690505 0.33414255058517367 0.2662716651856818 0.4476530351514275 0.37290113781542916 0.4576757873624316
0 0.26917088525390626 0.33409939425587465 0.16242690388037123 0.32406587797200775 0.15913440039062504 0.43535080069625764 0.26587838176416007 0.44538431698012454
0 0.15791070417607914 0.32140905135792613 2.2551405187698492e-17 0.3065660661444735 -0.003292519734943442 0.4178515579374972 0.15461818444113568 0.43269454315094974
0 0.38419562996741397 0.24670736980422642 0.27882584351258316 0.23680302313179688 0.2760601252594675 0.330282882409008 0.3814299117142983 0.3401872290814375
0 0.5300241659614631 0.2604194286869798 0.4086292760091968 0.24659648601656992 0.40478800036717694 0.35377191204182534 0.5261828903194433 0.3675948547122352
0 0.27923436904124693 0.23460966779158146 0.17352099588648479 0.22467303110404044 0.1707552791441603 0.31815289376046274 0.2764686522989224 0.3280895304480037
0 0.16637203759765623 0.11687015143603134 0.04210543952844893 0.09978975500584925 0.03389074365234376 0.2896647606614447 0.15815734172155108 0.3067451570916268
0 0.5329459676602077 0.14686316133630473 0.41905065881456927 0.1361574483105814 0.4158898473552119 0.24299124860070115 0.5297851562008503 0.25369696162642447
0 0.3955702910156251 0.1339503872932986 0.2869938602316235 0.12374462949888354 0.28383304928531156 0.2305784283790968 0.39240948006931314 0.24078418617351188
0 0.28843302424911593 0.12164815351419431 0.18203256915416752 0.11164692779881222 0.17887175781250003 0.2184807284595301 0.2852722129074484 0.22848195417491218
0 0.043578225097656256 0.09416868929503917 0.015094991457708117 0.0867997834840971 -0.0018531999391565059 0.29492729612794616 0.026630033700791634 0.30229620193888823
0 0.5303778074649916 0.023867462330059753 0.4294288929144698 0.014378660162012937 0.42659732861328126 0.11008408093994787 0.5275462431638032 0.11957288310799467
0 0.063710818359375 1.546002471192559e-17 0.023020484456543183 -0.010527008872720693 0.016699891510318705 0.06709125672138994 0.05739022541315054 0.07761826559411064
0 0.7710719337969482 0.25522484546283014 0.7599204985236151 0.23832895896880943 0.7399748435352607 0.2801522240368759 0.7511262788085937 0.2970481105308966
0 0.385179451171875 0.8161733855526546 0.37478541350673505 0.7681675795437509 0.2561961529044874 0.8497423253073079 0.2665901905696274 0.8977481313162115
0 0.3153027197265625 0.7514586196692776 0.3009217076180923 0.6881983305397568 0.17480727978515626 0.779282499564839 0.18918829189362643 0.8425427886943597
0 0.2230424072265625 0.6692563498694518 0.20961853616176546 0.6151091002138721 0.09661922167968755 0.7041105387293299 0.11004309274448461 0.7582577883849096
0 0.1529315922851562 0.6067173498694516 0.13783309877989233 0.5439123298072964 0.01991119189453122 0.6339768207136641 0.0350096853997951 0.6967818407758193
0 0.5009322314453124 0.6862859651871193 0.38466660847128237 0.668015506211424 0.37778842746600466 0.8070732930733497 0.49405405044003475 0.825343752049045
0 0.4515190859375 0.8636452489120974 0.44922151114031084 0.8537564327121673 0.41553202685546875 0.8786243585726716 0.4178296016526578 0.8885131747726017
0 0.8650438290560485 0.8275050124003979 0.7301226132069643 0.8209634091570007 0.7281297519645246 0.9515483072154785 0.8630509678136088 0.9580899104588757
0 0.6924567250976562 0.8163223724978245 0.6314635567004041 0.7705403938948284 0.5912726440429688 0.9406521592689296 0.6522658124402209 0.9864341378719257