0 0.9217106562499999 0.01605700781250019 0.8299697002102439 0.009649677643490034 0.828129296875 0.1150541796875002 0.9198702529147561 0.12146150985651036
0 0.008884734802297801 0.6751479922173431 0.004980914062500041 0.67487534375 0.0049127554320772815 0.678778964813907 0.008816576171875042 0.6790516132812501
0 0.011041188062290338 0.6635724570705213 0.001281486892794198 0.662890824121778 0.0012133281250000412 0.6667944453125 0.010973029294496181 0.6674760782612432
0 0.015354027888963066 0.6404223868601577 0.005594377504320871 0.6397407576112576 0.0055262187500000354 0.64364437890625 0.01528586913464223 0.6443260081551502
0 0.013333961216858863 0.6441896855143657 4.163336342344337e-17 0.6432584179687498 -0.00020447687925933752 0.6549692814714004 0.013129484337599483 0.6559005490170163
0 0.017646766953565464 0.6210386094407235 3.642919299551295e-17 0.6198061328125 -0.00020449351606539358 0.6315179960280265 0.017442273437500034 0.6327504726562501
0 0.016444638671874998 0.5779604609375001 0.004592071719939153 0.5328942146033301 -0.006441584239739659 0.544501761858719 0.005410982712196186 0.589568008192889
0 0.016444637999022887 0.5779604610252872 3.642919299551295e-17 0.5768119414062499 -0.0004089700401730123 0.6002346645417216 0.016035667958849836 0.6013831841607589
0 0.012131798952362074 0.6011105327756311 3.642919299551295e-17 0.6002632265624999 -0.00020449434232920095 0.6119750927548453 0.011927304610032836 0.6128223989679765
0 0.027840203481664088 0.48494919938750425 0.01612864062500003 0.4841312460937501 0.015787829721460978 0.5036503474874958 0.02749939257812503 0.50446830078125
0 0.03133515242710476 0.5086445769031466 0.02157545117024123 0.5079629489581858 0.021302800696261504 0.5235784306487893 0.03106250195312503 0.52426005859375
0 0.014244855887749349 0.480090294434289 2.7755575615628914e-17 0.47909541796874994 -0.00034080901274929215 0.49861452587821087 0.013904046875000029 0.49960940234374995
0 0.008729889206183778 0.460162219856148 2.949029909160572e-17 0.45955250781250007 -0.0002044947440956145 0.47126437394865656 0.008525394462088134 0.4718740859923045
0 0.02441352784513355 0.4573492067240159 0.008798046875000033 0.4562585976562501 0.008457235826741514 0.47577770343223424 0.024072716796875032 0.47686831250000006
0 0.016810281784115415 0.44509204300605343 0.0070505806096995 0.444410410339078 0.00698242187245911 0.4483140313955246 0.016742123046875026 0.4489956640625
0 0.7874146461475791 0.9995663030794885 0.7870623950237294 0.9673366242012748 0.7150208756829909 0.9704861071666497 0.7153731268068405 1.0027157860448634
0 0.992963328125 0.8615080000000003 0.861300248046875 0.8615080000000003 0.861300248046875 1.0000000000000002 0.992963328125 1.0000000000000004
0 0.7317630059693774 0.9317247176401389 0.7016507514879109 0.6600531309247717 0.4637862931856246 0.7655133328854421 0.49389854766709107 1.0371849196008094
0 0.9338873311774214 0.6443809353029901 0.7293767566254314 0.24396430744354813 0.5658925561837258 0.5779589064315034 0.7704031307357158 0.9783755342909453
0 1.0064705157917826 0.3816111939638922 0.8349936456390258 0.3624784699754021 0.8204910626215745 0.8823955599745321 0.9919679327743312 0.9015282839630222
0 0.9348593320312499 0.3675175195312502 0.896860808785779 0.36585631798692847 0.896806101295514 0.3708618607463652 0.9348046245409849 0.37252306229068693