0 0.16349241121277464 0.6695693673874655 0.12757690734808114 0.6623933214989782 0.11963080472905657 0.6800686871844293 0.15554630859375007 0.6872447330729164
0 0.09313850836053728 0.6362493621911882 0.026305029940498326 0.6228957699094119 0.010412802829961154 0.6582464845411403 0.0772462812500001 0.6716000768229168
0 0.2316090753569059 0.6930827418990231 0.22216524752788064 0.6349231399578167 0.15588655472968038 0.6397063345742204 0.16533038255870564 0.6978659365154267
0 0.15240969015781805 0.6738779373540047 0.1403715909954399 0.5997508324011029 0.07887287516683567 0.604189620434915 0.09091097432921383 0.6783167253878166
0 0.11221270467310884 0.6015405894884478 0.09663969935042516 0.585938213350336 -0.002784976096030012 0.6300437745440036 0.012788029226653674 0.6456461506821154
0 0.3297848334546036 0.6344420297010355 0.29224694128155565 0.6055941612748814 0.21432923061609688 0.6506560944960164 0.2518671227891448 0.6795039629221703
0 0.22139089456299932 0.6449159982161558 0.20924339261222605 0.5670851721294156 0.14333411126864362 0.5716571002683767 0.1554816132194169 0.6494879263551168
0 0.29764800019922544 0.6364841271269243 0.28015449490124905 0.534672491525998 0.21875403308041322 0.5393613653481576 0.2362475383783896 0.6411730009490839
0 0.28357218213788116 0.5182737598516253 0.26748843868429706 0.5035660373637213 0.13788072241332328 0.5665587122760313 0.15396446586690737 0.5812664347639352
0 0.0283770625 0.5572657304687499 0.02632619447715092 0.36009575691922824 -0.0020191514098489944 0.36022679459404866 0.000031716613000086664 0.5573967681435704
0 0.0768901045308922 0.5479261652448726 0.061252776837587675 0.3417770507646108 0.021566870052264712 0.34311498526739403 0.03720419774556924 0.5492640997476558
0 0.1365740729074143 0.5170607815637845 0.10241905223313275 0.3223616542530398 0.04971905382822254 0.326470488591816 0.0838740745025041 0.5211696159025607
0 0.15621512941608545 0.4282964457117913 0.13307026751762102 0.30843303923071314 0.10428018760704261 0.31090378653341716 0.12742504950550704 0.43076719301449534
0 0.19251576005033805 0.43295856593519516 0.16530637218813668 0.28779487646991664 0.13600868533977642 0.2902355606623121 0.1632180732019778 0.4353992501275907
0 0.22832532744367634 0.42054239770692153 0.20078786365249437 0.28076125187453105 0.17210677353221104 0.2832724933695463 0.199644237323393 0.42305363920193684
0 0.2754123596212382 0.4493628834287991 0.23875678926369082 0.2538013948511526 0.20454672162755785 0.2566512846173801 0.24120229198510523 0.4522127731950267
0 0.32967748628298943 0.4285536698489028 0.30035978187463663 0.22412628526043554 0.24300576449148317 0.22778199928580303 0.27232346889983594 0.43220938387427027
0 0.04117756328577604 0.16803239110709745 0.011513140197557902 0.16775547200468613 0.008148265659022897 0.32795799417844884 0.03781268874724104 0.32823491328086013
0 0.3553442250118462 0.40262791507068596 0.3225255015683611 0.21482119151160625 0.30277190692076994 0.21635536391908858 0.33559063036425507 0.40416208747816834
0 0.07762429984700558 0.31108716462781355 0.0757038453826473 0.15258276609018293 0.04531617135308179 0.152746401631152 0.047236625817440085 0.31125080016878265
0 0.3820144504069504 0.3357019516347617 0.3608986528746268 0.19827484575486032 0.3263561091925112 0.2006337313909069 0.3474719067248348 0.3380608372708083
0 0.11479543188264603 0.29201810077281315 0.10778693033255915 0.14072063581353186 0.07777607866131651 0.14133849473877763 0.0847845802114034 0.2926359596980589
0 0.4044030996244505 0.3034777728102665 0.384138185218723 0.1813405210971164 0.36404830124763815 0.18282198659191232 0.3843132156533656 0.30495923830506244
0 0.16113416968902386 0.27029147280155735 0.13432519129092269 0.12725319296037388 0.09941410430516481 0.13016128963023685 0.126223082703266 0.27319956947142027
0 0.43574098601899586 0.28217960742663184 0.4264535914301751 0.16734529202894274 0.3917667919262005 0.16859211249913664 0.4010541865150213 0.28342642789682576
0 0.20755867421690644 0.25223396720167124 0.18176315638909066 0.10773954364047782 0.1387666566913946 0.11115103084808202 0.16456217451921037 0.2556454544092754
0 0.2569979843901084 0.2222932996849177 0.2178734088829655 0.08864163383052841 0.17721467345493508 0.09393152346551441 0.216339248962078 0.22758318931990365
0 0.14606343394887203 0.07958712749330446 0.10918100152876295 0.048615613655000285 0.010648250883820085 0.10076572145050679 0.047530683303929164 0.13173723528881096
0 0.29703437757991125 0.20026195585792358 0.258629743495343 0.06907324039172356 0.2220922170804038 0.07382707180451596 0.260496851164972 0.205015787270716
0 0.34940939034834956 0.17890492914676573 0.29971234985032663 0.047760353575685234 0.257736464402809 0.054829997541570974 0.30743350490083193 0.1859745731126515
0 0.11098948921078294 0.00028283351488078934 0.05869847279238589 -0.0014707592097642722 0.053798065177641914 0.06347458704059518 0.10608908159603897 0.06522817976524024
0 0.3933709170722366 0.15476337919191635 0.33512355771730834 0.028414769584558464 0.2963756254019035 0.03635387902276576 0.35462298475683174 0.16270248863012363
0 0.17344897063410286 0.08277524017984157 0.1597407493031201 -0.001652214611727235 0.12150254132237767 0.0011071711807221693 0.13521076265336043 0.08553462597229096
0 0.4252125593798695 0.039407017345352714 0.419283990234375 0.038222464843750026 0.4181488404736378 0.04074749296399569 0.4240774096191323 0.04193204546559839
0 0.43950572381650993 0.1305328269692471 0.38599612855731097 0.019081902634730707 0.3450105651452113 0.027827639021483736 0.39852016040441024 0.13927856335600014
0 0.22535536798310976 0.06294187154914717 0.21458380083642317 -0.003399103375929228 0.16710535873850346 0.000027083013773657644 0.17787692588519005 0.06636805793885005
0 0.2000484769436236 0.08106922033874503 0.11271033420603424 -0.001592331336356607 -0.061100300348314394 0.08002722429552798 0.02623784238927497 0.1626887759706296
0 0.5617299668241128 0.0460865238704799 0.51893627734375 0.04218284505208338 0.5052851315710567 0.10869365537282516 0.5480788210514195 0.11259733419122168
0 0.5124194782627726 0.040017213933173 0.4990121620649733 0.039420449394320684 0.49267424769569157 0.10270572744232868 0.5060815638934909 0.10330249198118101
0 0.5571120145845302 0.02662253018428649 0.5201904767369719 0.01588827047295588 0.5132050680713163 0.026566935994608576 0.5501266059188745 0.037301195705939184
0 0.573867376864181 0.00394438349484962 0.520004767192229 -0.007962919040499653 0.5145485334232162 0.003006520890511862 0.5684111430951682 0.014913823425861136
0 0.7852102070312501 0.8368504466145833 0.7469670272435436 0.8237332815878956 0.73971786328125 0.8331266080729168 0.7779610430689565 0.8462437730996045
0 0.7829251562500001 0.8492572734375002 0.7375020509388277 0.8329036988690022 0.7268407011718748 0.8460648476562499 0.7722638064830473 0.862418422224748
0 0.7399364003906252 0.8205506236979169 0.7192565476366564 0.8129706624181535 0.7125465855662798 0.8211067947209552 0.7332264383202487 0.8286867560007186
0 0.7992965408174131 0.8417191060625866 0.7911598847656252 0.83873591015625 0.7853808517607122 0.8457413731040803 0.7935175078125001 0.8487245690104167