0 0.4296880000000001 0.832031 0.2578120000000001 0.832031 0.2578120000000001 0.984375 0.4296880000000001 0.984375
0 0.632812 0.800781 0.4375000000000001 0.800781 0.4375000000000001 0.976562 0.6328120000000002 0.976562
0 0.511719 0.515625 0.2812500000000001 0.515625 0.2812500000000001 0.8125 0.511719 0.8125
0 0.023437500000000076 0.515625 6.31458505810354e-17 0.515625 7.510532259512874e-17 0.710938 0.02343750000000009 0.710938
0 0.26953100000000013 0.511719 0.03906250000000007 0.511719 0.039062500000000076 0.714844 0.26953100000000013 0.714844
0 0.636719 0.507812 0.519531 0.507812 0.519531 0.777344 0.636719 0.777344
0 0.640625 0.16796900000000006 0.441406 0.16796900000000006 0.4414060000000001 0.4882810000000001 0.640625 0.48828100000000013
0 0.40625000000000006 0.16406200000000004 0.210938 0.164062 0.21093800000000001 0.488281 0.4062500000000001 0.488281
0 0.17578100000000002 0.160156 3.205127233026466e-17 0.160156 5.214313387877592e-17 0.488281 0.17578100000000005 0.488281
0 0.640625 6.649446355628397e-17 0.445312 5.453499154219061e-17 0.445312 0.12109400000000006 0.640625 0.12109400000000008
0 0.40625 3.779186543360783e-17 0.210938 2.5832454651854436e-17 0.210938 0.12500000000000003 0.40625 0.12500000000000006
0 0.1875 1.6025654534834314e-17 0.03906250000000001 6.936479072412553e-18 0.039062500000000014 0.132812 0.1875 0.132812