0 0.40778841514934194 0.43928468201408605 0.3612817722106801 0.3670468305911151 0.2732524232534902 0.42372002088443894 0.3197590661921521 0.49595787230740995
0 0.3670986868403808 0.3595771615211715 0.32926115516645904 0.3000343316839914 0.24368784048708783 0.35441338980865866 0.28152537216100953 0.4139562196458386
0 0.3410787464686625 0.2818874553689671 0.30033415232912014 0.22654439647470054 0.21437399443716906 0.2898298710302345 0.25511858857671144 0.34517292992450105
0 0.2707380081465439 0.2003628466790978 0.23663656311255657 0.14913229285000068 0.17199881725567703 0.19215818995063466 0.20610026228966438 0.24338874377973174
0 0.22860330453592326 0.13008980605532505 0.17212837463526826 0.0032601915870695388 0.10905111336299549 0.03134735343497153 0.16552604326365045 0.15817696790322705
0 0.3997097051341964 0.12305158307364839 0.33271732714381513 -0.027397777139984102 0.2709678358375595 0.00009815409181654911 0.33796021382794084 0.15054751430544905
0 0.3387867931059883 0.16848388879068116 0.24977742190362232 -0.03141053729367734 0.17740447401545642 0.000815826941554898 0.2664138452178224 0.20071025302591342
0 0.9471125578125003 0.4656252125 0.9411391270044593 0.29456854127428833 0.6234843140625 0.30566129218750004 0.629457744870541 0.4767179634132117
0 1 1.1842208849242038e-16 0.933979471875 1.143794970701054e-16 0.933979471875 0.21836036875000006 1 0.21836036875000006
0 0.40252255154544353 0.822110851928446 0.39991607758292935 0.7345299819013338 0.12844833574361403 0.7426090704117316 0.1310548097061282 0.8301899404388438
0 0.7769442697604265 0.7364776569696894 0.687957490625 0.7362409796875001 0.6877343922466647 0.8201223135221628 0.7767211713820912 0.8203589908043523
0 0.650827353125 0.792258428125 0.6500240841824522 0.7159134087703558 0.5118106453604017 0.7173676301954985 0.5126139143029494 0.7937126495501428