0 0.48214677604166667 8.020963418913461e-17 0.39113504687499995 7.18503424784728e-17 0.39113504687499995 0.20222216210937505 0.48214677604166667 0.20222216210937508
0 0.43094281626622105 0.20279042332945493 0.3787189457863743 -0.04547981092510302 0.2825313290729542 0.00004478334291804775 0.33475519955280103 0.24831501759747598
0 0.31759235677083336 0.18376255078124998 0.29559473222657473 -0.014749683638238385 0.14280009969163748 0.023346294071138377 0.16479772423589611 0.22185852849062673
0 0.7063759062499999 0.4926575312500001 0.6606516927083333 0.4926575312500001 0.6606516927083333 0.5390625000000002 0.7063759062499999 0.5390625000000002
0 0.9794523111366313 0.48393354356330737 0.9699672342974449 0.41074295392607246 0.8148467431001123 0.45597406926031325 0.8243318199392987 0.5291646588975482
0 0.7723187901587943 0.5350248131580044 0.75734269734602 0.4647783381457973 0.700103676808029 0.49223506090470653 0.7150797696208032 0.5624815359169137
0 0.7526731154503304 0.45240104775475215 0.7477951187306829 0.4147605101587248 0.6908388190104167 0.4313682285156249 0.6957168157300643 0.46900876611165226
0 0.6929291025840841 0.5108056789905362 0.6713700326710578 0.4096812562340111 0.5720437681349914 0.45732661332642455 0.5936028380480177 0.5584510360829497
0 0.9872570520653983 0.38834005798239946 0.9753329762330951 0.29632919993355633 0.9075014010416668 0.316108005859375 0.9194254768739699 0.4081188639082181
0 1.0000739972204313 0.24571151321894968 0.9935699568207004 0.1955237725450923 0.9389999075520832 0.21143568750000002 0.945503947951814 0.2616234281738574
0 0.48217459244791666 0.5390625000000001 0.4273727479180541 0.46463023563374545 0.33489177974652856 0.6178337863577902 0.38969362427639115 0.6922660507240449
0 0.7360978396489887 0.959722384413455 0.6330716948152345 0.8865085503204788 0.6145936046600932 0.9450136735169181 0.7176197494938473 1.0182275076098943
0 0.6438206396532143 0.895830314884912 0.5726250505135008 0.7123334410695576 0.517726924635725 0.7602586985949344 0.5889225137754387 0.9437555724102886
0 0.58135558984375 0.619205943359375 0.5390625 0.619205943359375 0.5390625 0.72493225 0.58135558984375 0.72493225