0 0.162317359375 0.48089700390625 0.16176307506869822 0.4718907974707704 0.11898333457026794 0.47781474698831555 0.11953761887656973 0.48682095342379517
0 0.21329372097570834 0.23932521635828052 0.06604756654293474 0.183876725816461 0.02257944049988984 0.4435980863045859 0.16982559493266347 0.4990465768464054
0 0.35281725460149344 0.06615335573588954 0.2708733064628321 0.022837354904481744 0.22129100882198482 0.23388363304900828 0.3032349569606462 0.2771996338804161
0 0.4172620156249999 0.02550660546875 0.4149595849474477 -0.0033549381740999307 0.3962684791666667 0 0.3985709098442189 0.02886154364284993
0 0.2696573623259223 0.03200660715697787 0.10906602937943001 -0.028934710732723246 0.07316201086984281 0.18394576803060614 0.23375334381633514 0.24488708592030728
0 0.7114209960937501 0.4891796503906251 0.613567625 0.4891796503906251 0.613567625 0.5781250000000002 0.7114209960937501 0.5781250000000002
0 0.8373207057061967 0.35122910188235923 0.8325376397230105 0.251834419879967 0.6146531768205084 0.27542572697006285 0.6194362428036944 0.37482040897245505
0 0.8316014395254608 0.25507567827300753 0.8293939278872119 0.1876554592896253 0.6123815429060909 0.2036429343913914 0.6145890545443399 0.2710631533747736
0 0.8112883483849537 0.1855466765516419 0.8091169187393543 0.10565675786092676 0.6040892739468599 0.11819534852510216 0.6062607035924593 0.1980852672158173
0 0.7739788044392869 0.10376450875018758 0.7715872854799101 0.05406745600242138 0.6012934124494245 0.07250591981216797 0.6036849314088013 0.12220297255993418
0 0.8456420677083333 0.6233275605468751 0.835530096763859 0.5647552603120365 0.5740415768229167 0.6663283535156251 0.5841535477673908 0.7249006537504638
0 0.7376036184895834 0.603280087890625 0.7347213042627576 0.5862161461712913 0.5646973668474652 0.6508343011668045 0.5675796810742909 0.6678982428861383
0 0.6857144830729167 0.5796247070312501 0.6805549482166827 0.5494086920177566 0.5435618229166667 0.602041271484375 0.5487213577729008 0.6322572864978685
0 0.5650856549479166 0.589155720703125 0.5630080167055079 0.5767907007399362 0.5197256328125001 0.593153921875 0.5218032710549089 0.6055189418381889