0 0.19832911255670793 0.21378426491692687 0.13875303549703585 0.20861976518583109 0.13752727481664861 0.24527491606480237 0.1971033518763207 0.2504394157958982
0 0.26967776093936463 0.18795142333855944 0.24528603049614017 0.1478184941156217 0.18167279859717145 0.24804322421564368 0.20606452904039588 0.2881761534385814
0 0.2214707738459811 0.17993744028561404 0.16189516758726422 0.1747729813670645 0.1607753569888189 0.20825980069375094 0.22035096324753578 0.21342425961230047
0 0.19202057479211165 0.20366263985741745 0.17753624174553836 0.1298955786632077 0.03066211811779979 0.2046551823668169 0.045146451164373075 0.2784222435610266
0 0.1272243054723393 0.15427219104568463 0.10749701598847047 0.11627615539647985 0.038889384729656626 0.20861559579152247 0.05861667421352543 0.24661163144072726
0 0.07890382918650281 0.1484450028501901 0.06003342700805448 0.11210118107399922 -0.005715428653553525 0.20059734438563714 0.013154973524894795 0.236941166161828
0 0.03015504980468751 0.13600303301886793 1.0353400717336989e-17 0.13600303301886793 1.1643914110084802e-17 0.16993620833333334 0.030155049804687514 0.16993620833333334
0 0.16321349770234653 0.09602386259898944 0.08560248001923698 0.08684603696667861 0.08314573349194261 0.14070148071490146 0.16075675117505217 0.1498793063472123
0 0.13633960631258882 0.08831456645362605 0.1359803707159416 0.08005352098541879 0.11835190672717594 0.08204073438381664 0.11871114232382313 0.0903017798520239
0 0.11156040093711087 0.09387362126752663 0.09365439788483823 0.056735104243399774 0.033721188683063216 0.1316429506609987 0.05162719173533584 0.16878146768512556
0 0.10943264413077344 0.08138595704408202 0.1089297037003731 0.06982023931198404 0.07222977069026916 0.07395732878703906 0.07273271112066951 0.08552304651913704
0 0.06966008761862494 0.07504740427875016 0.000020545386669821013 0.06512248144010949 -0.003591672251171331 0.13082595944752176 0.06604786998078378 0.14075088228616245
0 0.8466967236328126 0.1686508191823898 0.8319499833225136 0.12630825583689897 0.8117031367229348 0.14458765686748584 0.8264498770332338 0.18693022021297667
0 0.8430387817382812 0.26405725393081764 0.8334503999479211 0.20998641827798514 0.7175975347596159 0.2632431729082434 0.7271859165499759 0.31731400856107594
0 0.36617706250000004 0.732091248427673 0.2646722454020759 0.7054089855744471 0.26059680411553127 0.7455995696387767 0.3621016212134554 0.7722818324920027