0 0.32415060576923077 0.4356595480769231 0.18137207932692315 0.4356595480769231 0.18137207932692315 0.5 0.32415060576923077 0.5
0 0.42788461538461536 0.4123802019230769 0.2953426658653847 0.4123802019230769 0.2953426658653847 0.5 0.42788461538461536 0.5
0 0.9832101634615386 8.722043382281937e-17 0.42788461538461536 5.3216551075961695e-17 0.42788461538461536 0.5000000000000001 0.9832101634615386 0.5000000000000001
0 0.4008258894230771 0.6776577451923077 0.007734519836834528 0.4842777291186341 -0.08545141008515628 0.6737005327926577 0.3076399595010863 0.8670805488663315
0 0.5250069493783257 0.716828206496548 0.41335533240050987 0.6545810118181463 0.298189576923077 0.8611516514423078 0.40984119390089285 0.9233988461207094
0 1 0.9148909975961538 0.8300886177884615 0.9148909975961538 0.8300886177884615 1 1 1
0 0.9534281995356484 0.8992996179874754 0.914781996105675 0.8143523711975882 0.7854330459366043 0.873198843927326 0.8240792493665778 0.9581460907172132
0 0.9123263503347834 0.8034744887630274 0.8690616577128344 0.7222905220520506 0.7448146835112927 0.7885044232177117 0.7880793761332417 0.8696883899286886
0 0.8099086255861262 0.6944983262035189 0.7746512154613333 0.6207950973941934 0.68446099848342 0.6639393872795232 0.719718408608213 0.7376426160888487
0 0.7584165475929738 0.5868477729145911 0.6976365059203841 0.4598079661204731 0.6055111029083329 0.5038838032574975 0.6662911445809226 0.6309236100516156
0 1.0218274269537875 0.5919317239306279 0.9572366481707502 0.45690906555118854 0.8670464296181777 0.5000533535161933 0.9316372084012149 0.6350760118956326
0 0.9233731272882911 0.6402203184144415 0.832305895888167 0.4498504369729058 0.7265991573584585 0.5004173646052777 0.8176663887585829 0.6907872460468134