0 0.017067983474709465 0.13253641153520693 0.0029627910156250254 0.13241017057291668 0.0020548389932583586 0.17749797650550647 0.016160031452342797 0.17762421746779675
0 0.027162280337504428 0.07708331589396604 0.004081088496688564 0.07687674087336056 0.0029928813175933264 0.13091601347086165 0.026074073158409188 0.13112258849146713
0 0.060772697265625 2.7106284414561925e-18 0.004931000000000003 4.310832476127538e-19 0.0049310000000000066 0.034903796875 0.060772697265625 0.034903796875000004
0 0.44521974804687514 0.5604877903645834 0.4407163923682803 0.5521429596499975 0.433860477759178 0.5537873374313703 0.43836383343777274 0.5621321681459562
0 0.88090421484375 0.561636875 0.839877587890625 0.561636875 0.839877587890625 0.5690104166666666 0.88090421484375 0.5690104166666666
0 0.6090223105370426 0.5475397312063809 0.5329012264338164 0.5452884990092489 0.5317196033967738 0.5630459696257848 0.6078406875 0.5652972018229167
0 0.987829998046875 0.5207012773437502 0.9026144765625 0.52070127734375 0.9026144765625 0.5690104166666667 0.987829998046875 0.5690104166666669
0 0.43069948723092466 0.5022327308040379 0.3431898158714384 0.4996446867702314 0.3393495200467639 0.5573567437266104 0.42685919140625017 0.5599447877604168
0 0.438915368189637 0.5467203019492798 0.4143621939539431 0.49310679281167397 0.4045564431789439 0.495102660488087 0.4291096174146378 0.5487161696256928
0 0.5182507403519776 0.5622054099417696 0.48799206498380204 0.48325132124927705 0.4231514505391221 0.4942956643642069 0.45341012590729773 0.5732497530566995
0 0.5971596936940753 0.5377347894946025 0.5692277485442252 0.4720394968557559 0.4987457627106751 0.4853582185092605 0.5266777078605251 0.5510535111481071
0 0.37323475332743344 0.7326064440251372 0.3259677103768512 0.6965933101177484 0.1311971958131506 0.8102089741642677 0.17846423876373285 0.8462221080716565
0 0.3486309657187137 0.5845199937438145 0.2227771948013788 0.4893311698050926 -0.11383152273647873 0.6871297239390857 0.012022248180856177 0.7823185478778075
0 0.4008348070504942 0.6779688077147733 0.3281250000000001 0.6762760859375 0.3224388999325443 0.7848284762227435 0.3951487069830384 0.7865211980000169