0 0.340646254195751 0.6274579641185497 0.3225223849560276 0.6190463890276832 0.28217318870586994 0.7059841561956692 0.30029705794559336 0.7143957312865359
0 0.46464389975720205 0.6488291967511521 0.42750631583896387 0.625089070254268 0.41131577153312016 0.6504165552581552 0.44845335545135845 0.6741566817550395
0 0.4202840443019834 0.6164350680573549 0.40361647090702146 0.609322273628843 0.39106113138064635 0.6387434870714339 0.40772870477560835 0.6458562814999459
0 0.5848713468529511 0.5936534042461922 0.5550052417693574 0.5790067179552472 0.5209190245956397 0.648512032931633 0.5507851296792333 0.663158719222578
0 0.5422702113013287 0.5673038692562548 0.5185915685478768 0.5565050820717607 0.48559247541253436 0.6288626278026023 0.5092711181659861 0.6396614149870963
0 0.3828306223763046 0.5365660700215974 0.36436072420866716 0.5279938977132888 0.3241744035431247 0.6145807305170543 0.3426443017107621 0.6231529028253628
0 0.505755188516251 0.5449866772049157 0.47331785643639873 0.5299319970520137 0.437212373926222 0.6077261125158451 0.4696497060060743 0.622780792668747
0 0.3538154768965695 0.518582322573166 0.3301343337304499 0.5073610990983989 0.2386014581956104 0.7005310448553277 0.26228260136173 0.7117522683300948
0 0.31389265431079505 0.5073786074575259 0.3070865237970038 0.5042067828846678 0.22101044054684174 0.688909638688777 0.22781657106063297 0.6920814632616352
0 0.2914092419628459 0.48467006078969754 0.2788198681698086 0.4788711971672561 0.19066234446835978 0.6702618024318809 0.2032517182613971 0.6760606660543225
0 0.1720469997387568 0.48256510690832444 0.14287276113447978 0.46894445101178606 0.0812301344116229 0.6009774980153486 0.11040437301589993 0.614598153911887
0 0.27561495710300565 0.4749505889454252 0.26661062794220436 0.47077155596462344 0.17823944675929265 0.6611800086749204 0.18724377592009395 0.6653590416557221
0 0.5772274973187635 0.49226655210059655 0.5550686341230062 0.4813995877356231 0.5206321084283586 0.5516192218649499 0.542790971624116 0.5624861862299235
0 0.13537430115346166 0.45718016426799607 0.106913800641905 0.4443780848802801 0.046156930330380555 0.5794476221181852 0.07461743084193721 0.5922497015059014
0 0.24812292075589437 0.4564948167535842 0.23842585896592472 0.45199428708717687 0.15005483915489753 0.6424028174311684 0.1597519009448672 0.6469033470975759
0 0.4905173888475566 0.4883146191119289 0.45997227976197497 0.4665935780849747 0.44569863372729496 0.48666582391505486 0.47624374281287657 0.508386864942009
0 0.2348061291182665 0.4481138777621793 0.22339697014610144 0.4428586957648909 0.1359906148454864 0.6326205352819259 0.14739977381765149 0.6378757172792143
0 0.5679328028768265 0.43098974433646564 0.5411798475617766 0.4186672456223993 0.49325779474081444 0.5227091747370822 0.5200107500558643 0.5350316734511485
0 0.10937397412386493 0.34538021428345167 0.06854379816064107 0.3267593655733686 0.03587553869486602 0.39839148090641335 0.07670571465808988 0.41701232961649637
0 0.4646062855327645 0.35946131481825655 0.4293984092811033 0.3431207811847602 0.37253422285268584 0.4656423146810165 0.40774209910434706 0.4819828483145129
0 0.3013207262288219 0.3353235710210321 0.27413714793716226 0.323004438921756 0.24054664225638964 0.39712574338308027 0.2677302205480493 0.4094448754823564
0 0.36493452867442905 0.33508295521854825 0.3367425638151968 0.32166411018792573 0.2858517830365618 0.42858173984204895 0.31404374789579403 0.4420005848726715
0 0.4278093788821602 0.3334698960022873 0.39236865810610844 0.31719424380532246 0.33528883689529465 0.4414872663520109 0.3707295576713464 0.4577629185489758
0 0.0358520542479985 0.2884601803615597 0.003285645312500038 0.28571781406249996 -0.00368230565108158 0.36846428764639166 0.02888410328441688 0.3712066539454514
0 0.2682971761592899 0.2884366608481528 0.23682343934649136 0.2739395343732697 0.19593472239300197 0.3627102792679066 0.22740845920580047 0.37720740574278977
0 0.22531093749562076 0.2604805769667841 0.19356594760624377 0.24574742430763435 0.1521262635425174 0.33503600917850374 0.18387125343189442 0.34976916183765355
0 0.8823904373686057 0.23600190479827782 0.5904483120938472 0.21558732371204054 0.5796740981627415 0.36966576891376285 0.8716162234375 0.39008035000000013
0 0.5009405700528584 0.9500891942170602 0.5005464014398927 0.9428573469255921 0.45441686159602906 0.945371616932157 0.4548110302089947 0.9526034642236251
0 0.5174756815624562 0.8794213446004504 0.5171435232257507 0.8700971111259237 0.46219087600038505 0.872054696159568 0.4625230343370905 0.8813789296340946
0 0.5177770144265006 0.8676602110217218 0.5163854750017098 0.8285946127109984 0.45110512785440254 0.830919936797858 0.45249666727919335 0.8699855351085815
0 0.9093230872498778 0.7869221822217705 0.9092469398174741 0.7311918596273261 0.7512569985972775 0.7314077300513513 0.751333146029681 0.7871380526457956
0 0.8183449843750005 0.7939508750000002 0.7387981605347604 0.7938348966056393 0.738781534375 0.8052383843750002 0.8183283582152401 0.805354362769361