0 0.28126430217431325 0.572226749906997 0.20643927218911254 0.5701702370628425 0.2055659716784717 0.6266582971673532 0.2803910016636724 0.6287148100115078
0 0.35761022805198317 0.56912012316412 0.320167634765625 0.5683822135416666 0.31949668861739855 0.6289062499835297 0.35693928190375673 0.6296441596059831
0 0.31083630830231 0.5655347862773418 0.2827545621435553 0.5649813596768062 0.28204707757603614 0.6288016130006433 0.31012882373479084 0.6293550396011789
0 0.38224205857375 0.39917781996666063 0.28938342490623364 0.39209982205227445 0.2835054475959741 0.5291934398581347 0.37636408126349047 0.5362714377725208
0 0.3827516158126313 0.3096558128685316 0.29185448925781254 0.3071575716145834 0.29018383328379277 0.4152213827795477 0.3810809598386115 0.4177196240334959
0 0.29033925531443566 0.284221702598656 0.1884346575535173 0.2789236589324877 0.1807096612248579 0.5430757181299077 0.28261425898577625 0.548373761796076
0 0.618031549815272 0.24064279684976106 0.5601389126695477 0.08541452554093854 0.48863859463105164 0.13282103276606091 0.5465312317767759 0.28804930407488344
0 0.3189553408203126 0.8460790468750002 0.28607049023437514 0.8245142773437504 0.2816079396608775 0.8366122243012946 0.314492790246815 0.8581769938325444
0 0.298755314453125 0.8581235169270834 0.2754483877051641 0.8435684383397369 0.2722251328125001 0.8527442096354166 0.2955320595604609 0.8672992882227634
0 0.27801371875 0.8280951197916666 0.1949579512451576 0.778925375211867 0.19201808524377398 0.7877536705320161 0.2750738527486164 0.8369234151118158
0 0.2891810693359375 0.8715767044270833 0.17940749347144114 0.803558734150068 0.17574583691406254 0.8140645364583333 0.2855194127785589 0.8820825067353485
0 0.28667463574218754 0.7923569440104167 0.21726636557216622 0.7511038610485249 0.2152271303919548 0.7572034363708919 0.2846354005619761 0.7984565193327836
0 0.33952712597656254 0.8142466966145833 0.29739459472656254 0.7888192916666666 0.29492756322795644 0.796086501158694 0.3370600944779565 0.8215139061066106
0 0.7649364142932147 0.9949325567723176 0.6804591335079627 0.9940214480596771 0.6804327480468749 0.9983706731770834 0.7649100288321269 0.9992817818897239
0 0.6641947961092323 0.9894965186902976 0.4834488742773748 0.9875471344051977 0.4833961034836409 0.9962455899075123 0.6641420253154984 0.9981949741926123
0 0.9704581358836861 0.9446134426184996 0.5380999060885739 0.8791379976493054 0.5299456862663325 0.9748629501950236 0.9623039160614446 1.0403383951642178