0 0.08203120000000011 0.992188 0.058593800000000126 0.992188 0.058593800000000126 0.996094 0.08203120000000011 0.996094
0 0.03515620000000012 0.976562 0.01171880000000012 0.976562 0.011718800000000121 0.996094 0.03515620000000012 0.996094
0 0.011718800000000118 0.972656 1.191160057071468e-16 0.972656 1.2055116929106758e-16 0.996094 0.01171880000000012 0.996094
0 0.33168305508700224 0.9136366272891769 0.2852720179393055 0.9089957612019591 0.2768024014400213 0.9936962629159983 0.323213438587718 0.9983371290032161
0 0.2634704126030414 0.8969560832435218 0.215949772941672 0.8929952696081731 0.20824358645849758 0.9854517557609248 0.25576422611986693 0.9894125693962735
0 0.2093278408133071 0.8853390484618738 0.14590859860935199 0.8694852526187602 0.12339148789959054 0.9595594602070913 0.18681073010354565 0.9754132560502049
0 0.113854172737092 0.8633669788452457 0.08806765890752544 0.8594988697421699 0.07534568437091324 0.9443091384253589 0.1011321982004798 0.9481772475284347
0 0.07633284963397055 0.8576749660635555 0.05193029653941311 0.8522520685124536 0.034742404301124824 0.9295960435693186 0.05914495739568226 0.9350189411204205
0 0.1406250000000001 0.804688 0.0390625000000001 0.804688 0.039062500000000104 0.851562 0.1406250000000001 0.851562
0 0.42578100000000013 0.800781 0.4023440000000001 0.800781 0.4023440000000001 0.804688 0.42578100000000013 0.804688
0 0.0898438000000001 0.792969 0.07031250000000008 0.792969 0.0703125000000001 0.796875 0.08984380000000011 0.796875
0 0.4218750000000001 0.78125 0.30078100000000013 0.78125 0.30078100000000013 0.792969 0.4218750000000001 0.792969
0 0.4358198128645737 0.8255763632307012 0.1711159796777443 0.7712782301431597 0.15291792342814642 0.8599938999443995 0.41762175661497586 0.914292033031941
0 0.1677380276924994 0.7118569481066817 0.07674523669858521 0.689110206242859 0.054228420086097184 0.779183237366803 0.14522121108001138 0.8019299792306256
0 0.16406200000000012 0.691406 0.09765620000000008 0.691406 0.09765620000000008 0.695312 0.16406200000000012 0.695312
0 0.18750000000000006 0.597656 0.07421880000000008 0.597656 0.07421880000000008 0.6875 0.18750000000000008 0.6875
0 0.21093800000000004 0.535156 0.07812500000000007 0.535156 0.07812500000000008 0.589844 0.21093800000000004 0.589844
0 0.16015600000000005 0.523438 0.07031250000000006 0.523438 0.07031250000000006 0.527344 0.16015600000000005 0.527344
0 0.41015600000000013 0.503906 0.3867190000000001 0.503906 0.3867190000000001 0.539062 0.41015600000000013 0.539062
0 0.43827825461250225 0.4687889102402103 0.2009809968258762 0.456924806702104 0.1853082948153585 0.7703989092550246 0.4226055526019845 0.7822630127931309
0 0.23103057007806493 0.45470988542152996 0.05474989250447569 0.4476590915470886 0.05175486060760409 0.5225394896323147 0.22803553818119332 0.529590283506756