0 0.996094 0.4843750000000001 0.988281 0.4843750000000001 0.988281 0.48828100000000013 0.996094 0.48828100000000013
0 0.9970132145173964 0.4763321522483541 0.9956342456519176 0.4708173356312294 0.9790900311345213 0.4749541833828753 0.980469 0.48046900000000003
0 0.996094 0.44140600000000013 0.976562 0.44140600000000013 0.976562 0.4648440000000001 0.996094 0.4648440000000001
0 0.917969 0.36328100000000013 0.910156 0.36328100000000013 0.910156 0.3671880000000001 0.917969 0.3671880000000001
0 0.941406 0.3515620000000001 0.921875 0.3515620000000001 0.921875 0.3554690000000001 0.941406 0.3554690000000001
0 0.996094 0.34765600000000013 0.914062 0.34765600000000013 0.914062 0.44140600000000013 0.996094 0.44140600000000013
0 0.984375 0.3359380000000001 0.964844 0.3359380000000001 0.964844 0.3398440000000001 0.984375 0.3398440000000001
0 0.8789059999999999 0.32031200000000004 0.8742187999999999 0.3062503999999999 0.8660161999999998 0.30898459999999994 0.8707033999999998 0.32304620000000006
0 0.9000009200194545 0.3234374399569894 0.889062079954942 0.3015625599918101 0.8812490799805455 0.30546956004301073 0.8921879200450582 0.3273444400081901
0 0.972656 0.2734380000000001 0.878906 0.2734380000000001 0.878906 0.3554690000000001 0.972656 0.3554690000000001
0 0.996094 0.2617190000000001 0.972656 0.2617190000000001 0.972656 0.3046880000000001 0.996094 0.3046880000000001
0 0.980469 0.2578120000000001 0.972656 0.2578120000000001 0.972656 0.2656250000000001 0.980469 0.2656250000000001
0 0.890625 0.296875 0.8825123372888267 0.2563096094695533 0.8712440236788058 0.25856315680254904 0.8793566863899791 0.2991285473329959
0 0.8720855363303908 0.3005105768052353 0.8580228147934076 0.24894806449850035 0.8388524636696095 0.25417642319476486 0.8529151852065927 0.30573893550149983
0 0.878906 0.24609400000000012 0.871094 0.24609400000000012 0.871094 0.2500000000000001 0.878906 0.2500000000000001
0 0.910156 0.2421880000000001 0.886719 0.2421880000000001 0.886719 0.2656250000000001 0.910156 0.2656250000000001
0 0.902344 0.23046900000000012 0.886719 0.23046900000000012 0.886719 0.2343750000000001 0.902344 0.2343750000000001
0 0.976562 0.21484400000000012 0.960938 0.21484400000000012 0.960938 0.2187500000000001 0.976562 0.2187500000000001
0 0.875 0.19921900000000012 0.855469 0.19921900000000012 0.855469 0.2187500000000001 0.875 0.2187500000000001
0 0.7861877095087249 0.199513752584924 0.7655510099884845 0.1936179839829595 0.7552333866321576 0.22973230721073792 0.7758700861523979 0.2356280758127024
0 0.9520313967947245 0.21500021760239194 0.9488284359968872 0.19257785199664126 0.8810150976093553 0.2022647631925782 0.8842180584071926 0.22468712879832886
0 0.8822230156472082 0.2130018319650249 0.7960646536055909 0.1883838067078878 0.7799966276339239 0.2446188127451671 0.8661549896755412 0.26923683800230425
0 0.996094 0.1914060000000001 0.984375 0.1914060000000001 0.984375 0.19531200000000012 0.996094 0.19531200000000012
0 0.945312 0.1718750000000001 0.875 0.1718750000000001 0.875 0.1914060000000001 0.945312 0.1914060000000001
0 0.914062 0.13671900000000012 0.765625 0.13671900000000012 0.765625 0.19531200000000012 0.914062 0.19531200000000012
0 1.002757631144178 0.16865761661581047 0.9438888527380449 0.1181983561284996 0.8741269389597726 0.19958675944118032 0.9329957173659056 0.2500460199284912
0 0.785156 0.13281200000000012 0.765625 0.13281200000000012 0.765625 0.13671900000000012 0.785156 0.13671900000000012
0 0.804688 0.1250000000000001 0.785156 0.1250000000000001 0.785156 0.1289060000000001 0.804688 0.1289060000000001
0 0.933594 0.14062500000000003 0.9265068706524976 0.10696102220529416 0.8150797486086174 0.1304192846709111 0.8221668779561199 0.16408326246561697
0 0.996094 0.11328100000000012 0.964844 0.11328100000000012 0.964844 0.1562500000000001 0.996094 0.1562500000000001
0 0.8515619999999999 0.12109400000000003 0.849133877285771 0.10652464207542678 0.8079604580040834 0.1133865858273691 0.8103885807183123 0.12795594375194236
0 0.957031 0.1054690000000001 0.9375 0.1054690000000001 0.9375 0.1250000000000001 0.957031 0.1250000000000001
0 0.8990713542771946 0.10926944996131399 0.8980157458001771 0.1029352585930757 0.8549411687389519 0.11011374216680836 0.8559967772159695 0.11644793353504665
0 0.925781 0.10156200000000011 0.90625 0.10156200000000011 0.90625 0.11328100000000012 0.925781 0.11328100000000012
0 0.980469 0.09765620000000011 0.960938 0.09765620000000011 0.960938 0.10937500000000011 0.980469 0.10937500000000011
0 0.800781 0.0976562000000001 0.785156 0.09765620000000008 0.785156 0.1015620000000001 0.800781 0.10156200000000011
0 0.996094 0.09375000000000011 0.988281 0.09375000000000011 0.988281 0.1054690000000001 0.996094 0.1054690000000001
0 0.390625 0.08984380000000006 0.351562 0.08984380000000006 0.351562 0.09375000000000006 0.390625 0.09375000000000006
0 0.8490030124853819 0.0853986881090551 0.845500780023036 0.07664321902462912 0.8111529875146182 0.09038251189094493 0.8146552199769641 0.09913798097537091
0 0.402344 0.07421880000000004 0.3125 0.07421880000000003 0.3125 0.07812500000000004 0.402344 0.07812500000000006
0 0.300781 0.07421880000000003 0.261719 0.07421880000000003 0.261719 0.07812500000000003 0.300781 0.07812500000000003
0 0.792969 0.07031250000000008 0.773438 0.07031250000000008 0.773438 0.07812500000000008 0.792969 0.07812500000000008
0 0.414062 0.06250000000000004 0.3125 0.06250000000000003 0.3125 0.06640620000000004 0.414062 0.06640620000000005
0 0.300781 0.06250000000000003 0.210938 0.06250000000000003 0.210938 0.06640620000000003 0.300781 0.06640620000000003
0 0.820312 0.050781200000000096 0.800781 0.050781200000000096 0.800781 0.07031250000000011 0.820312 0.07031250000000011
0 0.414062 0.05078120000000005 0.3125 0.05078120000000004 0.3125 0.05468750000000005 0.414062 0.054687500000000056
0 0.300781 0.05078120000000003 0.210938 0.050781200000000026 0.210938 0.054687500000000035 0.300781 0.05468750000000004
0 0.996094 0.04687500000000012 0.941406 0.04687500000000011 0.941406 0.07421880000000011 0.996094 0.07421880000000011
0 0.414062 0.03515620000000005 0.3125 0.03515620000000004 0.3125 0.03906250000000005 0.414062 0.039062500000000056
0 0.300781 0.031250000000000035 0.210938 0.03125000000000003 0.210938 0.03515620000000003 0.300781 0.03515620000000004
0 0.996094 0.02734380000000012 0.929688 0.027343800000000112 0.929688 0.03906250000000012 0.996094 0.039062500000000125
0 0.425781 0.02343750000000005 0.3125 0.02343750000000004 0.3125 0.02734380000000005 0.425781 0.027343800000000057
0 0.300781 0.01953120000000003 0.210938 0.019531200000000026 0.210938 0.02343750000000003 0.300781 0.023437500000000035
0 0.4375 0.01171880000000005 0.398438 0.011718800000000048 0.398438 0.015625000000000052 0.4375 0.015625000000000056
0 0.828125 0.0078125000000001 0.808594 0.0078125000000001 0.808594 0.0312500000000001 0.828125 0.0312500000000001
0 0.300781 0.007812500000000033 0.214844 0.007812500000000028 0.214844 0.011718800000000033 0.300781 0.011718800000000038
0 0.996094 1.181593116276529e-16 0.933594 1.1433229038031742e-16 0.933594 0.019531200000000117 0.996094 0.019531200000000123
0 0.917969 1.085917585093142e-16 0.855469 1.0476473726197871e-16 0.855469 0.09375000000000011 0.917969 0.09375000000000011
0 0.7861583962731371 0.011876364150739338 0.7148420135268281 -0.03906241889715267 0.5728478396702 0.15973524065793385 0.6441642224165091 0.21067402370582586
0 0.6143303049687168 0.0009743707859832251 0.5662356841909927 -0.04368566118361822 0.45618515319464187 0.07482832819864005 0.5042797739723659 0.11948836016824149
0 0.449219 5.19040215912424e-17 0.398438 4.879458213586731e-17 0.398438 0.003906250000000052 0.449219 0.0039062500000000555
0 0.390625 4.7837765591693485e-17 0.3125 4.305398903252414e-17 0.3125 0.015625000000000045 0.390625 0.01562500000000005
0 0.203125 2.224454569205248e-17 0.136719 1.8178350924843523e-17 0.136719 0.06640620000000003 0.203125 0.06640620000000003
0 0.152344 1.7700003885096568e-17 0.136719 1.67432485732627e-17 0.136719 0.02734380000000002 0.152344 0.027343800000000022
0 0.128906 1.4829676717255002e-17 0.113281 1.3872921405421132e-17 0.113281 0.046875000000000014 0.128906 0.046875000000000014
0 0.0507812 5.022962325510818e-18 0.03125 3.827021247335479e-18 0.03125 0.015625000000000007 0.0507812 0.015625000000000007