0 0.08041827994791671 0.5057705546875 0.022720430989583373 0.5057705546875 0.022720430989583377 0.548828125 0.08041827994791671 0.548828125
0 0.28213045109807827 0.06636470757306634 0.27684486468390535 0.011350910872224389 -0.0052240232430904344 0.07232695752628489 0.00006156317108249136 0.12734075422712682
0 0.4280109557291667 7.184444157049265e-17 0.33676812890625 6.346392388445457e-17 0.33676812890625 0.044069093750000066 0.4280109557291667 0.04406909375000008
0 0.27265274381327126 0.02523764492659333 0.2725856055616545 -0.00029869697650155734 0.20515066291075879 0.00010021663338134128 0.2052178011623755 0.02563655853647623
0 0.20149429485991668 0.02618244213905281 0.19716955952870086 -0.00981231197742538 0.06557215912457513 0.025763117477099327 0.06989689445579098 0.06175787159357752
0 1.0137498390513835 0.5153751230077848 0.9848014472865917 0.020964531017670207 0.8939834584060212 0.03292893513642356 0.922931850170813 0.5273395271265381
0 0.9172820668569779 0.5139346332588938 0.8990673682322647 0.028077187727859776 0.5868767338452039 0.054411107965218676 0.6050914324699169 0.5402685534962527
0 0.5901195470975289 0.4980252335875471 0.5782855638399198 0.054432427240867255 0.4626828759212365 0.0613714275380544 0.4745168591788456 0.5049642338847342
0 0.9540460039062499 0.013438183593750014 0.9530891912667036 -0.006388574636852717 0.8923303691558644 0.00020873787575040326 0.8932871817954108 0.020035496106353134
0 0.8808574757376099 0.02185570225414063 0.8795881152807404 -0.013028654035736054 0.5929755907063061 0.010436960601352914 0.5942449511631754 0.0453213168912296
0 0.5777784453125 0.047827070312500004 0.5762261339806909 0.015660562305260757 0.4674046657753154 0.02747660388344171 0.4689569771071245 0.05964311189068096
0 0.03041482682291666 0.8287172226562499 0.021510986319679844 0.7214507000012986 -0.0049671729584136 0.7263958956475404 0.003936667544823219 0.8336624183024917
0 1 0.9776323281250002 0.6102889101562502 0.9776323281250002 0.6102889101562502 1 1 1