0 0.49962856640625 0.41518931835937506 0.4956501661625128 0.4150244984620851 0.49504269726562505 0.42968750000000006 0.49902109750936224 0.42985231989729
0 0.4897272933081359 0.4132180619051101 0.4517259729583373 0.41209948817457515 0.45120826757812504 0.4296875 0.4892095879279237 0.430806073730535
0 0.5012269414062501 0.37660799218750013 0.4992379968157221 0.3765255927186726 0.49798610156250006 0.4067436308593751 0.49997504615302807 0.40682603032820264
0 0.491340817954808 0.37475688888448416 0.46349406724904213 0.3736032348837584 0.4621647871093751 0.4056892265625001 0.49001153781514095 0.4068428805632259
0 0.50254733984375 0.344736443359375 0.50055839427701 0.34465404387491416 0.4994454970719857 0.37151697847523657 0.5014344426387257 0.3715993779596974
0 0.49458710546875 0.34450213281250003 0.4664245058534089 0.34367316188784375 0.46568360351562504 0.3688438105468751 0.49384620313096617 0.3696727814715314
0 0.504979630859375 0.2860262148437501 0.4731544796136097 0.2847077382963354 0.47182324017892546 0.316840957833859 0.5036483914246909 0.3181594343812737
0 0.5062891260202824 0.25247452993570413 0.47422707330502617 0.25153078149709907 0.47343678380946075 0.27837935939205627 0.505498836524717 0.27932310783066133
0 1.0182668797347616 0.29697087891841556 0.9144646463427155 0.24940245639165406 0.8385362774861036 0.41509082372604117 0.9423385108781496 0.4626592462528027
0 0.7513470625 8.908724892714334e-17 0.70350309765625 8.615765100692248e-17 0.70350309765625 0.03887814257812509 0.7513470625 0.038878142578125094
0 0.46650372749894287 0.9781656540037555 0.30141148650108607 0.9740086077856057 0.3007570195312501 1 0.4658492605291069 1.0041570462181497
0 0.864659164151153 0.719860034448511 0.8642304843741705 0.6990625644128842 0.8255248241292674 0.6998603698081232 0.8259535039062499 0.72065783984375
0 0.645243548828125 0.8811149160156251 0.534965572265625 0.875178669921875 0.5309327746741218 0.9500961769210076 0.6412107512366217 0.9560324230147577