0 0.11917079879485344 0.29830375708485485 0.11857723235524938 0.2895823770023324 0.07801578251530343 0.29579364277248027 0.07860934895490751 0.3045150228550027
0 0.11830963855044756 0.22360485879581846 0.11574670484841465 0.19733052209822122 0.11149732012699183 0.19826316240582514 0.11406025382902474 0.22453749910342236
0 0.09511800390625001 0.20298322851562506 0.09466218358628971 0.19927221403402304 0.08072199479166665 0.20312479882812504 0.08117781511162697 0.20683581330972706
0 0.08128542213628813 0.131619268015883 0.06566687847283041 0.09247015392188934 0.05696024207471898 0.1002855595513334 0.07257878573817671 0.13943467364532705
0 0.08535736038068925 0.09825204588056882 0.08353419385113503 0.0834089472068208 0.07720202734375 0.08515894140625001 0.07902519387330421 0.10000204007999804
0 0.04268086927074873 0.11244987001876147 0.03728778078134478 0.09188596452565129 -0.00529170223960021 0.11701147240373536 0.00010138624980374211 0.13757537789684554
0 0.10682693670174807 0.06615723112840924 0.10607454606818544 0.05159136731534992 0.09354712388515381 0.05304733376381285 0.09429951451871643 0.06761319757687217
0 0.06619039016467901 0.06996376069664201 0.0654326659943614 0.04692878604198772 0.05019548377223692 0.04805653018836713 0.05095320794255453 0.07109150484302142
0 0.10400007031250001 0.04130366210937501 0.10286059233483408 0.032026701144322656 0.09311520280942093 0.03471998375886519 0.09425468078708686 0.04399694472391754
0 0.038458906249999994 0.042151597656250005 0.03800311604954876 0.0384408215856073 0.031670542518183444 0.0401909221130018 0.03212633271863468 0.043901698183644505
0 1.0368902392153851 0.21471344597563768 0.8775375911621411 0.021104189066173173 0.8193885275260412 0.128789982066582 0.9787411755792852 0.3223992389760465
0 0.4144930665988224 0.6895557050521508 0.39971001950902224 0.5836416784437674 0.1582561716077444 0.6594692469456798 0.17303921869754454 0.7653832735540632
0 0.6665777747395834 0.753071765625 0.6599636428128243 0.735705173920685 0.609740424277528 0.7787425037190709 0.616354556204287 0.7961090954233859
0 0.7228221080729167 0.802445908203125 0.7162078431987462 0.7850798763956115 0.6659853971354167 0.828118796875 0.6725996620095872 0.8454848286825135
0 0.695674125 0.7775634453125 0.6890596458804089 0.7601968495644251 0.6388388190104166 0.8032343789062499 0.6454532981300078 0.8206009746543248
0 0.6374810026041667 0.728578498046875 0.6308669520062345 0.7112124693988504 0.5806439446604045 0.7542504844004958 0.5872579952583367 0.7716165130485204