0 0.06870070454928892 0.0568004901855321 0.0007898458011193932 0.05618708295660362 0.000004460937340681386 0.14313773829889026 0.06791531968551022 0.14375114552781873
0 0.18003131431385772 0.11762328603080682 0.1659869965384712 0.031205182441788402 0.031196858468651258 0.05311072599599032 0.045241176244037784 0.13952882958500873
0 0.2900440112691275 0.10072677963785712 0.2731927540523856 0.01246232109048026 0.1443946673937849 0.037052169858920896 0.1612459246105268 0.12531662840629776
0 0.40395673657179976 0.08477853942163 0.3910270755156363 -0.0017705198349767387 0.25642126447878344 0.018338393281414393 0.2693509255349469 0.10488745253802113
0 0.46478987168219643 0.07500601105098598 0.41011197743067995 -0.021418541226067872 0.36576735027000895 0.0037272414325578984 0.42044524452152543 0.10015179370961175
0 0.2242453125 2.4049215472662756e-17 0.168466505859375 2.0633748622027732e-17 0.168466505859375 0.007038089843750022 0.2242453125 0.0070380898437500256
0 0.168276099609375 1.3539705057303911e-17 0.05279953515625 6.468804805601283e-18 0.05279953515625 0.023007134765625006 0.168276099609375 0.023007134765625013
0 0.062946421875 4.283897741129571e-18 0.0036983398437500023 6.55999040370065e-19 0.0036983398437500045 0.0336860234375 0.062946421875 0.033686023437500004
0 0.22430203811021548 0.8436693651081119 0.2226006865103918 0.7461989843680784 0.16484459117563474 0.7472071206290769 0.16654594277545842 0.8446775013691104
0 0.1798413253288173 0.8421219112140153 0.11478818087387584 0.6611688902273309 0.02252320065231944 0.6943384225941152 0.08757634510726092 0.8752914435807995
0 0.46481116484132945 0.5347106906165376 0.20864826936113356 0.5166611065921273 0.18522243655105425 0.8491246776943396 0.44138533203125013 0.86717426171875
0 0.591662650390625 0.4756182226562501 0.55859375 0.4756182226562501 0.55859375 0.64299098828125 0.591662650390625 0.64299098828125
0 0.6333055071725152 0.44807578405139326 0.5981817611633227 0.4467454118033348 0.5907349950894484 0.6433507758661826 0.6258587410986409 0.6446811481142409