0 0.996094 0.7773440000000003 0.992188 0.7773440000000003 0.992188 0.8320310000000002 0.996094 0.8320310000000002
0 0.996094 0.6523440000000003 0.992188 0.6523440000000003 0.992188 0.7421880000000002 0.996094 0.7421880000000002
0 0.964844 0.36328100000000013 0.726562 0.36328100000000013 0.726562 0.8164060000000001 0.964844 0.8164060000000002
0 0.849026119353772 0.3894983783679228 0.46194559443720273 0.21746136614180492 0.3245416636245275 0.5266180120074309 0.7116221885410968 0.6986550242335487
0 0.996094 0.1757810000000001 0.953125 0.1757810000000001 0.953125 0.3046880000000001 0.996094 0.3046880000000001
0 0.972656 0.17578100000000008 0.535156 0.17578100000000005 0.535156 0.4531250000000001 0.972656 0.4531250000000001
0 0.45937856101730107 0.26238250921520023 0.233427159503203 0.14071465858205995 0.09720814750402273 0.3936892653817372 0.32315954901812083 0.5153571160148775
0 0.996094 1.1433229038031742e-16 0.871094 1.0667824788564646e-16 0.871094 0.16406200000000012 0.996094 0.16406200000000012
0 0.890625 9.40011940795927e-17 0.5625 7.390933253108144e-17 0.5625 0.1640620000000001 0.890625 0.16406200000000012
0 0.6084147996784239 0.011873427953858318 0.4143961477674727 -0.10310086052501888 0.28679433153285516 0.11222669396363322 0.4808129834438064 0.2272009824425104
0 0.332031 2.7506730523308747e-17 0.117188 1.4351390909848004e-17 0.117188 0.09375000000000003 0.332031 0.09375000000000003