0 0.2963176159978613 0.21177573112793102 0.2680067710065614 0.20308518448482116 0.23400770207204283 0.45228933958107387 0.26231854706334273 0.46097988622418373
0 0.26336899945574826 0.1893368396732522 0.23530239781559859 0.17772182722531094 0.1929057236726847 0.4082290075733136 0.2209723253128344 0.41984402002125487
0 0.2301237995640398 0.16288845046437192 0.20325505900986562 0.14867626179493348 0.14983299672572523 0.3759187380050379 0.17670173727989938 0.39013092667447635
0 0.19724184272821368 0.13328558460386344 0.1643343232269893 0.11243239362575806 0.10193699786164516 0.3339820695358113 0.13484451736286954 0.3548352605139167
0 0.1642945531307698 0.10659505414537024 0.13913101384971585 0.08688994201503414 0.06444520452833398 0.3014818910164759 0.08960874380938792 0.321187003146812
0 0.3489583333333333 0.10333408593750006 0.3317645885416667 0.10333408593750006 0.3317645885416667 0.17111967578125006 0.3489583333333333 0.17111967578125006
0 0.31566969226809694 0.14916166997903382 0.17481435918953417 0.02771566656787884 0.16034264830833303 0.06548092518529244 0.3011979813868958 0.18692692859644744
0 0.3489583333333333 0.039070347656250067 0.33902148828124995 0.03907034765625006 0.33902148828124995 0.08187342382812506 0.3489583333333333 0.08187342382812506
0 0.1618172465018406 0.0007358579844547464 0.15365541302357047 -0.0062042893783800235 0.13565636489315813 0.04142247678909326 0.14381819837142826 0.04836262415192803
0 0.8280244075520836 0.19067850390624985 0.6781384858012619 0.08631658441908285 0.6472457526041667 0.18614579492187489 0.7971316743549884 0.2905077144090419
0 0.6649566367187499 0.32432049804687535 0.5194186472964734 0.21347283562433025 0.48455397568447656 0.31646825942591794 0.6300919651067532 0.427315921848463
0 0.06033379572050185 0.75420985767453 0.003334247974364731 0.7391340206552836 -0.010910328996137031 0.8603115379807537 0.046089218750000084 0.8753873750000001
0 0.7349604753864751 0.9955774322931082 0.6182396354166667 0.86196023828125 0.5770118603936248 0.9429925954888448 0.6937327003634334 1.0766097895007032