0 0.4648440000000001 0.988281 0.41015600000000013 0.988281 0.41015600000000013 0.996094 0.4648440000000001 0.996094
0 0.47265600000000013 0.925781 0.4140620000000001 0.925781 0.4140620000000001 0.96875 0.47265600000000013 0.96875
0 0.4843750000000001 0.871094 0.42578100000000013 0.871094 0.42578100000000013 0.898438 0.4843750000000001 0.898438
0 0.4960940000000001 0.804688 0.4375000000000001 0.804688 0.4375000000000001 0.847656 0.4960940000000001 0.847656
0 0.507812 0.746094 0.4492190000000001 0.746094 0.4492190000000001 0.789062 0.507812 0.789062
0 0.519531 0.6875 0.45703100000000013 0.6875 0.45703100000000013 0.726562 0.519531 0.726562
0 0.527344 0.628906 0.4687500000000001 0.628906 0.4687500000000001 0.667969 0.527344 0.667969
0 0.996094 0.6093750000000001 0.796875 0.609375 0.796875 0.8710940000000001 0.996094 0.8710940000000003
0 0.7931604190582286 0.5950193086583503 0.5378668697083545 0.5875111836723879 0.5298219418750283 0.8610572667055473 0.7851154912249024 0.8685653916915097
0 0.542969 0.566406 0.4804690000000001 0.566406 0.4804690000000001 0.609375 0.542969 0.609375
0 0.996094 0.2773440000000001 0.929688 0.2773440000000001 0.929688 0.5781250000000002 0.996094 0.5781250000000002
0 0.9235881985683976 0.2745748827676905 0.6144199160280592 0.2639118370681901 0.6046152899901284 0.5481907831144802 0.9137835725304667 0.5588538288139806
0 0.6098176215740677 0.22241870742651493 0.5785074659864241 0.21666773232649303 0.523024005174356 0.5187375135989197 0.5543341607619996 0.5244884886989416
0 0.11328100000000003 0.191406 2.3440474523759827e-17 0.191406 2.8224251082929175e-17 0.269531 0.11328100000000003 0.269531
0 0.996094 0.1484380000000001 0.972656 0.1484380000000001 0.972656 0.2578120000000001 0.996094 0.2578120000000001
0 0.3125 0.08593750000000003 0.222656 0.08593750000000003 0.22265600000000002 0.28125 0.3125 0.28125
0 0.195312 0.06640620000000003 0.128906 0.06640620000000003 0.128906 0.1875 0.195312 0.1875
0 0.09765620000000001 0.050781200000000006 0.007812500000000007 0.0507812 0.007812500000000014 0.167969 0.09765620000000003 0.167969
0 0.9689730183749582 0.00000637155741617379 0.655501286745918 -0.00894940680281324 0.6480588648068419 0.25155155681151814 0.9615305964358821 0.26050733517174757
0 0.289062 3.39647829539324e-17 0.265625 3.2529680602351567e-17 0.265625 0.015625000000000035 0.289062 0.015625000000000035
0 0.242188 2.2483780444265915e-17 0.125 1.5308084989341915e-17 0.125 0.01562500000000002 0.242188 0.015625000000000028
0 0.0859375 6.2189095269201535e-18 0.015625 1.9135106236677394e-18 0.015625 0.003906250000000006 0.0859375 0.00390625000000001