0 0.19515006193390277 0.3075404648749351 0.1866346117882679 0.2893242538792532 0.11818658143387244 0.32132134647924154 0.1267020315795073 0.3395375574749234
0 0.196216570691497 0.2755474716631068 0.17007260661841295 0.21263250454072538 0.08457234550517503 0.24816166170353038 0.11071630957825912 0.3110766288259118
0 0.16433385252442528 0.1715053882188169 0.11070278035728906 0.04245250955322321 0.028429692118576416 0.07664309854564012 0.08206076428571263 0.2056959772112338
0 0.22813744304565847 0.1322206617936909 0.17373626276149465 0.0029337976780670558 0.13290812622383033 0.02011341473850995 0.18730930650799416 0.1494002788541338
0 0.6065007849913968 0.3587667763483496 0.5821815018665033 0.300242849140385 0.498295148530822 0.3351013433394492 0.5226144316557154 0.3936252705474137
0 0.48612010368943415 0.3059773435396256 0.46547797689677156 0.2609114086484973 0.4025556909039394 0.2897325084145628 0.42319781769660203 0.33479844330569103
0 0.9369160695109058 0.28864290595178427 0.8845959858749262 0.17055831509025293 0.8209122637886663 0.19877484733628248 0.8732323474246458 0.3168594381978138
0 0.5807690898401296 0.2755714493131518 0.5163979674458055 0.12855490679913306 0.43217249275076924 0.1654329903644383 0.4965436151450934 0.312449532878457
0 0.9874050216397915 0.2660128593576028 0.9344921617406254 0.14882723977924084 0.8922953414770687 0.16788038338875033 0.9452082013762347 0.2850660029671123
0 1 0.1214969453125001 0.96061078125 0.1214969453125001 0.96061078125 0.2285116601562501 1 0.2285116601562501
0 0.8820977650323647 0.14703819162856518 0.8224204753105717 0.01795123942449428 0.7573330013718611 0.04804137613606185 0.8170102910936541 0.17712832834013276
0 0.9489452606071351 0.11756850465981672 0.8959834851728534 -0.009873914172074283 0.8330694697416157 0.016271524587475827 0.8860312451758974 0.14371394341936683
0 1.0300764990768563 0.08196521639728988 0.9851404990185508 -0.02618030072638894 0.9210783160926596 0.00043844716309454634 0.9660143161509649 0.10858396428677336