0 0.7639948654084423 0.07471003399458692 0.7596350649038462 0.012361973557692299 0.7116752544170257 0.015715649750593422 0.7160350549216219 0.07806371018748805
0 0.7086732139423078 0.07616832211538463 0.7043134482632832 0.013820753156554315 0.6539558003909285 0.01734210208060409 0.658315566069953 0.07968967103943439
0 1 1.183174253048728e-16 0.9322701923076923 1.1417017069501028e-16 0.9322701923076923 0.0722281466346155 1 0.0722281466346155
0 0.9270582187514851 0.06330753367508615 0.9221271231094784 -0.007210415711842606 0.8190133779156856 1.3230200695674582e-10 0.8239444735576923 0.07051794951923077
0 0.8191488006291954 0.07085329596931578 0.8139480176088476 -0.003521391574982726 0.7635897548076923 -8.540177112501205e-18 0.7687905378280402 0.07437468754429849
0 0.6966162692307692 7.967337438237956e-17 0.6045486778846154 7.403586033001586e-17 0.6045486778846154 0.011321899038461612 0.6966162692307692 0.01132189903846162
0 0.14847312259615397 0.906854514423077 1.1126708967143715e-16 0.906854514423077 1.169706057097774e-16 1 0.148473122596154 1
0 0.129134943933262 0.8252641706765639 0.00019058570392968758 0.8178156802770904 -0.00405435430391865 0.8913018547471162 0.12489000392541366 0.8987503451465897
0 0.13872637225612378 0.7310215373141435 0.0009149582261636177 0.7190305541590651 -0.0040247596795149115 0.7758023384812172 0.13378665435044523 0.7877933216362957
0 0.11283815013961822 0.6760981058134559 0.003879811811762852 0.6753393102589516 0.003605056067238992 0.7147925321335986 0.11256339439509436 0.7155513276881028
0 0.6186618244471899 0.8274658044625036 0.5889423076923077 0.8251133701923077 0.5807799303605023 0.9282328974605736 0.6104994471153845 0.9305853317307695
0 0.7272757777468025 0.8378379102116204 0.6302259894883436 0.8271504968387682 0.6192738223184644 0.926604449607917 0.7163236105769233 0.9372918629807692