0 0.40576582811854556 0.4997274313849098 0.3538318826025883 0.27793494265590585 0.1822970336897334 0.31810078212404463 0.23423097920569058 0.5398932708530486
0 0.5640077348817087 0.49195892997135304 0.5113190226030307 0.2650472947187843 0.363801373902684 0.29930078260074466 0.416490086181362 0.5262124178533134
0 0.5908831965733998 0.24289158363343394 0.5666196731554795 -0.007441802388216055 0.4814638365384616 0.0008119134615384588 0.5057273599563819 0.2511452994831884
0 0.508876322085335 0.25196805625660484 0.43953230376831603 -0.04327529499122972 0.254852495878375 0.00010058435364858662 0.32419651419539386 0.29534393560148314
0 0.31462908828195163 0.2719528151540088 0.243876840999356 -0.012054896379131427 0.19377851998116438 0.0004256407794814074 0.26453076726376007 0.2844333523126216
0 0.66237503125 0.4114831322115386 0.603143516826923 0.4114831322115386 0.603143516826923 0.5000000000000001 0.66237503125 0.5000000000000001
0 0.22024599540968295 0.6135910985705024 0.15887598935246142 0.5481752752032721 0.14123292307692317 0.5647271586538463 0.2026029291341447 0.6301429820210767
0 0.18395358173076934 0.6133370552884616 0.15616626550860999 0.5858008665694421 0.1416152054124561 0.600484630992519 0.16940252163461547 0.6280208197115387
0 0.7704769861639096 0.850074137748841 0.5697115384615384 0.7426686394230769 0.4820055313879393 0.9066112312903187 0.6827709790903105 1.0140167296160827
0 0.9486287740384618 0.9528386923076927 0.7823140232851915 0.8632039212197363 0.7085882403846158 1.0000000000000002 0.8749029911378859 1.0896347710879568
0 0.6727510072115385 0.5000000000000001 0.5697115384615384 0.5000000000000001 0.5697115384615385 0.7180725961538462 0.6727510072115385 0.7180725961538462
0 0.6935831085705959 0.6175295078125251 0.6444432021960268 0.5908537240128202 0.5696573772792772 0.7286179397579874 0.6187972836538462 0.7552937235576924
0 0.8292034447115385 0.7197264206730771 0.7030744495192306 0.6512460168269232 0.6414660320591268 0.7647180081295498 0.7675950272514347 0.8331984119757038
0 1.0733895429362224 0.7346311475336356 0.907449750029245 0.6427344796399682 0.7927377647853303 0.8498723825871018 0.9586775576923077 0.9417690504807693