0 0.14658760750821034 0.09613040090505737 0.14424461685096135 0.07882767215417082 0.10916383554290071 0.08357801783878252 0.1115068262001497 0.10088074658966907
0 0.14183510096153845 0.07529182451923075 0.14158343747107668 0.06808514099866961 0.13918120913461537 0.06816902884615385 0.13943287262507714 0.07537571236671499
0 0.13676449680799777 0.07474745812209913 0.13384543921397712 0.06691236241193306 0.12244827163461539 0.07115851201923076 0.12536732922863603 0.07899360772939683
0 0.12269993521120427 0.07836519626179878 0.12244827163461539 0.07115851201923078 0.10803367222546184 0.07166188215732786 0.10828533580205071 0.07886856639989587
0 0.14269722881938213 0.06383013246012462 0.13839623372604787 0.0320683604172809 0.09644210586820422 0.03774954526484858 0.10074310096153846 0.0695113173076923
0 0.13286605307129695 0.02509364526860295 0.1319428895443206 -0.001342288850595749 0.09350478125 -5.337610695313253e-19 0.09442794477697637 0.0264359341191987
0 1 1.0529730524437165e-16 0.6873843725961539 8.615511887119358e-17 0.6873843725961539 0.2539489086538463 1 0.2539489086538463
0 0.22519588243598226 0.6416405157457974 0.180186983173077 0.6320431682692308 0.17707442044863336 0.6466402246388181 0.22208331971153858 0.6562375721153847
0 0.21628739750126527 0.680436688316617 0.17128070913461546 0.6708391634615385 0.16816795537380413 0.6854361288865173 0.21317464374045392 0.6950336537415958
0 0.22069718529744728 0.6597552677694247 0.17568913221153853 0.6501606971153847 0.17257733152947596 0.6647581288651907 0.21758538461538468 0.6743526995192307
0 0.22824694499206266 0.733998058229665 0.16264049278846165 0.7173228653846155 0.1596088458733222 0.7292504994626429 0.22521529807692323 0.7459256923076923
0 0.2148405889002792 0.790909196218441 0.14923396634615393 0.7742364759615386 0.14620214908049023 0.7861665802238668 0.2118087716346155 0.8028393004807692
0 0.210431997876678 0.811590135152742 0.14482554567307696 0.7949149423076924 0.14179389875793755 0.8068425763857197 0.20740035096153858 0.8235177692307692
0 0.20593191334916405 0.8297052781001669 0.1403252932692309 0.8130325552884615 0.1372934760739131 0.8249626569959869 0.20290009615384624 0.8416353798076923
0 0.223838523745076 0.7546765268337944 0.15823207211538468 0.7380013341346154 0.15519985696995703 0.749931203843354 0.2208063085996484 0.7666063965425329
0 0.2185034798948694 0.769854532213723 0.19252789903846163 0.7650276201923076 0.19024152688488444 0.777331520590656 0.21621710774129219 0.7821584326120714
0 0.9534530649038463 0.5096153846153848 0.8073358009659439 0.4944645601298517 0.7841075179972481 0.7184822798653058 0.9302247819351505 0.7336331043508388