0 0.4695046497605836 0.4905114853633787 0.4687499999174205 0.4805878172734524 0.45259389117246185 0.48181641589444874 0.45334854101562494 0.491740083984375
0 0.428893931088502 0.47962666865698733 0.42768653653435684 0.4637494084541255 0.3507842382583549 0.4695974839377633 0.35199163281250007 0.48547474414062514
0 0.4238709339643056 0.4600475627854931 0.42326719921874995 0.45210842382812505 0.3884689996294443 0.454754665730132 0.38907273437499995 0.46269380468750004
0 0.5984593311889497 0.006196342762379375 0.5308656773434919 -0.006026620917387024 0.4721275863874423 0.31879821630262467 0.5397212402329001 0.33102117998239106
0 0.47364485633477127 0.8305310981783716 0.46875000000000006 0.7180855937500001 0.2234403588414403 0.7287641482827899 0.22833521517621153 0.8412096527111613
0 0.8089728218858451 0.7648038237281045 0.7929648164062499 0.6896731914062502 0.7103594476027614 0.7072738311930336 0.7263674530823565 0.7824044635148879
0 0.851347162109375 0.7876475664062501 0.8441954426164351 0.7504923854417557 0.7616808898820601 0.7663749870042557 0.768832609375 0.8035301679687501
0 0.8669840017518227 0.8431121973757465 0.8551401299620072 0.7887686248463368 0.7727896379758095 0.8067164450487153 0.784633509765625 0.861060017578125
0 0.7883437345833129 0.8889443784665304 0.7753628225954476 0.8280192749603241 0.6448372325433847 0.8558295058687938 0.65781814453125 0.9167546093750001
0 1.0054390792080545 0.8149570402012323 0.985545925659927 0.721943656352443 0.902434501953125 0.739719037109375 0.9223276555012526 0.8327324209581644
0 1.0026023238861006 0.722418756342438 0.9927719492187499 0.6509376425781251 0.9258231824716051 0.6601447103752426 0.9356535571389557 0.7316258241395555