0 0.4537227707549725 0.25773489946764955 0.44487961338947685 0.1748760905932049 0.2827391262260177 0.2089907131521017 0.2915822835915134 0.29184952202654635
0 0.4426519885126965 0.07784278947368421 0.44185300325616367 0.0508991121083276 0.4295669635305873 0.051617359803106756 0.43036594878712015 0.07856103716846337
0 0.456453269487381 0.16507402621998415 0.4338318717751321 0.033311993180198125 0.3733693814993954 0.05377623259762308 0.39599077921164433 0.1855382656374091
0 0.3925225092590026 0.17882146918916583 0.3574800211318008 -0.002306787680060003 0.25195277680845446 0.037942088089510544 0.28699526493565636 0.21907034495873634
0 0.3455570399032648 5.094016072897772e-17 0.24694416807738814 4.246194081466446e-17 0.24694416807738814 0.02988040407470293 0.3455570399032648 0.029880404074702938
0 0.7647838954050787 0.2511470254668931 0.7348656905210483 0.19823984275114373 0.7171097941405502 0.21803431499848158 0.7470279990245806 0.270941497714231
0 0.7449021626360339 0.3101192478777589 0.7145938352976067 0.25456296656664446 0.6959036039903264 0.2746642555178268 0.7262119313287536 0.33022053682894126
0 0.2822303440908269 0.8437741645756873 0.253575016845043 0.8358276024861433 0.24369733716673073 0.9060477050338206 0.2723526644125146 0.9139942671233646
0 0.3947676761920785 0.8676453353325957 0.29488435998063117 0.8300912401127731 0.2762390776273542 0.9278566091014251 0.3761223938388015 0.9654107043212476
0 0.9132269684519599 0.7296655922505823 0.872023382129229 0.6489456995799837 0.7624269408840406 0.7592344774482471 0.8036305272067714 0.8399543701188458
0 0.8343713446191052 0.6750699915110359 0.7882123585048767 0.5806439123731119 0.7426328545897973 0.6245691710442566 0.7887918407040259 0.7189952501821805