0 0.37211077944562704 0.0010220873740592502 0.22372440162911694 -0.010886397999461665 0.1992923402707976 0.06522288403427515 0.3476787180873077 0.07713136940779607
0 0.8402750862504277 0.11269026104857392 0.3986806875 0.0974324140625 0.38461644073117673 0.19919468434586268 0.8262108394816043 0.2144525313319366
0 0.3042720910009112 0.568826915567675 0.2958314452638159 0.5687479902339198 0.29540163941915487 0.5802393539631199 0.30384228515625017 0.5803182792968751
0 0.30357100756445576 0.56158879328939 0.29772854531095716 0.48874685525084893 0.2885052019982418 0.48893180034088446 0.2943476642517404 0.5617737383794256
0 0.12906016996426153 0.6295893054205984 0.10643216252826324 0.3906151705809589 0.06434300937757036 0.39161150609558254 0.08697101681356867 0.6305856409352221
0 0.16975740234375003 0.6285625117187501 0.1482737559335178 0.37481272974823343 0.11360679389020122 0.375546496639452 0.13509044030043343 0.6292962786099686
0 0.21920166706250535 0.6164361743034684 0.1982383826211796 0.36544273384981185 0.18907310153880716 0.36563410776975097 0.2100363859801329 0.6166275482234076
0 0.20629029905754542 0.625345372899303 0.18537033853358023 0.36233119635991184 0.15000692401033652 0.36303439156934203 0.17092688453430172 0.6260485681087331
0 0.2589267633959513 0.6084711027840277 0.236869119577882 0.3479489300310433 0.20220234344762053 0.3486827134477499 0.2242599872656898 0.6092048862007343
0 0.29533207422787267 0.603106198838623 0.27302436656286017 0.3396341133405175 0.2380385810242889 0.3403746592267637 0.26034628868930143 0.6038467447248692
0 0.3593750000000001 0.3465186875 0.3266592070312501 0.3465186875 0.3266592070312501 0.516543875 0.3593750000000001 0.516543875
0 0.3445583857144141 0.584348929498008 0.3239581465223981 0.34104519615121975 0.28886609884407355 0.34178799668901577 0.3094663380360895 0.5850917300358041
0 0.29609600740307673 0.4686941476058493 0.2851775014942823 0.33973885579226604 0.2753942372302195 0.33994594040890375 0.28631274313901395 0.46890123222248703
0 0.19646761266556353 0.32830310060557255 0.1866203085937501 0.328211021484375 0.18608619592818668 0.34249104978505246 0.19593350000000012 0.34258312890625003
0 0.18052913281250008 0.328125 0.11161035546875009 0.328125 0.11161035546875009 0.362960916015625 0.1805291328125001 0.362960916015625
0 0.10207181214076291 0.3770551046548955 0.09794607506430089 0.32716535699763055 0.051428403279072485 0.3281270760491753 0.05555414035553449 0.37801682370644024
0 0.864639800310853 0.7871390106602891 0.7493748258729757 0.7852177044468056 0.7383120294683728 0.9511403637083915 0.8535770039062501 0.953061669921875
0 0.6739608865143571 0.711863897411641 0.3593750000000002 0.7037135546875001 0.3301382867263207 0.9858322850055532 0.6447241732406777 0.9939826277296941
0 0.834863344637259 0.3363411660028641 0.550887533888597 0.32013734703276886 0.46739335923170855 0.6859512021606639 0.7513691699803705 0.7021550211307591
0 0.5315043867187501 0.3281250000000001 0.3811583513607957 0.32561894204829356 0.35926912888089313 0.6539191929144528 0.5096151642388476 0.6564252508661593