0 0.12268821098421466 0.392227793185831 0.11990130002155881 0.36924596213175304 0.020774386547792692 0.3962925552735046 0.023561297510448522 0.41927438632758257
0 0.11280670638891355 0.36192353769286933 0.10801816448861405 0.3231565500806409 0.006140282737588455 0.3514707087226832 0.010928824637887963 0.3902376963349116
0 0.1017777888125309 0.3132334218054145 0.09761087985326267 0.2784234708983596 -0.00044976466863882086 0.3048346543966395 0.0037171442906294198 0.3396446053036944
0 0.371280466872584 0.2648855812565695 0.3691825883882431 0.2508798997164028 0.3447866598990683 0.2591018709219032 0.3468845383834092 0.27310755246206986
0 0.33805984263927974 0.29541483380070155 0.3196083215238697 0.23321924136503433 0.31436726379882685 0.2367176781169097 0.33281878491423683 0.29891327055257694
0 0.36461495692898443 0.22502669145224746 0.36286208530542446 0.21191750830427591 0.34202932139319747 0.21818514608553347 0.34378219301675744 0.231294329233505
0 0.3596622569058287 0.20973357949817711 0.3575721442018737 0.1941034150337111 0.3163856457168494 0.2064954761536708 0.31847575842080433 0.22212564061813683
0 0.541731774869633 0.24096747497359602 0.5320901533352387 0.16886862744630712 0.49230099894887025 0.18084069020568663 0.5019426204832645 0.2529395377329755
0 0.5020742442734253 0.26443798399361573 0.48515190234461536 0.13788664382064167 0.3653352808642418 0.17393565071394854 0.38225762279305164 0.30048699088692266
0 0.5344164226251529 0.15400777850286726 0.5293597158392368 0.11619435068575404 0.4806315228930067 0.13085605807020112 0.48568822967892283 0.16866948588731434
0 0.4431701916264083 0.11716981897373283 0.4381858105963263 0.07878426714228767 0.343089626825633 0.10656790138904018 0.348074007855715 0.14495345322048533
0 0.5281046867462416 0.09192174798102487 0.5258929398735541 0.050483700879352826 0.5133216372576535 0.05199342968367447 0.5155333841303409 0.09343147678534652
0 0.3071709027387994 0.051183765089996544 0.30364681183667647 0.02211984786244646 0.26322560338220985 0.03314754336084906 0.26674969428433276 0.062211460588399145
0 0.4226505924479167 6.735212329547788e-17 0.310645171875 5.706459231109472e-17 0.310645171875 0.04036758984375006 0.4226505924479167 0.04036758984375007
0 0.2739655695948745 0.0015775164707695216 0.27328577614560096 -0.004529251168275149 0.25297320394655975 0.0005583495484553433 0.2536529973958333 0.006665117187500014
0 0.9541135013020834 0.5164816113281249 0.9536159174273481 0.49787805718056793 0.8995957064395442 0.5011289987903963 0.9000932903142794 0.5197325529379533
0 0.7672291336261524 0.9368450687831661 0.7612088151848523 0.5304678920202387 0.7363688786997847 0.5312958783259886 0.742389197141085 0.937673055088916
0 0.709942046934629 0.941920299275922 0.705054465708565 0.5282357565767699 0.6465050593551761 0.5297921869891838 0.6513926405812401 0.943476729688336