0 0.5390625000472226 0.2694056406232852 0.5389034749475423 0.2650265473413831 0.5123609400920985 0.2659904293551772 0.5125199651917788 0.27036952263707925
0 0.5411860256033661 0.26275108126191254 0.5390391870468084 0.2036334713482273 0.506342836032235 0.20482082968560456 0.5084896745887927 0.2639384395992898
0 0.3029067191763934 0.36660603796332175 0.24494619744937288 0.316959808607176 0.15284098763988577 0.42448994903411874 0.21080150936690625 0.4741361783902645
0 0.09427332106880648 0.6510901321427656 0.036510144225633034 0.6046990694554157 -0.056386250214384 0.7203677036554065 0.001376926628789447 0.7667587663427562
0 0.5579775894854966 0.7081963718347587 0.5576732421875 0.7054102265625 0.5539022295249202 0.7058221568110747 0.5542065768229167 0.7086083020833335
0 0.5593969573708248 0.6995824318361062 0.5590926106770833 0.6967962864583334 0.5499330764833418 0.6977968350909772 0.5502374231770834 0.7005829804687501
0 0.56205692578125 0.682374796875 0.561752578295891 0.6795886505887726 0.5527718439208908 0.6805696701200228 0.5530761914062499 0.68335581640625
0 0.5608163282501595 0.6909684874925238 0.5599032845174995 0.6826100488028105 0.54391665741157 0.6843563665335854 0.5448297011442301 0.6927148052232988
0 0.5636550037115636 0.6737413340641601 0.5627418839337522 0.6653821819703568 0.5395707464456657 0.6679133027918623 0.540483866223477 0.6762724548856659
0 0.5670524030835051 0.580324527102407 0.5655305874758507 0.5663930846291328 0.5549324857243775 0.5675507792962745 0.5564543013320319 0.5814822217695488
0 0.5712727373499022 0.5939611942882468 0.5700552733845246 0.5828158982408341 0.5610744945231112 0.5837969197048027 0.5622919584884889 0.5949422157522154
0 0.5538174322916668 0.5789501484375 0.5516074201092028 0.564540253027962 0.5368524878175361 0.5668031827154619 0.5390625000000001 0.581213078125
0 0.5541595817462456 0.5422585215799313 0.5538552343750001 0.5394723736979167 0.5446956995037545 0.5404729237325688 0.5450000468750001 0.5432590716145834