0 0.07562341282045253 0.06463586071790965 0.045826279324906315 0.036616589676275374 -0.013805518449451 0.1493552916279385 0.01599161504609521 0.17737456266957277
0 0.5200549250244404 0.013481796973891189 0.03604518015482728 -0.005846067711336326 0.03351351048641648 0.10686193164677438 0.5175232553560296 0.1261897963320019
0 0.8098870822621286 0.27166482777034634 0.6298828124999999 0.12447062630208346 0.5927745454659197 0.20514586357188744 0.7727788152280484 0.3523400650401503
0 0.27282008691406245 0.56123111328125 0.26371644108570647 0.5318331459383064 0.21152020117187498 0.5605683802083333 0.22062384700023097 0.5899663475512769
0 0.20592982617187502 0.7504500130208333 0.1550699154399328 0.6966787897163232 0.13223956073303333 0.7350685861253986 0.18309947146497557 0.7888398094299088
0 0.3420713805956702 0.7482202607923955 0.30186470779582114 0.6388924317760512 0.237206241789881 0.681166133781906 0.27741291458973005 0.7904939627982502
0 0.6017772294921875 0.6977680794270834 0.5973266376221947 0.6549543666959527 0.5620513454926446 0.661473396577776 0.5665019373626373 0.7042871093089067
0 0.6123555872848717 0.8853781780043021 0.6050706521178442 0.8498540706948433 0.5712584257812501 0.8621809674479167 0.5785433609482775 0.8977050747573755
0 0.7977091127445347 0.8820902534379979 0.7362081236121352 0.869533237425529 0.723289150516038 0.9820199227896147 0.7847901396484376 0.9945769388020835
0 0.7704068763365475 0.8884930393760122 0.6328715203193532 0.7186389138374922 0.5670481333595715 0.8133925652081726 0.7045834893767657 0.9832466907466926
0 0.9886243559026271 0.9607944973598531 0.8616929634287452 0.6681129291092098 0.8170894404888985 0.702501989227935 0.9440208329627804 0.9951835574785783
0 0.8571045892683447 0.6070879277191974 0.7469751619312002 0.5846021701498488 0.7156680969228855 0.8571957889990912 0.82579752426003 0.8796815465684399
0 0.7438995550631545 0.5604004140474107 0.6509331738281251 0.5414189231770834 0.6238707379055957 0.7770540130359228 0.7168371191406251 0.79603550390625
0 1 0.5220441419270835 0.92510349609375 0.5220441419270835 0.92510349609375 0.6781606406250003 1 0.6781606406250003
0 0.9681705754497213 0.519870884986616 0.8569116514019682 0.49556939088896357 0.846767109233773 0.578137398495047 0.958026033281526 0.6024388925926994
0 0.8525050613879943 0.4946068898905553 0.8353229433593751 0.4908539244791668 0.8345983282604433 0.49675168302611167 0.8517804462890626 0.5005046484375001
0 1.0190826100039734 0.7492884379456862 0.8858817776384588 0.4245780154655523 0.7967442255859374 0.4895833333333335 0.9299450579514519 0.8142937558134674
0 0.8808173536656866 0.7002701348387652 0.7736563163425013 0.45169590583706337 0.7213053129048134 0.4918179721658397 0.8284663502279986 0.7403922011675416
0 0.74084711203835 0.49775990867876957 0.6578925954696657 0.4808225989888126 0.6514792793297532 0.5366639259871264 0.7344337958984375 0.5536012356770834