0 0.5806453374023437 0.32545795446880277 0.45829767749705813 0.32004419438868914 0.45816548193359374 0.3289526838111299 0.5805131418388793 0.33436644389124354
0 0.569027720703125 0.28185709865092756 0.5273281424114167 0.28001193589325646 0.5270196826171875 0.30079866104553127 0.5687192609088958 0.30264382380320237
0 0.5049741679600624 0.2775367548770119 0.4738928228118872 0.27616143952569855 0.4734962256988543 0.3028876626926371 0.5045775708470295 0.30426297804395047
0 0.5883954832822478 0.27528504421166744 0.539186766149576 0.2731076105584831 0.5388562691854161 0.2953794000667822 0.5880649863180879 0.29755683371996655
0 0.43303315998946845 0.3222138560890583 0.4216665610362365 0.2538745684988351 0.4064163784009491 0.2614381181346067 0.417782977354181 0.32977740572482983
0 0.6001788899391046 0.24854999483557166 0.5995842021534344 0.1280480199251623 0.3939260357163819 0.131074454849736 0.3945207235020521 0.2515764297601454
0 0.6009313559341027 0.03811909152921438 0.5454475565998861 0.035663992392161815 0.5441255756657835 0.12475069344304875 0.5996093750000001 0.1272057925801013
0 0.5629920505664192 0.03644031668903237 0.42699171116173823 0.03042244167553854 0.4256697292190056 0.11950914299192571 0.5616700686236865 0.12552701800541952
0 0.7552737978515623 0.3281871239460372 0.6788214792789069 0.2700775988198468 0.6689988852539063 0.30861301517706596 0.7454512038265617 0.3667225403032564
0 0.3174192458043304 0.664115444621778 0.2718780146440014 0.6512705678704058 0.2589171734140764 0.7882951678029396 0.3044584045744054 0.8011400445543118
0 0.5487010468750001 0.6895011053962903 0.4770751132018338 0.6843174191737578 0.4748967524414063 0.7740710286677911 0.5465226861145726 0.7792547148903236
0 0.5376805454101564 0.8004851028667793 0.5069401005642817 0.791142858097365 0.49567422883215595 0.9016815281270552 0.5264146736780306 0.9110237728964693
0 0.7559048516968138 0.4293502089027935 0.737259126953125 0.4253509586846544 0.7286127925223493 0.5455561565416066 0.7472585172660381 0.5495554067597458
0 0.7791989898931956 0.4343048840816531 0.7605532651367188 0.4303056340640811 0.7519127946105483 0.550429315410414 0.770558519367025 0.5544285654279859
0 0.6860996662353175 0.43061912933390745 0.648348978526157 0.42272583353891346 0.6412226376632443 0.5243562271673446 0.6789733253724047 0.5322495229623386
0 0.7318529213867189 0.4235500118043846 0.7131326309379962 0.4195399087390201 0.6984777480796719 0.6235397952084862 0.7171980385283946 0.6275498982738509