0 0.3707965028820561 0.32889662113039664 0.3672523134884489 0.3196675009056132 0.2859805296478851 0.3335386963908085 0.28952471904149235 0.342767816615592
0 0.3664419381412062 0.3113769029696973 0.36391030078125 0.30478448177083334 0.35219443490566876 0.30678410614488605 0.35472607226562497 0.31337652734375
0 0.34132397316479546 0.3156639524726808 0.3382860608576133 0.307753183366198 0.2802243175962219 0.317662964833067 0.283262229903404 0.3255737339395498
0 0.34274973708034684 0.30303286023864706 0.33941851238458093 0.2938867618105505 0.27740346021955276 0.3039255814549396 0.28073468491531867 0.31307167988303614
0 1.0010774510846554 0.19015208120765095 0.9999837189397383 0.1631969285075152 0.9476118730468751 0.16414139062500002 0.9487056051917923 0.1910965433251358
0 0.5455869444835045 0.5169676677752932 0.4845582191990684 0.333917557898368 0.3825199523360556 0.34903731660164755 0.44354867762049177 0.5320874264785728
0 0.8270266014873919 0.7329828497457926 0.8049481714333391 0.5563701994463658 0.6879538544950388 0.5628704280259774 0.7100322845490916 0.7394830783254044
0 0.6738919239087103 0.5805193029475375 0.6591148339843751 0.5173984622395835 0.6281494295728297 0.5206203497979076 0.642926519497165 0.5837411905058616
0 0.5896889262868992 0.4315584041328011 0.580132078125 0.3968551796875 0.5514939584787258 0.40036033154428213 0.561050806640625 0.43506355598958324
0 0.6405772706888665 0.8868271760167641 0.5747744375000001 0.7298633268229167 0.47965332892050866 0.7475864125249027 0.545456162109375 0.9045502617187499
0 0.9508851748140372 0.37290491290680877 0.9460889794464868 0.34735845171333485 0.9265440741636998 0.3489893135461095 0.9313402695312502 0.37453577473958344
0 1.0000572338396498 0.8913202610687305 0.9950089511718748 0.8500928984374999 0.96597957866035 0.8516727389312694 0.9710278613281249 0.8929001015625001