0 0.523901271875 0.3151253268518519 0.5222777021200717 0.25511994973646374 0.4320964359314886 0.26283168403708146 0.43372000568641694 0.3228370611524696
0 0.4480753291666667 0.3216094842592593 0.44645175936380516 0.2616041071430867 0.35627049322916676 0.26931584166666667 0.3578940630320283 0.32932121878283926
0 0.3107999598958333 0.2711017129629631 0.04204627031250001 0.27110171296296304 0.042046270312500016 0.32962962962962966 0.3107999598958333 0.3296296296296297
0 0.680972334699487 0.30169359846254346 0.678995820378096 0.2286437762595427 0.5512282813724957 0.23956965253858636 0.5532047956938868 0.3126194747415871
0 0.6798639722286194 0.22072449531468255 0.6796874999972908 0.2142022739739478 0.6681961218749998 0.2151849444444444 0.6683725941063284 0.22170716578517913
0 0.6800051518199163 0.207637796597077 0.6796874999598478 0.1958977299975065 0.6617416072916666 0.19743234999999998 0.6620592591517351 0.2091724165995705
0 0.6800051532417432 0.1893329185755633 0.6796874997436149 0.17759284422802846 0.6552869734375 0.17967943333333333 0.6556046269356284 0.1914195076808682
0 0.6800450533623269 0.17102496545064497 0.6796215204773632 0.15537143281455745 0.6474493047261632 0.15812256015178938 0.6478728376111269 0.17377609278787692
0 0.15448483645833333 0.2630368222222223 0.15254361502080213 0.1912913780039039 0.008851318202969359 0.20357903792066478 0.01079253964050053 0.2753244821389832
0 0.676520334375 0.1490989777777778 0.6764144564598731 0.1451858449203102 0.6437609791666667 0.14797816481481482 0.6438668570817937 0.1518912976722824
0 0.6645012130208332 0.2272681388888889 0.6623129340521736 0.14639171770087717 0.5130259718340408 0.1591577984861896 0.5152142508027004 0.24003421967420135
0 0.3009076682291666 0.25051566296296296 0.29893115416566396 0.1774658417663141 0.14216555681127746 0.19087144803337336 0.14414207087478012 0.26392126923002224
0 0.3415715468105918 0.1633596685560823 0.34030093051619764 0.11639906935211461 0.2260417734124354 0.12616979351808524 0.22731238970682954 0.1731303927220529
0 0.21560514073304246 0.172824127038705 0.2143698169360457 0.1271679048310876 0.1005364890625 0.13690221574074074 0.10177181285949673 0.18255843794835813
0 0.04115610833333334 0.1812042638888889 0.038720763802849584 0.09119653245671007 -0.002287159579649294 0.09470327044434412 0.00014818495083446053 0.18471100187652295
0 0.8350697786458333 0.12863852777777793 0.7321595690460939 0.12506481792666524 0.7318224916120327 0.15574258877785607 0.8347327012117721 0.1593162986289688
0 0.24222058333333332 1 0.23863958177083333 0.9024758157407408 0.22889159922731703 0.9036070742875667 0.23247260078981702 1.001131258546826
0 0.2551961411458333 1.0000000000000002 0.25176996124791123 0.9018229611486358 0.24099068020833334 0.9030118601851852 0.24441686010625538 1.0011888990365496
0 0.26799447656250003 1 0.26430081875 0.901420362037037 0.254140411869384 0.9026235555634277 0.257834069681884 1.0012031935263905
0 0.27933014635416675 1 0.2760361703125001 0.899701076851852 0.26611503295972483 0.9007308476555848 0.2694090090013915 1.001029770803733
0 0.2913679406250001 1 0.2875115083333334 0.897973037037037 0.2774674850972539 0.8991729048594067 0.2813239173889206 1.0011998678223697
0 0.30162068593749997 1 0.2981993907776037 0.8963414065853644 0.2905350161458333 0.8971409037037037 0.2939563113057295 1.0007994971183394
0 0.31417608072916664 1 0.31029506424571696 0.895290430590683 0.29973423272287153 0.8965275515774181 0.3036152492063213 1.0012371209867352
0 0.3260735260416666 1 0.3222919900391727 0.8947721616418387 0.31180705511031925 0.8959630149746194 0.3155885911128132 1.0011908533327807
0 0.21846825993541252 0.552271246758293 0.19562866093749998 0.45593447407407395 0.1822808503133681 0.4659358871362122 0.20512044931128065 0.5622726598204313
0 0.23516683385416667 0.5400445120370371 0.21214810104166665 0.4444087648148149 0.19851464068918723 0.45477980226246967 0.22153337350168725 0.5504155494846918