0 0.5096153846153846 0.35766063221153843 0.4104706105769231 0.35766063221153843 0.4104706105769231 0.47836538461538464 0.5096153846153846 0.47836538461538464
0 0.40786953605769233 0.24346827163461546 0.20420318269230775 0.24346827163461543 0.20420318269230778 0.47836538461538464 0.40786953605769233 0.47836538461538464
0 0.5096153846153846 0.17192157692307697 0.41221531971153846 0.17192157692307697 0.41221531971153846 0.35479582211538463 0.5096153846153846 0.35479582211538463
0 0.5096153846153846 0.0039719447115385215 0.4140013629807692 0.003971944711538515 0.4140013629807692 0.16736663701923085 0.5096153846153846 0.16736663701923085
0 0.4140313125579953 0.2527891340689345 0.4097101599428764 0.00523053843903835 0.19820391452939715 0.008922394757567481 0.20252506714451604 0.25648099038746364
0 0.7457358797980012 0.10546886986308476 0.729994160757397 0.0680215215118365 0.6732071124209335 0.09189305846748369 0.6889488314615376 0.12934040681873193
0 0.6851523291491665 0.16382396175616 0.6332593616543571 0.03246563634760273 0.5743836744388324 0.055724414300254314 0.6262766419336417 0.1870827397088116
0 0.7286103093192006 0.06472980837685706 0.7135603080392011 0.028928849000118682 0.657595780768883 0.052455207559105016 0.6726457820488825 0.0882561669358434
0 0.8091754721654962 0.05584121752423141 0.7941862898623671 0.017898629111873794 0.7376649925173328 0.04022731213968114 0.7526541748204618 0.07816990055203875
0 0.7926167710584373 0.014584553220273402 0.7780438695085388 -0.021749997553169847 0.7220488702319637 0.0007082300669330594 0.7366217717818623 0.03704278084037631
0 0.7127532049626836 0.025127633692144845 0.6952584962670407 -0.018092135579908613 0.6391064292163866 0.004637371593666489 0.6566011379120293 0.047857140865719947
0 0.6239495769230768 7.227860197931058e-17 0.5564495721153846 6.814541873780201e-17 0.5564495721153846 0.0473635552884616 0.6239495769230768 0.0473635552884616
0 0.4555968894230769 0.8019109615384615 0.4553360813973541 0.7616022496248114 0.35689029083082563 0.7622392199237725 0.3571510988565484 0.8025479318374227
0 0.9839769172002519 0.867378067114204 0.8463505599251548 0.8659583192388524 0.8456448169115949 0.9343710577362117 0.983271174186692 0.9357908056115634
0 0.8396351302472369 0.895726204374204 0.839131705138312 0.8668850601789038 0.77664152993173 0.8679758325507307 0.7771449550406548 0.896816976746031
0 0.9850630348411318 0.8621929481262064 0.9842866002240606 0.7399269361013341 0.8447951667232003 0.7408127585466832 0.8455716013402715 0.8630787705715554
0 0.8401279594763101 0.7424535899264316 0.7792122497417572 0.7418704644921361 0.778080185406015 0.8601306164613897 0.8389958951405679 0.8607137418956851
0 0.9535718419494139 0.5018706704053854 0.7776679224798783 0.49944435919784796 0.7768446486256 0.559130477497296 0.9527485680951356 0.5615567887048335
0 0.7786919158653846 0.47836538461538475 0.5620008197115385 0.47836538461538475 0.5620008197115385 0.6426357475961539 0.7786919158653846 0.6426357475961539