0 0.2421880000000001 0.988281 0.1562500000000001 0.988281 0.1562500000000001 0.996094 0.2421880000000001 0.996094
0 0.4062500000000001 0.984375 0.3359380000000001 0.984375 0.3359380000000001 0.996094 0.4062500000000001 0.996094
0 0.6445310000000002 0.980469 0.5546880000000002 0.980469 0.5546880000000002 0.996094 0.6445310000000002 0.996094
0 0.5468750000000002 0.980469 0.4179690000000001 0.980469 0.4179690000000001 0.996094 0.5468750000000002 0.996094
0 0.0039062500000001206 0.980469 1.2007282225132063e-16 0.980469 1.210295775631545e-16 0.996094 0.003906250000000121 0.996094
0 0.1445310000000001 0.976562 0.015625000000000118 0.976562 0.01562500000000012 0.996094 0.1445310000000001 0.996094
0 0.6471304875783775 0.9102643050504655 0.3496326503545983 0.897869355160374 0.3468910128307051 0.9636728671585786 0.6443888500544843 0.9760678170486701
0 0.2812500000000001 0.820312 1.0165523657426367e-16 0.820312 1.1194037148456274e-16 0.988281 0.2812500000000001 0.988281
0 0.4136586617579848 0.7704741756149842 0.30144412569569135 0.7468501423354555 0.28818156934182226 0.8098474972172351 0.4003961054041158 0.8334715304967638
0 0.2734380000000001 0.726562 0.15234400000000012 0.726562 0.15234400000000012 0.8125 0.2734380000000001 0.8125
0 0.1445310000000001 0.695312 0.015625000000000083 0.695312 0.01562500000000009 0.8125 0.1445310000000001 0.8125
0 0.01171880000000009 0.691406 8.467281448112748e-17 0.691406 9.137010166396457e-17 0.800781 0.011718800000000097 0.800781