0 0.4211330025648446 0.36945434209478245 0.3674728524490507 0.3557182458706339 0.36477072743414174 0.3744842354133941 0.41843087754993563 0.3882203316375426
0 0.42171571068967634 0.3257576922086387 0.38163316085058224 0.3222916129087053 0.3798281369777242 0.35940044361214674 0.4199106868168183 0.36286652291208005
0 0.419921875 0.2542480950520834 0.37797465234375 0.2542480950520834 0.37797465234375 0.3007710247395834 0.419921875 0.3007710247395834
0 0.6546457011902415 0.22644706014810745 0.6537529316406251 0.21873000911458332 0.6229764531066337 0.22505972761230927 0.6238692226562501 0.23277677864583338
0 0.6454034166538186 0.20727927635611856 0.6445106044921876 0.19956223697916667 0.6137358948696189 0.2058919033313814 0.6146287070312499 0.21360894270833333
0 0.6500759343819255 0.21751198037617678 0.6491833349609374 0.20979488281250003 0.6184069328055745 0.21612334123840662 0.6192995322265625 0.22384043880208337
0 0.6510553728476483 0.1797717257423573 0.6502110868261449 0.17337165558354437 0.6042385069472468 0.18415320588285378 0.6050827929687501 0.1905532760416667
0 0.6372434203457225 0.15166884388109267 0.6363990693359375 0.1452675416666667 0.5904264243808399 0.15604786184807404 0.5912707753906249 0.16244916406250004
0 0.6325725301966085 0.14143611679044413 0.631728244003317 0.13503604583414308 0.5857556640020211 0.14581759701244895 0.5865999501953126 0.15221766796875
0 0.6280010941565379 0.13250107175143264 0.6271567431640626 0.12609976953125002 0.581184097249712 0.13688008970690077 0.5820284482421874 0.14328139192708336
0 0.6463845478256369 0.16954023137319127 0.6455401034546198 0.16313896044243825 0.5995675224258578 0.17392051031924707 0.6004119667968749 0.18032178125000006
0 0.6417462691684637 0.16194790942350348 0.6410699873046874 0.1555002526041667 0.6237235238002863 0.15873480542024657 0.6243998056640625 0.16518246223958336
0 0.6259382392578127 0.41981568098958344 0.6251241705730921 0.39358452245850883 0.5454353183593751 0.3979811393229166 0.5462493870440956 0.4242122978539912