0 0.06060844659623954 0.45992235920418995 0.02306028767595747 0.4308239327925835 0.013531186590844032 0.4431201372969121 0.051079345511126105 0.4722185637085186
0 0.10529870637440915 0.45196470737797334 0.04496621400005626 0.4021048829104594 0.019471249865333478 0.43295486575074715 0.07980374223968638 0.48281469021826107
0 0.036735288560569256 0.3953106220961651 0.030564487739554818 0.390212028449056 0.014136075306850349 0.41009524879260645 0.020306876127864786 0.4151938424397155
0 0.173936652900208 0.1870646875530433 0.12101583005006027 0.14724050051886992 0.09345448928889333 0.18386570094499946 0.14637531213904106 0.22368988797917289
0 0.23345847218608354 0.1655943614898863 0.21905974968887323 0.15369872872079746 0.20433154926476962 0.17152605030229637 0.21873027176197993 0.18342168307138518
0 1.0105137545265024 0.37749232667086724 0.6928904424737802 0.2870478324251884 0.6823642200638557 0.3240138595242184 0.9999875321165778 0.4144583537698973
0 0.42834542553055216 0.5503035707641822 0.3318810681440965 0.516066172690724 0.3217266660510444 0.5446763454161251 0.4181910234375 0.5789137434895834
0 0.41026865755208336 0.5983591497395834 0.31194778515625005 0.5628138151041667 0.30194745263858325 0.5904754316698956 0.40026832503441656 0.6260207663053122
0 0.3951624544270835 0.6473467513020835 0.30188283984375014 0.6131243059895835 0.29186175819618826 0.6404386204769604 0.3851413727795216 0.6746610657894605
0 0.37764322159538083 0.6990806874136662 0.2867036158854167 0.6654438997395834 0.27681240361459 0.6921855420336723 0.3677520093245541 0.7258223297077553
0 0.36345583254997554 0.7463241202003476 0.2740083020833334 0.7103617122395832 0.2629776248742199 0.7377977737181792 0.352425155340862 0.7737601816789436
0 0.3493560720500763 0.7850737126090305 0.25600294010416663 0.7572046770833333 0.2471923732624238 0.7867175035368029 0.34054550520833343 0.8145865390625001
0 0.5091145833333335 0.834847421875 0.48958969140625014 0.834847421875 0.48958969140625014 0.8717124921875 0.5091145833333335 0.8717124921875
0 1.0009998408966756 0.7356301851889367 0.9998491435742157 0.7306315934472495 0.8062636789796236 0.7751958001853961 0.8074143763020835 0.7801943919270834
0 1.0013412428971187 0.6752793871241632 1 0.6695660976562502 0.7931893889087874 0.7181166331634502 0.7945306318059061 0.7238299226313635