0 0.2762893186428115 0.32042199573901925 0.27302272146615725 0.2725693548686453 0.029979942147867658 0.2891603484332 0.03324653932452189 0.33701298930357393
0 0.2991913359375001 0.2711391523437501 0.29266495796156045 0.2700830064195551 0.29097536396550405 0.28052373131516767 0.2975017419414437 0.2815798772393626
0 0.566234964984279 0.23430813249204413 0.5591061130630102 0.20505150988165355 0.2966189855275586 0.26901076752935227 0.3037478374488275 0.2982673901397429
0 0.19587023014623933 0.9472005966181047 0.15905406549371243 0.9085583837003048 0.09051452239120056 0.9738590720806203 0.12733068704372746 1.01250128499842
0 0.14990056633490673 0.8959320761921992 0.09188028562201467 0.8421700489917839 -0.012353593681240727 0.9546598350339643 0.04566668703165133 1.0084218622343797
0 0.07449989663655116 0.8112108959081585 0.026916664074162988 0.7658755822124366 -0.04597646316632431 0.8423830626495061 0.0016067693960638563 0.8877183763452281
0 0.43404120843102134 0.7037142488089375 0.3853352576788719 0.6585813161602896 0.1753455015315673 0.8851952346704771 0.22405145228371676 0.930328167319125
0 0.3912007494990052 0.6396222520434389 0.2587991711381281 0.5153657821160305 0.04153536122880236 0.7468714040727594 0.17393693958967937 0.8711278740001679
0 0.6338174010768833 0.4609200929494804 0.5571638412030675 0.39023187010478294 0.3988672712974392 0.5618869932748651 0.4755208311712551 0.6325752161195626
0 0.536891560546875 0.3968850449218751 0.4600843052267425 0.3259509598297286 0.3235528546645493 0.47378688340491626 0.40036010998468197 0.5447209684970628
0 1.0620733645349654 0.8331471358448942 0.9869102979116189 0.7823256179494396 0.8397297343749999 1 0.9148928009983464 1.0508215178954545