0 0.611780178727339 0.3582089571447181 0.45601552918612676 0.27199509091922247 0.3716978853878659 0.424333790149172 0.5274625349290782 0.5105476563746676
0 0.4383261089502523 0.26333901937640897 0.2083195503196888 0.14627442186706757 0.10731109721610119 0.34473413714605244 0.33731765584666473 0.4617987346553939
0 0.5479409174948768 0.031102263869834196 0.35991324057715723 -0.05806263484999705 0.25824221821874316 0.15633749814370881 0.4462698951364627 0.24550239686354006
0 1.036627120010979 0.24587559992879576 0.8608578499978463 0.036398731937494766 0.43412250456138546 0.39446671756005774 0.609891774574518 0.6039435855513587
0 0.81907161328125 8.316172973213559e-17 0.5390625 6.601611651653701e-17 0.5390625 0.24468805859375006 0.81907161328125 0.2446880585937501
0 0.5390625 0.51953125 6.711123610724649e-17 0.51953125 7.732771473474605e-17 0.6863790078125 0.5390625 0.6863790078125
0 0.6459562343750002 0.7677733320312502 0.5390625000000001 0.7584213437500003 0.5332748368171163 0.8245746485144566 0.6401685711921163 0.8339266367957066
0 0.7708210879518741 0.7747756657141003 0.6540790237073101 0.7645620602131677 0.6414822318011268 0.9085440741897962 0.7582242960456909 0.9187576796907287
0 0.7786514218883389 0.6852745447694127 0.6619093560410324 0.6750609396568226 0.6551003150224559 0.7528886514378279 0.7718423808697624 0.7631022565504181
0 0.6582125081505296 0.6276834514327386 0.5390625002662428 0.617259176644332 0.5281680325935225 0.7417835138714551 0.6473180404778093 0.7522077886598617
0 1 0.5195312500000001 0.8335188984374999 0.51953125 0.8335188984374999 0.6105319296875001 1 0.6105319296875003