0 0.10692016562500006 0.5875 0.05584606215104053 0.5794106561947302 0.05486840936665188 0.5855833125527085 0.10594251284061143 0.5936726563579782
0 0.04658628437500008 0.577944053125 7.771561172376095e-17 0.570565509375 -0.0009776531465403916 0.5767381674289485 0.04560863122845961 0.5841167111789484
0 0.15705915312500007 0.5796216687500001 0.052116871596865885 0.5630004455060703 0.0511392184718659 0.5691731048810702 0.15608150000000007 0.585794328125
0 0.04285709687500008 0.561533840625 7.771561172376095e-17 0.55474594375 -0.0009776529402365174 0.5609186018709806 0.041879443934763484 0.5677064987459807
0 0.1533300875000001 0.56321066875 0.048388596725484824 0.5465895687263191 0.04741081875000005 0.5527630156250001 0.15235230952451534 0.569384115648681
0 0.14960168750000008 0.546800584375 0.044659406087704454 0.5301793593492949 0.04368162812500008 0.5363528062500001 0.14862390953729573 0.5529740312757052
0 0.035400422020143395 0.5287128797778318 5.551115123125783e-17 0.523106003125 -0.0009777782701432924 0.5292794514721681 0.03442264375000005 0.534886328125
0 0.14587249687500004 0.530390371875 0.03784467768161394 0.5132804468047746 0.03686702500000007 0.5194531031250001 0.14489484419338616 0.5365630281952256
0 0.19770129687500004 0.5227788718750002 0.14523055312500008 0.5144683218750001 0.14425277485289542 0.5206417704626293 0.1967235186028954 0.5289523204626293
0 0.14214422454986791 0.513979498666623 0.03411561250000006 0.496869446875 0.033137834825132204 0.5030428919583769 0.14116644687500007 0.52015294375
0 0.24644364375000008 0.5146793375 0.1415021529754848 0.4980582374763191 0.14052437500000003 0.5042316843750001 0.24546586577451532 0.520852784398681
0 0.13532870625000007 0.49708045937500006 0.030386424837704384 0.480459234349295 0.029408646875000034 0.48663268125000003 0.13435092828729572 0.5032539062757051
0 0.24271524377703985 0.4982692500042827 0.026658023247837514 0.4640491497224848 0.025680370095797732 0.4702218090932021 0.2417375906250001 0.504441909375
0 0.12722904364192905 0.44833890447584873 0.019200433995452293 0.4312288530648855 0.018222780978523277 0.4374015110890369 0.12625139062500007 0.45451156250000013
0 0.23525686250000008 0.4654488312500001 0.12722904359560533 0.44833890485103123 0.12625139062500007 0.45451156250000013 0.2342792095293948 0.471621488898969
0 0.23152858750000002 0.44903795312500006 0.1265870965461476 0.43241685619791487 0.12560931875000003 0.43859030312499997 0.2305508097038525 0.45521140005208516
0 0.12041365000000007 0.43143907812500004 0.015471368587704416 0.41481785309929486 0.014493590625000052 0.4209913000000001 0.1194358720372957 0.43761252502570525
0 0.22780018750000006 0.43262786875000014 0.011742968598549309 0.3984077656010126 0.010765190625000054 0.4045812125 0.22682240952645083 0.4388013156489875
0 0.11604238996938257 0.399107608015627 0.008014568750000051 0.38199768125000005 0.007036915721304282 0.38817033926573796 0.1150647369406868 0.4052802660313649
0 0.22407100000000008 0.41621765625 0.11604239006720926 0.39910760664675266 0.11506473694220927 0.4052802660217526 0.2230933468750001 0.42239031562499996
0 0.22034193468754149 0.3998066542766908 0.004285503329704854 0.36558667995754457 0.0033077251577635193 0.37176012884792076 0.21936415651560015 0.405980103167067
0 0.10858492500000008 0.36628651875000007 0.0005563154254719204 0.3491764687183979 -0.0004214626662949361 0.35534991692754486 0.10760714690823321 0.372459966959147
0 0.2166135343750001 0.383396571875 0.10858492500000008 0.36628651875 0.1076071467100352 0.3724599670829941 0.2156357560850352 0.3895700202079941
0 0.21288513596381248 0.36698648623833496 4.4408920985006264e-17 0.333268790625 -0.0009776531307053582 0.3394414491020922 0.21190748283310706 0.37315914471542716
0 0.10112733437500006 0.333466225 4.4408920985006264e-17 0.317449225 -0.000977653698946157 0.32362188607987064 0.10014968067605383 0.33963888607987064
0 0.20915594347681626 0.35057627310779194 0.10112733437500003 0.33346622499999995 0.10014968152318379 0.339638883142208 0.20817829062499998 0.35674893125
0 0.20234042500000005 0.3336772375 2.588944059134235e-10 0.3016296608654053 -0.0009776525654776659 0.30780231753733744 0.20136277217562798 0.33984989417193207
0 0.19861215000000004 0.3172663625000001 0.09675698750000003 0.3011340875000001 0.09577920896040545 0.3073075374343347 0.19763437146040547 0.32343981243433473
0 0.09058354081546774 0.30015630940516713 3.3306690738754695e-17 0.2858092875 -0.0009777783154676478 0.2919827374698329 0.08960576250000005 0.306329759375
0 0.1948829625 0.30085615 0.08994146875000004 0.28423505312499997 0.0889636909822567 0.29040850005658386 0.19390518473225668 0.3070295969315839
0 0.08376802187500003 0.28325727500000003 0.031297276301043814 0.274946725327045 0.030319498367848852 0.2811201722324239 0.08279024394180506 0.28943072190537894
0 0.19115456250000004 0.2844460656250001 0.08621228087045225 0.2678248405648856 0.08523462812500003 0.273997496875 0.19017690975454782 0.2906187219351145
0 0.18742549677159318 0.2680350637332727 0.13495474960683584 0.25972451556272896 0.1339769715852427 0.26589796432945634 0.18644771875000002 0.27420851250000006
0 0.4141253500000002 0.8208837656250001 1.0052926760446825e-16 0.8208837656250001 1.1149697375960178e-16 1 0.4141253500000002 1
0 0.5551854422307214 0.6746835363449419 0.00011575752175443376 0.5867691357652534 -0.03263773965916433 0.7935665800229688 0.5224319450498027 0.8814809806026573
0 0.7773360258368152 0.9636946515527027 0.6549901968750002 0.9340159968750001 0.6424374305011771 0.9857629046930013 0.7647832594629922 1.015441559370704