0 0.45110344543134573 0.4341069262617167 0.4063320180870049 0.17712459610506315 0.3015917147612487 0.19537243780497585 0.3463631421055895 0.4523547679616294
0 0.3815646335462016 0.20014379911668745 0.1920629467455547 0.15250660141430816 0.14098560837523536 0.3556932338215183 0.33048729517588227 0.4033304315238976
0 0.4106508016670987 0.12067558775256985 0.39679198828125 0.04112775585937499 0.3779043417523549 0.044418359290192375 0.3917631551382036 0.12396619118338724
0 0.42477747029568663 0.21090519278592373 0.36787923469480377 0.051444275191153174 0.19831780308018288 0.1119465376285799 0.25521603868106574 0.2714074552233504
0 0.18842330184473363 0.1723481435205171 0.07975118679297548 0.14162625108742438 0.031239405799674047 0.31322628702111693 0.13991152085143221 0.3439481794542097
0 0.39642033563653956 0.038994522045151706 0.3883237973561188 -0.007478581193164441 0.34539768945312493 6.938893903907228e-18 0.35349422773354566 0.04647310323831615
0 0.35173238802024687 0.049609967318807596 0.3223270181446499 -0.03280047124292222 0.18125647192127808 0.017535768469520187 0.210661841796875 0.09994620703125001
0 0.21474802820717354 0.0008352046935123647 0.11612128438916781 -0.02080005396070753 0.08421004679464146 0.12467088796107963 0.18283679061264718 0.1463061466152995
0 0.11418123415128903 0.0887986026545893 0.09494795827262237 0.034896328369314195 0.0033390546875000024 0.067583990234375 0.022572330566166678 0.12148626451965011
0 0.89407428125 0.3976022539062501 0.7440233969280793 0.11401892630245308 0.293224912787874 0.3525474454780405 0.4432757971097948 0.6361307730818375
0 0.24884319405239377 0.8073842152050312 0.23912937575549373 0.7635410866437442 0.012138341641764833 0.8138328822514405 0.021852159938664878 0.8576760108127275
0 0.15605612109375003 0.8730405683593749 0.14574013324725146 0.8355814122233672 -0.009058257412763338 0.8782117990614526 0.0012577304337352269 0.9156709551974604
0 0.053126236328124965 0.9304230585937501 0.04544202328112243 0.9042906736534296 0.0004319139061224331 0.9175258709190546 0.008116126953124969 0.943658255859375
0 0.11092450920636102 0.9200381642875436 0.10383695373801985 0.891611533622854 0.054564123535592896 0.9038966306947221 0.06165167900393406 0.9323232613594118
0 0.6410113424003334 0.8364098462377865 0.6359701654958939 0.8058684477574062 0.51631800390625 0.825618287109375 0.5213591808106894 0.8561596855897553