0 0.47075191118022347 0.5224267329404773 0.4579226577711137 0.4730387650236869 0.3650908419267287 0.5272962413948443 0.3779200953358386 0.5766842093116347
0 0.35981317909905 0.5476920027481226 0.06110346235652472 0.11896443599533976 -0.008511192227398425 0.2280961890480591 0.29019852451512684 0.6568237558008418
0 0.4349287510917598 0.46104886914727733 0.137669363384491 0.08027916316302595 0.08231667309600979 0.17750785486339787 0.3795760608032786 0.5582775608476492
0 0.6553001221303741 0.07880488425631817 0.6511224478622387 0.0782723353700421 0.6488723567708334 0.11798762304687513 0.6530500310389689 0.11852017193315119
0 0.6614991272612992 0.07778217316846617 0.6575253922670751 0.07725765792188097 0.655289012401609 0.1153790609252899 0.6592627473958332 0.1159035761718751
0 0.6683110390625 0.07917091601562512 0.6640776425448999 0.07849589767077729 0.6613399667636498 0.1171270714989023 0.66557336328125 0.11780208984375012
0 0.6930307708333333 0.09792610546875015 0.6744028968051059 0.09524209007642657 0.6729237887321893 0.11833936351392657 0.6915516627604167 0.12102337890625015
0 0.6945360833333335 0.07133117773437514 0.6757296342361111 0.06870662558238524 0.6742189884027776 0.09306210995738522 0.6930254375000001 0.09568666210937513
0 0.5775705638020834 0.5220399121093752 0.5628429473923601 0.518900028705322 0.5600071341145835 0.5488281250000001 0.5747347505243068 0.5519680084040531
0 0.6096033528645833 0.5278588964843751 0.5807756495068159 0.5238482971709235 0.5792310846354167 0.5488281250000001 0.6080587879931841 0.5528387243134517
0 0.6301699700520834 0.5316674902343751 0.6149156406153492 0.5303791614651646 0.6142231354166667 0.5488281250000002 0.629477464853401 0.5501164537692107
0 0.6916199948876859 0.5211318927665922 0.6409034257812499 0.5099356015625001 0.6370923594132328 0.5487778812445656 0.6878089285196688 0.5599741724486578
0 0.6750813331026801 0.376248533491015 0.6538849207168005 0.37148295637054685 0.6406104479166667 0.5043283984375002 0.6618068603025464 0.5090939755579684
0 0.641144496252277 0.4028735849007886 0.6224143637241649 0.39917671449339986 0.6123523583573046 0.5138794264676114 0.6310824908854168 0.5175762968750002
0 0.6473207317708334 0.3553184277343751 0.632186791190561 0.3527047728245322 0.6296353216145835 0.3859459726562502 0.6447692621948558 0.3885596275660931
0 0.5940410559895835 0.3565376171875002 0.5790193242187501 0.35348654687500014 0.576828013147972 0.3777612729417371 0.5918497449188054 0.38081234325423713
0 0.59656858984375 0.3249901640625001 0.5824650286458334 0.3224420917968751 0.5815945576093613 0.33328270602274157 0.595698118807278 0.33583077828836655
0 0.6295276209492502 0.33070071498239817 0.6014164986979167 0.3239586562500001 0.5951993429826815 0.38228435028987917 0.623310465234015 0.38902640902227725
0 0.11536812890625003 0.548828125 0.03184399479166671 0.548828125 0.03184399479166671 0.5965769765625 0.11536812890625003 0.5965769765625
0 1.0048920548320575 0.9172526375474708 0.9997786255981124 0.8327419648274935 0.7877349286654597 0.8616094250986275 0.7928483578994049 0.9461200978186047