0 0.4098716641762905 0.004495009894380088 0.32034241487532583 0.0025140874691434766 0.3203009601573834 0.08167269615364477 0.40983020945834814 0.08365361857888139
0 0.325359401141827 0.002625093750000259 0.3109527067307693 0.002306332031250246 0.31094951790271985 0.00839547258855167 0.32535621231377754 0.008714234307301682
0 0.3530174302707715 0.0032370530681096396 0.20690371604567306 0.000004148437500165261 0.20682080672716477 0.1583213651159314 0.3529345209522632 0.16155426974654086
0 0.8715955919471156 0.2883072421875007 0.8088049324736221 0.20100608161865063 0.8077882112379808 0.2319021796875006 0.8705788707114743 0.31920334025635066
0 0.41149831640169715 0.7015264291421085 0.15646296044197516 0.5656150912512972 0.15467307596172908 0.7075196735226245 0.4097084319214511 0.8434310114134358
0 0.8397725080621149 0.8580822256230265 0.8395366537677253 0.798077780779789 0.6836475362161802 0.823966041759197 0.6838833905105697 0.8839704866024345
0 0.8367443413492592 0.7746923745008264 0.836490792321412 0.6737550558956956 0.681031203042729 0.6902539340574466 0.6812847520705763 0.7911912526625774
0 0.6491066893968023 0.5844005874654076 0.4643104979266492 0.5817744255544054 0.46427829749098604 0.6775070531327703 0.6490744889611391 0.6801332150437724
0 0.45684142133194217 0.581668282999834 0.41158305963651426 0.5810251088298053 0.41155022776405425 0.6786347237527016 0.45680858945948216 0.6792778979227303
0 0.8342196422891764 0.6694457616813247 0.8341082673476173 0.5721161217792822 0.6790552267058714 0.5796124634574211 0.6791666016474305 0.6769421033594637
0 1.0000025255113578 0.5236879968277068 0.9796319295971085 0.5233985089659112 0.9796294040857507 0.5309069437788302 1 0.5311964316406258
0 0.9728358846153845 0.5233019296875008 0.8643872339943337 0.5217607511108961 0.8643847084709704 0.5292691838205577 0.9728333590920213 0.5308103623971623
0 0.8207127926682692 0.5211400898437507 0.7582823483053597 0.5202528814500224 0.7582785600170455 0.5315155297300633 0.8207090043799551 0.5324027381237917
0 0.7538708464543269 0.5201901894531256 0.691440402079864 0.5193029840257345 0.691436613804278 0.5305656321227384 0.7538670581787409 0.5314528375501295
0 0.6339936661658654 0.5195312500000003 0.4148492677283654 0.5195312500000002 0.4148492677283654 0.5264611445312504 0.6339936661658654 0.5264611445312505