0 0.38077476272768446 0.4207417292935566 0.3103899658289373 0.33006746525699177 0.2805558993836127 0.35322579722394465 0.35094069628235985 0.44390006126050946
0 0.3192859721189555 0.2784147164407102 0.2752568787658475 0.1073479417341353 0.23757516653212138 0.11704644472216125 0.2816042598852294 0.28811321942873613
0 0.92250485546875 0.4203467519531251 0.8739049921875 0.4203467519531251 0.8739049921875 0.4296875000000001 0.92250485546875 0.4296875000000001
0 0.5677837868105766 0.4111765605324748 0.5667636772956485 0.39314020247339637 0.4782238723856461 0.39814788180326605 0.47924398190057427 0.4161842398623445
0 0.6663164335722672 0.35064750314488424 0.6013441110711442 0.34697276512812697 0.5971702727271787 0.4207695826740431 0.6621425952283018 0.4244443206908003
0 0.9226877330908869 0.02924407470022261 0.8830407712262529 0.012122099115594143 0.8614308756058657 0.06216110911917044 0.9010778374704997 0.07928308470379891
0 0.9757429053903122 0.024962037185956493 0.9454157997405036 0.016974749277874263 0.9411981047296539 0.032989006390513886 0.9715252103794625 0.040976294298596116
0 0.88124048151968 0.01120449090265413 0.8540116258369606 0.0040329037647202914 0.8503209919527314 0.01804538600590838 0.8775498476354509 0.02521697314384222
0 0.455163764478262 0.8041882485015038 0.3499519305611164 0.7968311202066775 0.3419135866755301 0.911784790710689 0.44712542059267574 0.9191419190055153
0 0.47928466912925377 0.6386135463237931 0.3727010444826183 0.6280038609115252 0.3618717233119799 0.7367939199923119 0.4684553479586154 0.7474036054045798
0 1.0124844669698347 0.8466210439362037 0.7755725365806226 0.8179881762418988 0.763088069610788 0.9212862182431952 1.0000000000000002 0.9499190859375002