0 0.23663808742651513 0.08309425985359567 0.23480849807815102 0.06572935062502608 0.17683306695063972 0.07183771720854942 0.17866265629900382 0.08920262643711901
0 0.17200626370677796 0.09682240610162549 0.14224102210036743 0.02932182351665271 0.09306968063669832 0.05100455280176638 0.12283492224310888 0.11850513538673915
0 0.22778471289653818 0.06492625197188828 0.22603565791337243 0.048324687742430296 0.168059445021429 0.05443276181678771 0.16980850000459474 0.0710343260462457
0 0.3017003715068226 0.06708162623733138 0.30005114790825094 0.04968731806937367 0.2423094090890509 0.055162042178183476 0.24395863268762258 0.07255635034614119
0 0.2940837609375 0.04867972968750002 0.2924003228710156 0.03138350893128996 0.2334550317860789 0.037120643548790806 0.23513846985256331 0.05441686430500085
0 0.22021977763429082 0.04728118983047811 0.2179037705782779 0.023857798907048103 0.1598043912944898 0.029602422852022203 0.16212039835050274 0.053025813775452214
0 0.14462073927655342 0.03441464900955063 0.13389767058053753 -0.0027178645792927227 0.07907362888406994 0.01311413569448062 0.0897966975800858 0.05024664928332397
0 0.28565684287951426 0.030235753596623716 0.28289749635060174 0.00521861539284702 0.2250193395725702 0.011602474717780042 0.22777868610148272 0.036619612921556736
0 0.4993413092298006 0.014514987546202899 0.43513065058241107 0.00979930408577542 0.433706934059474 0.02918520571214797 0.4979175927068636 0.03390088917257545
0 0.257616496875 2.899445929649252e-17 0.2158989578125 2.6439996762432755e-17 0.2158989578125 0.008632742187500028 0.257616496875 0.00863274218750003
0 0.208012690625 2.1602924722670888e-17 0.1441860578125 1.769467064396181e-17 0.1441860578125 0.028370476562500024 0.208012690625 0.028370476562500024
0 0.6413890776980365 0.23681353236402508 0.5597542646042929 0.22920243151862127 0.5588060919021038 0.23937230088390962 0.6404409049958475 0.2469834017293134
0 0.6460317156250001 0.11888172031250008 0.559375 0.11888172031250008 0.559375 0.2188718343750001 0.6460317156250001 0.2188718343750001
0 0.9958569328125 1.0925678458388916e-16 0.7584478953125 9.471967369073772e-17 0.7584478953125 0.2593750000000001 0.9958569328125 0.2593750000000001
0 0.5687931745629446 0.7666693407456533 0.5591281289818573 0.5734993983783906 0.12253576250000002 0.5953438171875001 0.13220080808108753 0.7885137595547628
0 0.9281429504322173 0.8269684656396784 0.842271071875 0.8162376375000002 0.8194468083378188 0.9988854593745893 0.905318686895036 1.0096162875142674
0 0.8556617293530303 0.6714497616532042 0.7094045630406931 0.6552472061111069 0.6736059233335784 0.9783942299120941 0.8198630896459156 0.9945967854541913
0 1.0028336155113542 0.6102674339440286 0.8646488620725588 0.5972464620553712 0.8423247371862048 0.8341607046738426 0.9805094906250001 0.8471816765625002
0 1 0.3984561843750001 0.868911040625 0.3984561843750001 0.868911040625 0.6297566609375002 1 0.6297566609375002
0 0.8884659013662566 0.39409857102126883 0.7403864130054034 0.375811320287852 0.7059395790170419 0.654741686968223 0.854019067377895 0.6730289377016399
0 0.9037809937278547 0.32990798712177205 0.8675071642881577 0.32648995178820517 0.8616851533728027 0.3882759224789333 0.8979589828124999 0.39169395781250016