0 0.3965130531312433 0.2180362938002523 0.32173189320305523 0.20943171566019508 0.3212204290865385 0.3972355683593753 0.39600158901472654 0.40584014649943245
0 0.4908539740673461 0.3471153886083843 0.4894540055297798 0.18523027499542463 0.3746988455562684 0.22715886878833164 0.3760988140938348 0.3890439824012913
0 0.35672140039517247 0.16922606303838558 0.35668819936604357 0.1344145581291106 0.2777078942055465 0.13759710104002648 0.27774109523467544 0.17240860594930146
0 0.2683139248304 0.11657939889586885 0.20693544389347274 0.10951697887066092 0.2067780703125 0.16730277929687518 0.2681565512494273 0.1743651993220831
0 0.2963074622900363 0.09035552868968755 0.2962454286658346 0.06757748181258649 0.27085499462054297 0.07049899271135403 0.2709170282447447 0.0932770395884551
0 0.311828534005522 0.026260217351264104 0.23646338277254195 -0.0009018121049019362 0.23605132959110448 0.04740277164403927 0.3114164808240845 0.0745648011002053
0 0.37704736838942315 0.015289197265625276 0.3143723410377523 0.00807759607820057 0.3142444747574362 0.05502867486543968 0.37691950210910713 0.062240276052864384
0 0.45893529807692307 0.022905132812500322 0.38963249648050297 0.014930913735442298 0.38923906255895757 0.15939541532214688 0.4585418641553777 0.16736963439920488
0 0.40648424032038055 0.021618527846169133 0.39444022305215837 -0.05923113226913124 0.3603824138098893 0.15512533597667422 0.37242643107811146 0.2359749960919746
0 0.3070187731370192 0.005425095703125236 0.29114238336151516 0.003598301469406713 0.2911276295072115 0.009015744140625226 0.30700401928271553 0.01084253837434375
0 1.0014708047984198 0.02094009954078302 0.8155131332073349 -0.0719001879779021 0.8138945139040737 0.06507725399063702 0.9998521854951588 0.15791754150932213
0 0.8047298209134615 0.7386730957031253 0.680759501497639 0.6426871032964125 0.6796172962740384 0.7050147480468755 0.8035876156898608 0.8010007404535884
0 0.6292511547475962 0.9319579023437504 0.581174461544471 0.8948305172897617 0.5805864314903846 0.9270016582031253 0.6286631246935097 0.9641290432571141
0 0.6467158037860575 0.9051460332031254 0.596124766636979 0.8706029971516829 0.5956550739182693 0.8996668789062505 0.6462461110673478 0.934209914957693
0 0.6576805333533653 0.8882387832031254 0.6158397938211235 0.8558951725903516 0.6154569432091346 0.8768202421875004 0.6572976827413763 0.9091638528002743