0 0.41506495553972733 0.41705691069511763 0.4106860538639442 0.39333562593508214 0.3062376237288135 0.41893875260416663 0.31061652540459667 0.4426600373642022
0 0.30755498106175333 0.4524266965759034 0.3015837615091378 0.4200795387134188 0.20061150048747414 0.4448305583347891 0.2065827200400897 0.47717771619727367
0 0.19775737401129947 0.4703248554687501 0.1933784727988902 0.4466035693640676 0.14435077383196107 0.45862157845557555 0.1487296750443703 0.48234286456025804
0 0.36289149065598425 0.34399833813203107 0.35260368605406994 0.30343148576738366 0.3230314156207844 0.31339012881253353 0.33331922022269883 0.35395698117718094
0 0.3003063491525424 0.4136303776041667 0.2749958896044383 0.3138261760836372 0.1757183193565854 0.34725849083992166 0.20102877890468948 0.4470626923604511
0 0.3780122350282486 0.3945825729166667 0.35088600348111243 0.2876183451278471 0.2790679997730716 0.3118034700375511 0.30619423132020784 0.41876769782637063
0 0.1921507195159635 0.43917446661199816 0.15270904612828398 0.28364802068509554 0.08934019790212003 0.30498785286237634 0.12878187128979957 0.46051429878927896
0 0.29018596819816034 0.29755459287185076 0.2651191603397763 0.2337684658859164 0.2405722331933251 0.246578020626295 0.26563904105170916 0.31036414761222936
0 0.30692217125153753 0.24082589880223482 0.3026167826278912 0.22384888277081696 0.26882020650178196 0.23523007624984604 0.2731255951254282 0.25220709228126387
0 0.6479572067796611 0.48164162109375 0.6359513452218185 0.4296805536481185 0.6004776390538155 0.4405644884750523 0.6124835006116581 0.4925255559206838
0 0.7658047254237288 0.4719376731770834 0.7541855333333334 0.4209272356770833 0.7197543912695484 0.43134159152157703 0.7313735833599438 0.4823520290215771
0 0.34713964067796615 0.7981067942708333 0.2510113100715669 0.7381061406791751 0.21903055381620654 0.8061436253990365 0.31515888442260576 0.8661442789906948
0 0.854089767314519 0.5790088363305886 0.8063098578628571 0.5419610245992973 0.7473411123687753 0.6429487874138694 0.7951210218204371 0.6799965991451608