0 0.014389363281250013 0.1133650546875 0.0004884343308060209 0.11242651331374733 -0.00027110694998739443 0.12367623514222903 0.013629822000456598 0.1246147765159817
0 0.1015165946119142 0.11719272502851094 0.044105858756604124 0.11331656307487015 0.04320821259304961 0.12661180909495856 0.10061894844835968 0.13048797104859935
0 0.024256942715676383 0.09245682478275138 0.007723967858399387 0.09134058058372015 0.007102534899228631 0.1005447811505586 0.023635509756505628 0.10166102534958983
0 0.10796450390625001 0.09502632421875001 0.061702337420090014 0.09190286595927122 0.06073566252754965 0.10622048159603516 0.10699782901370965 0.10934393985551395
0 0.11925234765625001 0.07113184765625002 0.090585523502248 0.06919636695349432 0.08934265481683056 0.08760476441292096 0.11800947897083257 0.08954024511567667
0 0.04168941015625 0.04637520703125 0.023336456505785717 0.045136082283868645 0.022369765568424044 0.05945395786920923 0.04072271921888833 0.06069308261659058
0 0.12781692968749997 0.048080800781250016 0.09884672786044042 0.0461248345416465 0.09760383984375001 0.06453349414062501 0.12657404167080957 0.06648946038022852
0 0.06856021875 6.920479659953763e-18 0.04061606640625 5.2093938238207905e-18 0.04061606640625 0.011773763671875005 0.06856021875 0.011773763671875007
0 0.862609861328125 9.013307744094244e-17 0.609375 7.462691432304184e-17 0.609375 0.04512118945312508 0.862609861328125 0.0451211894531251
0 0.585211705078125 0.4527536289062501 0.583398074229153 0.3603202517315366 0.5185660195312501 0.36159231835937505 0.5203796503802222 0.45402569553408856
0 0.59600676171875 0.637385392578125 0.581540663495546 0.4582719525358763 0.5201006425781252 0.46323415625000003 0.5345667408013292 0.6423475962922487
0 0.6162373305342757 0.8245451784366545 0.5944958463003311 0.6419870915206802 0.5317070504419861 0.6494648299122471 0.5534485346759305 0.8320229168282214
0 0.48905059765625 0.45044795507812496 0.4853065816958009 0.36293017292459434 0.085077658203125 0.3800519902343749 0.08882167416357406 0.46756977238790554
0 0.50333378125 0.642758990234375 0.4996724793371637 0.46205569882994213 0.08652121464001933 0.4704267224232029 0.09018251655285557 0.6511300138276357
0 0.5194885761718749 0.8249511191406251 0.5149581024492071 0.6468287707770883 0.09619003373542306 0.657479976246983 0.10072050745809091 0.8356023246105198
0 0.4805586582031251 0.835009529296875 0.10204477343750011 0.835009529296875 0.10204477343750011 1 0.4805586582031251 1
0 0.061379091796875083 0.6284857460937501 7.696730572634471e-17 0.6284857460937501 8.050018307736529e-17 0.68618201171875 0.061379091796875083 0.68618201171875
0 0.05735012500000006 0.44594562890625 5.475963326441589e-17 0.44594562890625 6.563082361801343e-17 0.623485640625 0.05735012500000007 0.623485640625
0 0.058981839843750106 0.8433954765625 1.032891349796703e-16 0.8433954765625 1.1165874433961493e-16 0.9800815703125 0.05898183984375012 0.9800815703125
0 0.6560667206668311 0.9135607430357424 0.6272507944284824 0.904494915257222 0.6146207421875 0.9446398046875002 0.6434366684258487 0.9537056324660205