0 0.42423809635416676 0.40619806770833344 0.3406133228582659 0.3893766489935781 0.32255174348958343 0.47916666666666674 0.4061765169854843 0.4959880853814221
0 0.5393615156250001 0.37322537369791675 0.44536650949795514 0.34950000625211936 0.412773321125593 0.47862748753388074 0.5067683272526379 0.5023528549796782
0 0.567573972338591 0.26145343296956924 0.4180361918869304 0.22370846281171683 0.3902709453120676 0.33370863844132453 0.5398087257637282 0.3714536085991769
0 0.5759857506728725 0.04807580374984347 0.49908074560173327 0.028664140489634355 0.44949716666666667 0.22510405078125006 0.5264021717378059 0.2445157140414592
0 0.9998874606526688 0.1153273173558081 0.966501837671923 0.057950401093474525 0.6819706239877341 0.22350917359499267 0.7153562469684799 0.28088608985732627
0 0.2988869101562501 0.9232506770833333 0.22580974097351314 0.9150569257524809 0.22259473679184993 0.9437304105849974 0.2956719059745869 0.9519241619158497
0 0.30608191145833347 0.8708954804687501 0.23074464608013337 0.8672331722211711 0.22939271386686547 0.8950437411408223 0.30472997924506556 0.8987060493884013
0 0.31268432682291675 0.82245306640625 0.2412140286458334 0.8178263502604167 0.23943776055279917 0.8452649063010602 0.3109080587298825 0.8498916224468935
0 0.3186957408854168 0.77087108984375 0.247079819630577 0.7645230394818187 0.24454908166422937 0.7930737157652761 0.3161650029190692 0.7994217661272075
0 0.32991416927083334 0.7223143072916666 0.2552680454788705 0.7145447588550654 0.25252357767700745 0.7409122993823688 0.3271697014689703 0.74868184781897
0 0.3978353255208334 0.6812479075520833 0.261902 0.6643647135416667 0.2587835065329489 0.6894729476429694 0.39471683205378233 0.7063561416533862
0 0.4051395074626471 0.6309967309631516 0.27067690399432853 0.6128150057426914 0.2668942064275149 0.6407898737378732 0.4013568098958334 0.6589715989583333
0 0.41430297403449085 0.5836901644806559 0.2771772400706298 0.5677132963188418 0.2737999261923891 0.5966999938173528 0.41092566015625015 0.6126768619791668
0 0.41876951916281824 0.5326938860534868 0.28548485251076716 0.5167139557883618 0.28184748048336566 0.5470523809327917 0.41513214713541674 0.5630323111979166
0 0.4232261233736508 0.4982080425351856 0.2903569778645834 0.47946130078125004 0.2881035680325994 0.49543253689189787 0.4209727135416668 0.5141792786458333
0 0.9292233352028645 0.8975202002554172 0.656340011243394 0.8272695871134466 0.6235510744531507 0.954635793047284 0.8964343984126212 1.0248864061892546