0 0.3066900409402679 0.22740078610546438 0.304074814566323 0.21876109475710168 0.29561645698819483 0.2197612263249695 0.2982316833621398 0.2284009176733322
0 0.32032638976403155 0.2232465439196269 0.3177111696063116 0.2146068516839634 0.3084070424502637 0.21570698585544817 0.3110222626079836 0.22434667809111167
0 0.33840716559902245 0.21677097802582107 0.33313964968638493 0.2091891527872649 0.32352544033736247 0.2117983427301939 0.32879295624999993 0.21938016796875007
0 0.35004173707339936 0.21432663047280906 0.3474267827980563 0.20568629853157927 0.337276451742384 0.20688627827170225 0.3398914060177271 0.21552661021293204
0 0.8157192628333199 0.44249281303903515 0.7623631185134256 0.4417804936393276 0.7604174979021767 0.49870874701055873 0.813773642222071 0.4994210664102663
0 0.6517473571746325 0.46981486289836466 0.6461529758329088 0.38288157263822226 0.5249480286338417 0.38592838936394985 0.5305424099755653 0.47286167962409226
0 0.8180321692702626 0.36738454159235745 0.7639169729078508 0.3666623193166347 0.7620094391851181 0.4224939893251298 0.8161246355475299 0.42321621160085254
0 0.6456194351406466 0.3711412342236306 0.641174873148048 0.30210591560702343 0.5613295271666217 0.3041139321032933 0.5657740891592202 0.37314925071990046
0 0.8227057935103816 0.30566081313486465 0.7655025324669554 0.30201505114116 0.7598936525235318 0.33639210490837124 0.817096913566958 0.3400378669020759
0 0.507375609639859 0.28763288175858787 0.5057708948978255 0.2495207570238165 0.48857747740243856 0.2498035423856845 0.49018219214447206 0.28791566712045585
0 0.9620734101593433 0.24123971827176213 0.8373428737530164 0.2373267182553528 0.8327409713768787 0.29462747748920753 0.9574715077832057 0.2985404775056169
0 0.5068755472626801 0.8898874626249519 1.3322676295501878e-16 0.8362138808593749 -0.029337847331030887 0.9444392414867835 0.4775376999316491 0.9981128232523605
0 0.710949879998717 0.6805643750623582 0.70485291875 0.6337230644531249 0.47202803875128313 0.6455609413438916 0.478125 0.692402251953125
0 0.7079914664326747 0.9840523312199709 0.705294265625 0.96492590234375 0.567581260343497 0.9725119293039041 0.5702784611511718 0.991638358180125