0 0.20741626635308133 0.17536184686374368 0.17114390642505392 0.16952237992945732 0.16647825529069288 0.1824028689762683 0.2027506152187203 0.18824233591055464
0 0.2865077444006346 0.15857916881422576 0.2492426875462204 0.15698452014149974 0.24403778580115218 0.21104336855230063 0.28130284265556643 0.21263801722502665
0 0.2095945624313154 0.1523305322194109 0.1739593046875 0.14689104296875 0.16795014808123007 0.16438760761701388 0.20358540582504547 0.1698270968676748
0 0.2468769550644826 0.13314027928475045 0.2184143638954578 0.13153852393984264 0.2113853521408065 0.18705092400239096 0.2398479433098313 0.1886526793472988
0 0.21214318961640052 0.1287952861600868 0.17754644286483925 0.12377092161740195 0.17340178742371698 0.13645503263069367 0.20799853417527825 0.1414793971733785
0 0.2937558484423717 0.07062078096521296 0.28186726555109104 0.07001705351664363 0.2728637158809298 0.14881600075176654 0.2847522987722104 0.14941972820033586
0 0.27574261629532804 0.06842525938566908 0.26373759906998817 0.0677496164821988 0.253766178959275 0.14649408642851913 0.26577119618461487 0.14716972933198944
0 0.3726339782298669 0.0499218728632985 0.27234648145993345 0.03434733143468553 0.26446568400915477 0.0569011026362918 0.3647531807790882 0.07247564406490477
0 0.37568541949842876 0.013814606662005272 0.2739118228459912 -0.0019908405522329475 0.2652614846403903 0.02276506991924382 0.36703508129282786 0.03857051713348204
0 1 0.4332768398437501 0.7422556484375 0.43327683984375004 0.7422556484375 0.44921875000000006 1 0.44921875000000017
0 0.24863758796876756 0.8850359876585702 1.5959455978986625e-16 0.8790365950520833 -0.006183541093767259 0.9929341060914298 0.24245404687500016 0.9989334986979167
0 0.2617431082027404 0.7616209788412203 0.00009440755760718733 0.7449650805492495 -0.012809383160652374 0.8350568910870724 0.24883931748448085 0.8517127893790432
0 0.2608318946406963 0.5675526630070428 0.002013230468750106 0.5627684882812499 -0.005378697375070986 0.7404997237117074 0.2534399667968752 0.7452838984375001
0 0.27101065195136054 0.471329303843973 0.0034649408362849715 0.45263669691730707 -0.010485415244621335 0.5413790407069548 0.2570602958704542 0.5600716476336206
0 0.4088225786133932 0.45547963864518315 0.310976769758743 0.4540310418325168 0.29347115775739746 0.9795513248755622 0.3913169666120477 0.9809999216882286