0 0.714844 0.714844 0.605469 0.714844 0.6054690000000001 0.945312 0.7148440000000001 0.945312
0 0.9960940000000001 0.6757810000000002 0.949219 0.6757810000000002 0.9492190000000001 0.9492190000000003 0.9960940000000003 0.9492190000000003
0 0.9414060000000001 0.6718750000000001 0.769531 0.671875 0.7695310000000001 0.9531250000000001 0.9414060000000002 0.9531250000000002
0 0.714844 0.48046900000000003 0.3593750000000001 0.480469 0.3593750000000001 0.699219 0.714844 0.699219
0 0.19140600000000008 0.480469 0.07812500000000008 0.480469 0.07812500000000011 0.941406 0.1914060000000001 0.941406
0 0.07031250000000007 0.480469 5.884048229395297e-17 0.480469 8.706473337688214e-17 0.941406 0.0703125000000001 0.941406
0 0.3515620000000001 0.476562 0.20703100000000005 0.476562 0.20703100000000008 0.695312 0.3515620000000001 0.695312
0 0.945312 0.39453100000000013 0.769531 0.39453100000000013 0.769531 0.6601560000000001 0.945312 0.6601560000000002
0 0.996094 0.3906250000000001 0.949219 0.3906250000000001 0.949219 0.6601560000000002 0.996094 0.6601560000000002
0 0.996094 0.10156200000000011 0.96875 0.10156200000000011 0.96875 0.3828120000000001 0.996094 0.3828120000000001
0 0.960938 0.0976562000000001 0.769531 0.09765620000000008 0.769531 0.3828120000000001 0.960938 0.3828120000000001
0 0.988281 1.1792007687543946e-16 0.9375 1.1481063742006437e-16 0.9375 0.06250000000000011 0.988281 0.06250000000000011
0 0.296875 2.487563810768061e-17 0.0820312 1.1720249508347905e-17 0.0820312 0.07421880000000002 0.296875 0.07421880000000003
0 0.0703125 4.305398903252414e-18 0 0 4.544590792827879e-18 0.0742188 0.0703125 0.0742188