0 0.2690432795753286 0.5472704563106796 0.08846133164812947 0.5472704563106796 0.08846133164812948 0.5995145631067961 0.2690432795753286 0.5995145631067961
0 0.4294221525820909 0.5882110183007262 0.42434310689698346 0.48479564835603234 0.24894938410385928 0.506856725263341 0.2540284297889667 0.6102720952080348
0 0.1906051682055181 0.5419518943501879 0.1591419320345461 0.32913590814471966 0.010178822548028307 0.385537778317152 0.0416420587190003 0.5983537645226202
0 0.34390293511194353 0.46453334465410956 0.1481107513576542 0.2193493726398196 0.07772101159145191 0.3633048740362192 0.27351319534574126 0.6084888460505091
0 0.07087584448363646 0.351903788450827 0.058707209808602785 0.252528377229174 -0.0058701149731086415 0.2727799425394041 0.006298519701925018 0.3721553537610571
0 0.7079479890971019 0.572460290344738 0.6809918724742254 0.2961352864908714 0.6585074973404912 0.30175266382328597 0.6854636139633676 0.5780776676771525
0 0.705958106793799 0.950518811841644 0.6021522559956464 0.508931663206358 0.4493755868549999 0.6009084168221356 0.5531814376531525 1.0424955654574215
0 0.5107440763397371 0.9856161132686084 0.4975932680592916 0.5847785556657094 0.02104677216247451 0.6248195591258625 0.03419758044291996 1.0256571167287616
0 0.13167418634977565 0.7236293044597802 0.1281077770554279 0.6149249038482949 -0.0035226334738663848 0.6259849241976037 0.000043775820481373015 0.734689324809089
0 0.7318146466127402 0.9733480914239482 0.6934216400404448 0.9733480914239482 0.6934216400404448 1 0.7318146466127402 1
0 0.8640218553830504 0.6466523734321545 0.8598200185316938 0.6065098052174654 0.6657013995896872 0.6585473571693778 0.6699032364410439 0.6986899253840669
0 0.965739841399547 0.60057263099528 0.9020398496420987 0.5965357460199875 0.9013740202269437 0.6234431383864447 0.965074011984392 0.6274800233617372
0 0.8566336652122172 0.6169007233398883 0.8562742074656736 0.5979197522296595 0.8086951786660047 0.6002273527331154 0.8090546364125483 0.6192083238433442
0 0.8063888752871528 0.6197730622279344 0.8030541022301924 0.593501170356951 0.7113407642642181 0.6233153640893445 0.7146755373211785 0.6495872559603278