0 0.36838380565471274 0.10471469673481648 0.32669896886422517 -0.05085523698432255 0.11075837392960142 0.007005869214652298 0.152443210720089 0.16257580293379134
0 0.4781566555248122 0.28312976428877984 0.4664112498022799 0.22792319627989482 0.3505601492010801 0.2525709552158244 0.3623055549236124 0.3077775232247094
0 0.7573576033653846 0.2175464110576924 0.7444925921681368 0.1621444402962902 0.4674036687929777 0.2264878571975938 0.4802686799902254 0.28188982795899603
0 0.45387889415795113 0.22641496231068922 0.44152602362463345 0.17419811958126588 0.3458572778905071 0.1968303502632761 0.35821014842382487 0.24904719299269945
0 0.733060659524766 0.160948638743363 0.7206072682277109 0.10861993671210937 0.4443457123367195 0.17436575348755612 0.4567991036337744 0.2266944555188098
0 0.43325556908119645 0.1731501863926696 0.4223490723019664 0.12188669058590859 0.34726658014384676 0.13786076621246973 0.35817307692307687 0.18912426201923077
0 0.7102175490517404 0.10885063753664054 0.697638092350143 0.05591024144677523 0.42151736285244723 0.12152079629101277 0.43409681955404467 0.17446119238087807
0 0.9795057043269231 0.16822228365384623 0.9070798824105643 -0.04639543819707305 0.7695973798076923 0 0.8420232017240512 0.21461772185091926
0 0.6900536987086454 0.058748688907686114 0.6757914792132927 -0.008287610739406247 0.3926045673076923 0.05196144711538464 0.4068667868030449 0.118997746762477
0 0.41271949299050736 0.1197216223281842 0.3950084606346507 0.04993807189767396 0.34048252322313594 0.06377672922839261 0.3581935555789926 0.13356027965890285
0 0.05933180288461548 0.6902777427884614 8.540177112501205e-17 0.6829629471153845 -0.020850642766531282 0.8520867725688697 0.03848116011808411 0.8594015682419466
0 0.7962304399038461 0.8682844086538465 0.7723394496658853 0.7791220245857838 0.675746867627444 0.8050039304888184 0.6996378578654048 0.894166314556881
0 0.8382872529419599 0.817197007159367 0.8203690095601176 0.7503252185437413 0.785695524101309 0.7596159518142215 0.8036137674831513 0.826487740429847
0 0.9070195737551697 0.8359431696783475 0.8824653628197423 0.7443055979567307 0.7957804854518679 0.7675327385696279 0.8203346963872953 0.8591703102912447
0 0.7937060616164671 0.8291424995926333 0.7757878193571099 0.7622707114504345 0.7386368245192307 0.7722252908653847 0.756555066778588 0.8390970790075836