0 0.2799093240821323 0.3969025640725711 0.2352031547139613 0.3921310976065001 0.22171904481772203 0.5184702231325571 0.26642521418589304 0.523241689598628
0 0.3959416752875516 0.39911269945760525 0.37678188909700217 0.3970677842119175 0.3616268578125001 0.5390625000000001 0.3807866440030495 0.5411074152456878
0 0.3744130842221919 0.3889999873882196 0.304160534375 0.38150196406250003 0.2878049574668132 0.5347451499139791 0.3580575073140051 0.5422431732396987
0 0.3017403877212367 0.27686027569107097 0.15037560781250003 0.24884821406250004 0.12906824040376336 0.36398379462142916 0.28043302031250006 0.39199585625000005
0 0.0810524691901722 0.23264211972547094 0.034749754655977405 0.22770025112110903 0.008147987358059949 0.47694484581012453 0.05445070189225474 0.4818867144144865
0 0.03184444346500907 0.2246611563708761 0.00310476395930194 0.2215937828014857 -0.0233661010070735 0.46961188629048384 0.005373578498633641 0.47267925985987425
0 0.14701590107468704 0.24273240745125882 0.08871340732082386 0.23531729698573925 0.07349841874613688 0.35494758172198043 0.13180091250000006 0.3623626921875
0 0.3917455739637582 0.24173285242801548 0.3198964771087371 0.23406442981240358 0.30425223994523004 0.38064272466216564 0.37610133680025115 0.3883111472777775
0 0.41217506187689235 0.24701439794574678 0.3930152749326527 0.24496948233192847 0.3775150255557605 0.39019869063618173 0.3966748125000001 0.39224360625000004
0 0.41511217059022104 0.08332466853438211 0.3368760703125 0.07497456250000004 0.3200012715420751 0.23308254859421837 0.3982373718197961 0.24143265462860047
0 0.14948294999999998 1.9428902930940238e-17 0.06166724279547159 -0.009372526811931856 0.0587852021704716 0.01763069662556814 0.14660090937499998 0.02700322343750001
0 0.9593815421875 0.0518568687500001 0.7392047211500645 0.020913034264941587 0.7257786484375 0.11644450468750007 0.9459554694749354 0.14738833917255859
0 0.8724863625837068 0.18404041631679494 0.648801828125 0.1526036125000001 0.6352137514787932 0.24928782430820523 0.8588982859375001 0.2807246281250001
0 0.7870635236130159 0.33984623147243803 0.54553695625 0.28628761093750005 0.5244974572542845 0.38116679043686547 0.7660240246173005 0.43472541097180334
0 0.2666705756385045 0.6842221229370863 0.25006040937499996 0.6816418046875 0.24058919852767352 0.7426104030051801 0.257199364791178 0.7451907212547664
0 0.2440149080259844 0.6796548167023118 0.22829194375000003 0.6774006328125 0.21657407578640178 0.7591329263556588 0.23229704006238613 0.7613871102454707
0 0.22112334149543506 0.6741160055848368 0.20618083211074087 0.6725005213617214 0.1969019765625001 0.7583258015625 0.21184448594719427 0.7599412857856154
0 0.20258256562500013 0.680800984375 0.18723868215682687 0.6783445179266008 0.16904388420570565 0.7919951072399173 0.18438776767387893 0.7944515736883165
0 0.17962532500000009 0.6805724796875 0.16413128216517242 0.6782156487329465 0.14659614531250006 0.7934933953125 0.16209018814732773 0.7958502262670535
0 0.06036170468750009 0.6342373234375001 0.037341430003712484 0.6304446334344427 0.021477904687500084 0.7267305703125 0.04449817937128768 0.7305232603155575
0 0.04590736562500013 0.7341101234374999 0.02066715466194029 0.7307013018058786 0.007297956250000115 0.829691928125 0.03253816721305995 0.8331007497566214
0 0.027739402236529265 0.6337610548314057 0.01299836912151533 0.631927160001774 0.0012022012599861465 0.7267459567328682 0.01594323437500008 0.7285798515625
0 0.011657003125000088 0.7325485093750002 0.003537754294447459 0.7315204094918142 -0.008119248830552539 0.823579664179314 8.881784197001253e-17 0.8246077640625
0 0.996446940625 0.7924407734375002 0.9603410114323422 0.785938715491652 0.9224929103715572 0.9961092289442185 0.9585988395642151 1.0026112868900667
0 1.0037440592367284 0.5695984770442906 0.9656640053593832 0.5654218039515948 0.961919946076175 0.599557580456076 0.9999999999535202 0.6037342535487717