0 0.03515620000000007 0.558594 0.02734380000000007 0.558594 0.02734380000000007 0.5625 0.03515620000000007 0.5625
0 0.03906250000000007 0.546875 0.019531200000000068 0.546875 0.019531200000000068 0.550781 0.03906250000000007 0.550781
0 0.04687500000000007 0.523438 0.007812500000000064 0.523438 0.007812500000000066 0.539062 0.04687500000000007 0.539062
0 0.05078120000000006 0.503906 6.171068699711462e-17 0.503906 6.266744230894848e-17 0.519531 0.05078120000000007 0.519531
0 0.09152637680523529 0.4756005363303906 0.07229572497050932 0.4419465879291908 0.06177893609446483 0.44795612662829093 0.0810095879291908 0.48161007502949077
0 0.10937559983614535 0.45312319987713523 0.09765423989352069 0.4296864801761412 0.08203064005734914 0.43750028004300273 0.0937519999999738 0.46093699974399677
0 0.046875000000000056 0.421875 5.1664786839028965e-17 0.421875 5.620938987832483e-17 0.496094 0.046875000000000056 0.496094
0 0.12109400000000005 0.398438 0.07421880000000006 0.398438 0.07421880000000006 0.429688 0.12109400000000005 0.429688
0 0.08124961597673482 0.4046864120050796 0.005077506014827968 0.37929744201572835 -0.0066407639642825644 0.4144546520083551 0.06953134599762428 0.4398436219977063
0 0.0782599093952417 0.4046335148604134 0.060479469442258335 0.36018355291154636 0.04162187847957896 0.3677267824008213 0.05940231843256233 0.4121767443496883
0 0.03906250000000004 0.363281 4.448909138410497e-17 0.363281 4.592425496802574e-17 0.386719 0.03906250000000004 0.386719
0 0.05859380000000004 0.339844 4.185806020081679e-17 0.339844 4.305398903252414e-17 0.359375 0.05859380000000004 0.359375
0 0.04296880000000004 0.328125 0.02343750000000004 0.328125 0.02343750000000004 0.332031 0.04296880000000004 0.332031
0 0.003906250000000023 0.183594 2.248378044426592e-17 0.183594 2.3201301003886352e-17 0.195312 0.003906250000000024 0.195312
0 0.011718800000000017 0.132812 1.626477906883583e-17 0.132812 1.6504013821049264e-17 0.136719 0.011718800000000017 0.136719
0 0.011718800000000014 0.105469 1.2916227325927218e-17 0.105469 1.4112156157634566e-17 0.125 0.011718800000000014 0.125
0 0.003906250000000012 0.09375 1.1481063742006436e-17 0.09375 1.1720249508347905e-17 0.0976562 0.003906250000000012 0.0976562
0 0.01562500000000001 0.0742188 9.089181585655757e-18 0.0742188 9.806745007914162e-18 0.0859375 0.015625000000000014 0.0859375
0 0.003906250000000007 0.046875 5.740531871003218e-18 0.046875 6.936472949178557e-18 0.0664062 0.003906250000000009 0.0664062
0 0.003906250000000003 0.0195312 2.3918821563506782e-18 0.0195312 3.1094517018430785e-18 0.03125 0.0039062500000000035 0.03125
0 0.0078125 4.783776559169348e-19 0 0 7.175695454924001e-19 0.0117188 0.0078125 0.0117188