0 0.8615428555414226 0.08265944194227766 0.8044944140331953 -0.04882347323898215 0.6153896470931141 0.03322621527633478 0.6724380886013416 0.16470913045759458
0 0.32554235576050294 0.6417281431530633 0.2996608781250001 0.6384751125000001 0.2542341164273802 0.9998955361972646 0.28011559406288306 1.0031485668503275
0 0.2922882369564491 0.6343699285430631 0.2664307859375001 0.6310500359375001 0.21907360588393665 0.9998981009558229 0.24493105690288566 1.0032179935613859
0 0.25892334937334666 0.6278977921253828 0.23352721252450692 0.6247123746819299 0.18645518125000007 1.0000000000000002 0.2118513180988398 1.0031854174434531
0 0.22544709202187088 0.6222851425833344 0.19890708360757986 0.6189601828967743 0.15161024119678346 0.996486142271827 0.1781502496110745 0.9998111019583871
0 0.08733463900814853 0.5947529592458856 0.061107564062500064 0.591364015625 0.041022390679351636 0.7468034110666143 0.0672494656250001 0.7501923546874999
0 0.056594862488680286 0.8400980416439259 0.02890169367656472 0.8367200635870976 0.013009981187884522 0.9670026969431718 0.04070315000000009 0.970380675
0 0.054078840341274824 0.5876247976082929 0.026352554687500085 0.5840736546875 -0.021678251278774617 0.9590841445792074 0.006048034375000122 0.9626352875000002
0 0.15531268339685528 0.6068490621190554 0.1271457131596046 0.6032676160835369 0.07903278601274946 0.9816609727144812 0.10719975625000014 0.9852424187499998
0 0.1200331704597539 0.6004926836917095 0.09218856426070403 0.597038829437803 0.04540528755095026 0.9742006379335935 0.07324989375000013 0.9776544921875001
0 0.1945346028234698 0.6144399332784006 0.167501226673589 0.6109231360538873 0.11815858635011929 0.9902165871504869 0.14519196250000008 0.9937333843750003
0 0.732972525 0.8186621781250001 0.7308007127302478 0.8086066443592965 0.7129141171875 0.8124698234375 0.7150859294572521 0.8225253572032034