0 0.1601827617187501 0.3381371123046875 0.053874042968750084 0.3381371123046875 0.05387404296875009 0.3798828125 0.16018276171875012 0.3798828125
0 0.08145228125000008 0.3382467255859375 0.012588875000000083 0.3382467255859375 0.012588875000000088 0.3798828125 0.08145228125000008 0.3798828125
0 0.12787491468369483 0.33582070873517844 0.12619934101001354 0.296001983906265 0.05271395752239721 0.2967750509400617 0.05438953119607852 0.33659377576897515
0 0.07434103364338836 0.335054435690947 0.0672460006980617 0.2537494662178761 0.004962972518949484 0.25510823967209856 0.012058005464276138 0.3364132091451695
0 0.20777817481652508 0.61430694607238 0.17257748437500012 0.6114345527343751 0.14899905760535018 0.6836719523651202 0.18419974804687514 0.6865443457031252
0 0.17537628414195083 0.9465014096222446 0.12086334960937506 0.9010334501953123 0.1032943564830493 0.9062994517058803 0.15780729101562507 0.9517674111328126
0 0.17411162493875865 0.8872915421254888 0.14804058593750002 0.8639422119140625 0.1335771289674914 0.8679795584604486 0.15964816796875003 0.8913288886718749
0 0.3478843392294948 0.49253190448822026 0.3233126777343751 0.490253970703125 0.3052676822548805 0.5389159998086547 0.3298393437500002 0.54119393359375
0 0.8277812942082827 0.4697922859534851 0.8242634041137192 0.3785783257758042 0.6874609595148115 0.37989735622856907 0.690978849609375 0.47111131640625
0 0.8356860704011548 0.6772785358771978 0.826750052285564 0.47730434958276424 0.6911085072750339 0.47881966429150397 0.7000445253906248 0.6787938505859374
0 0.842913664539148 0.8852257536718483 0.8351436075715629 0.6845415091608491 0.70073570279804 0.6858425045124383 0.708505759765625 0.8865267490234375
0 0.8468494387846855 0.9986428752407577 0.8454513828125001 0.89294475390625 0.7085303153742681 0.8933975134104711 0.7099283713464536 0.9990956347449788
0 0.9890861640624999 0.5518543984375 0.973923781522624 0.37882006559792275 0.916801183962267 0.380071428061181 0.931963566502143 0.5531057609007581