0 0.44089228428746646 0.5604516212279418 0.4390625 0.5213962203125001 0.3928601563375336 0.5235608459595583 0.394689940625 0.562616246875
0 0.38588461361980875 0.5539807874588598 0.3850591489737914 0.522266827615349 0.19641250925377715 0.5271770038420719 0.19723797389979453 0.5588909636855827
0 0.4390625 0.461532796875 0.40453354687500004 0.461532796875 0.40453354687500004 0.5160616359375 0.4390625 0.5160616359375
0 0.4020865775523294 0.5171138946172206 0.3966397066967745 0.3078479945906859 0.34862050680492995 0.3090978608152585 0.3540673776604849 0.5183637608417931
0 0.33696107738084946 0.5204864791520392 0.3314956376582494 0.31050724731427143 0.19086819688513934 0.31416756549984687 0.19633363660773942 0.5241467973376145
0 0.4363123495705593 0.25106858763860157 0.435180526666018 0.17869881752201802 0.2478283965848819 0.18162890050692795 0.2489602194894233 0.2539986706235115
0 0.2558135670191021 0.17201699720807034 0.2533896315091999 0.07889072275964437 0.19508038163432057 0.08040842399020046 0.19750431714422276 0.17353469843862643
0 0.4342369113617737 0.16992233215266178 0.42979666104188335 -0.0006695746985961717 0.4023571153051096 0.000044635336242042356 0.40679736562499996 0.1706365421875
0 0.40344376619172007 0.17366730258704846 0.39887700380445396 -0.0017855210806187933 0.25824956115395226 0.0018747911462746124 0.26281632354121837 0.17732761481394185
0 0.32529292237602353 0.07220238493638224 0.32336945575087894 -0.0016962400782549957 0.2582007602996145 1.6603171615336977e-11 0.26012422692475906 0.07389862503124041
0 0.25329869156691676 0.07539683497777526 0.2513120979392686 -0.0009269477743612247 0.19471814855985187 0.0005461078728635001 0.19670474218749998 0.07686989062499999
0 0.8371614453124998 0.2638607703125001 0.8156366690621961 0.24326449559002122 0.7698763890316496 0.2910876967310385 0.7914011652819533 0.31168397145351745
0 0.8148304678923303 0.24684575537176007 0.7952687117477784 0.2274779959902201 0.6854922656250002 0.3383540156250001 0.705054021769552 0.3577217750065401
0 0.7837769578125 0.23765790000000014 0.7727264188641272 0.2269975899747947 0.6719851662849594 0.33142655430151563 0.6830357052333322 0.3420868643267211
0 0.7213863765624999 0.27675912031250005 0.7117164714598354 0.2678320182850999 0.6626290765625 0.3210038593750001 0.6722989816651644 0.32993096140240025
0 0.7527831204201586 0.3312795012942879 0.7394100149696236 0.319645070266714 0.7035107203125 0.36090923281250004 0.716883825763035 0.372543663840074
0 0.83545299375 0.3147326343750001 0.8277484010030383 0.3063001433668005 0.781555954521907 0.3485052269864418 0.7892605472688686 0.3569377179946414
0 0.8496540421874998 0.3304981921875 0.8403244052187869 0.31971594867790304 0.797346073968787 0.356904148677903 0.8066757109375 0.36768639218749993
0 0.8616432140625001 0.3459172937500001 0.8495943987939913 0.3352717391031443 0.813843778125 0.3757348843750001 0.8258925933935085 0.38638043902185587
0 0.4390625000000002 0.770514928125 0.0735099125000001 0.770514928125 0.07350991250000012 1 0.4390625000000002 1
0 1 0.7686222062500001 0.4390625000000002 0.7686222062500001 0.4390625000000002 1 1 1
0 1 0.5890625 0.4390625 0.5890625 0.4390625000000001 0.7699353109375 1 0.7699353109375001