0 0.6883735562965941 0.46668231678809285 0.5647619025181758 0.3923342965600382 0.5257076105106353 0.45726629619350934 0.6493192642890536 0.531614316421564
0 0.037807082833812414 0.578952308117871 7.259150545626024e-17 0.5781647788461538 -0.00290236889150457 0.7174994106321287 0.03490471394230778 0.7182869399038461
0 0.14628494688833624 0.5871389784470531 0.05532434083206923 0.5844086761807203 0.05097544923219462 0.7292929333105904 0.14193605528846162 0.7320232355769231
0 0.26695160537348106 0.6081431736614642 0.17520080505513536 0.6012582445803921 0.16480613237396202 0.7397810276496971 0.2565569326923078 0.7466659567307692
0 0.3711413271037806 0.6113813323887073 0.27931925367005195 0.6074382769927873 0.2730078328162714 0.7544125623925416 0.3648299062500001 0.7583556177884618
0 0.47887192293580616 0.6265902971572996 0.38752623630230865 0.6228012893276763 0.38177420519342553 0.7614716892857614 0.4731198918269231 0.7652606971153847
0 0.13735383653846167 0.7854924110576925 0.043986592247577574 0.7744582545387604 0.02823182061296218 0.9077697232887603 0.12159906490384628 0.9188038798076923
0 0.24113571634615397 0.8024520697115385 0.15610679995819357 0.7885374606828596 0.13502794899665507 0.9173453813559365 0.22005686538461544 0.9312599903846154
0 0.3567630649038463 0.8161341706730769 0.26773779826280747 0.8006392764598529 0.2449820408653847 0.9313815288461538 0.3340073075064235 0.9468764230593778
0 0.46057349991874663 0.8309817349533459 0.3703005704553067 0.8196144733834079 0.354901491209637 0.941906019680062 0.44517442067307694 0.9532732812500002
0 0.11183367347377457 0.9413124102256588 0.03215738942307704 0.938453483173077 0.029949100847033838 0.9999969309822271 0.10962538489773135 1.0028558580348088
0 0.4879807692307694 0.9499330576923076 0.13395719951923088 0.9499330576923076 0.1339571995192309 1 0.4879807692307694 1
0 1.0482055239749692 0.6958148739051857 0.6767978309827616 0.6369563009076251 0.6262046719007628 0.9562078141342827 0.9976123648929706 1.0150663871318433
0 0.6611407548776588 0.6090908396232014 0.4960959901628065 0.5878051797431376 0.4655495738920822 0.8246560039454707 0.6305943386069344 0.8459416638255344
0 1 0.4687500000000001 0.7686202283653846 0.4687500000000001 0.7686202283653846 0.551807310096154 1 0.551807310096154