0 0.48673574262324143 0.7141150316819479 0.4863953846397188 0.7054547173339791 0.44066794375620305 0.7107419744920336 0.44100830173972566 0.7194022888400023
0 0.428097123046875 0.7208951507537691 0.4277567651260278 0.7122348363508396 0.275331777333059 0.729859044893553 0.27567213525390627 0.7385193592964825
0 0.2687584453125 0.7282670184254607 0.19168287158203132 0.7282670184254607 0.19168287158203132 0.7395309882747069 0.2687584453125 0.7395309882747069
0 0.5661836972809458 0.6846298475239746 0.5564269628974671 0.4363724238019972 0.2732918554602713 0.46911005198991534 0.28304858984375 0.7173674757118927
0 0.34854675821261727 0.7126938588321914 0.3385631371198222 0.45866338779135246 0.08358133629530273 0.4881457794622523 0.09356495738809782 0.7421762505030913
0 0.1661278755980362 0.4758438872489253 0.1495312844709709 0.2251355949381121 0.07371323325598615 0.23990197575799801 0.09030982438305148 0.4906102680688112
0 0.5611565891444387 0.4271266363671242 0.5512864165966612 0.1759826878768856 0.34316934301909946 0.20004630941030277 0.35303951556687685 0.4511902579005414
0 0.4205245567219323 0.44338727667440414 0.41065437887361533 0.19224332999039154 0.15372636752186508 0.2219507522835955 0.16359654537018203 0.47309469896760814
0 0.09658432754699986 0.6848306683442001 0.06529044205809058 0.21210475078895627 -0.01052816185299444 0.22687123515282168 0.020765723635914845 0.6995971527080656
0 0.5448978671875 0.16512205443886102 0.533101177959149 -0.013078890662001484 0.46594754188800924 3.055838879910904e-10 0.4777442311163602 0.17820094540644638
0 0.45466782763671876 0.1610559916247906 0.4476039454474061 -0.01868254795162574 0.2313374228086293 0.0063233691548510995 0.2384013049979419 0.18606190873126743
0 0.22258125872370307 0.2139893769883086 0.21441284469949526 0.006146258839002957 0.057247286309301405 0.024318593406560375 0.06541570033350921 0.23216171155586604
0 0.06271658154296876 0.025073942211055286 1.9995610469210602e-18 0.025073942211055283 8.619502157041667e-18 0.2105120108877722 0.06271658154296877 0.2105120108877722
0 0.7381660295964623 0.1325038239447357 0.7253654247855194 0.07726839313937646 0.7048520747070313 0.0912546206030151 0.7176526795179743 0.14649005140837437
0 0.6934253647460937 0.15479700418760475 0.677833126650274 0.08639536779075967 0.6609767016601562 0.0977000586264656 0.676568939755976 0.16610169502331068
0 0.23759503662109377 0.9245250921273032 0.19117416142489532 0.7688163306121678 0.1448445901036231 0.8094522234691672 0.19126546529982152 0.9651609849843026
0 0.1326421403416705 0.8303112983061182 0.0946753276367188 0.8293692353433836 0.09433497060667177 0.8697254279789741 0.13230178331162346 0.8706674909417088
0 0.23192460449218755 0.7409825996649916 0.14166554309958287 0.7373068668231645 0.14130129215947293 0.7636215900574794 0.2315603535520776 0.7672973228993064
0 0.062413806152343744 0.7633377077051926 0.06241127131261312 0.7480298095661125 0.015300150218863126 0.7480527609898981 0.015302685058593748 0.7633606591289782
0 0.9567606166992189 0.8944992981574541 0.9201103975430163 0.894089273638146 0.9197076601562499 1 0.9563578793124525 1.000410024519308
0 0.6319179599609375 0.7395309882747071 0.5595703125 0.7395309882747071 0.5595703125 0.8122684162479064 0.6319179599609375 0.8122684162479064