0 0.10039791756998799 0.31236228128930177 0.09169891905969423 0.29959648803576194 0.03824212132460447 0.33602357052307047 0.04694111983489824 0.34878936377661024
0 0.06593335143208062 0.2894763767037606 0.05804722612547505 0.27660111657084757 0.021209614007946354 0.2991642354636724 0.029095739314551932 0.31203949559658534
0 0.1518548935413906 0.2526142849404218 0.13246446303008402 0.18249652885310785 0.06869707304820388 0.20013082312218447 0.08808750355951045 0.27024857920949846
0 0.08561922526041667 0.26132301432291666 0.0523285750190027 0.14094109701591687 -0.013431393441002581 0.15912648697199755 0.019859256800411385 0.2795084042789973
0 0.10445954427083333 0.1743117799479166 0.09514609253342605 0.13492695177906475 0.03937127391767196 0.1481161950864988 0.04868472565507923 0.1875010232553507
0 0.15047847350788954 0.11576875145304656 0.12675924176456374 0.02999762929979719 0.03310126953125 0.0558978984375 0.05682050127457582 0.14166902059074937
0 0.04940561045096901 0.1411229414985338 0.037473704122520914 0.05379266896910694 -0.01112296376301014 0.060432415671940964 0.0008089425654379534 0.14776268820136781
0 0.5037944583531013 0.8631235608003367 0.4110339249311838 0.5749679290269952 0.18911967526895965 0.6464046177563143 0.28188020869087715 0.9345602495296559
0 0.893168853998978 0.9743406743761581 0.8882323085937501 0.9401202083333334 0.859482794438522 0.9442675300509255 0.86441933984375 0.9784879960937501
0 0.8620014210434189 0.979121297825566 0.8541260340471793 0.9490532983939225 0.7946828734204271 0.9646226047350233 0.8025582604166667 0.9946906041666668
0 0.7993018606567549 0.9975455059250393 0.7942137096354166 0.9622740885416666 0.7679556146092733 0.9660620041667599 0.7730437656306116 1.0013334215501326