0 0.55859375 0.16305506445312506 0.448978740234375 0.16305506445312506 0.448978740234375 0.35508701953125 0.55859375 0.35508701953125005
0 0.4663415544395916 0.16145067807705302 0.2985720558043161 0.14204633967374203 0.2760625785756852 0.33666280279134964 0.4438320772109607 0.35606714119466065
0 0.31703274123905945 0.14630547047889675 0.17614280679192237 0.10910160218607756 0.12274777134967994 0.31130700147548684 0.263637705796817 0.34851086976830603
0 0.553548533203125 6.262773098378668e-17 0.4621323125 5.703010188007518e-17 0.4621323125 0.15813457421875005 0.553548533203125 0.15813457421875005
0 0.46586765914523 0.000053419014068478016 0.19385616126198654 -0.014125586330241196 0.18637102669334946 0.12947000563345942 0.4583825245765929 0.14364901097776908
0 1.0213748678202474 0.11332136348108812 0.9989185990151577 0.07483543678517968 0.8502058593749999 0.16160827929687493 0.8726621281800897 0.20009420599278338
0 0.7218253984375 0.2796622734375001 0.5712636875 0.2796622734375001 0.5712636875 0.3691406250000001 0.7218253984375 0.3691406250000001
0 0.35808659273528654 0.9716062936164824 0.34713739453125 0.8824322246093751 0.2269462596608966 0.8971898393814306 0.23789545786493316 0.9863639083885379
0 0.22239088071054677 0.9905334737431771 0.21255562023421642 0.8972810112976376 -0.008376098595940629 0.9205824978771151 0.00145916188038972 1.0138349603226546
0 0.9882537436165264 0.9734122662041528 0.9797569424730606 0.8745100189830805 0.8659425296312803 0.8842879407224653 0.8744393307747461 0.9831901879435376
0 0.8769456922357333 0.9827503612400414 0.8583479488879184 0.87677073248975 0.7060750129120867 0.9034922167550831 0.7246727562599016 1.0094718455053744
0 0.7195364375000001 0.9056448359375 0.6462242675781251 0.9056448359375 0.6462242675781252 1 0.7195364375000002 1
0 1.0088761684144574 0.8478721443771658 0.9999999999922321 0.797291109330735 0.8749325815777746 0.819238455187944 0.8838087499999998 0.8698194902343749