0 0.10889854567307695 0.27944287500000003 0.026883886895126306 0.2682071356728693 0.021733056419275476 0.30580533830114753 0.10374771519722613 0.31704107762827827
0 0.19051968649449766 0.2883711003330376 0.11318921869318681 0.27777706381725564 0.10197847003401492 0.3596091810584232 0.17930893783532575 0.3702032175742052
0 0.022800932004763026 0.26539417115797026 0.000022405303396793714 0.262273588308099 -0.002704573135764652 0.28217902077980905 0.02007395356560158 0.2852996036296803
0 0.19848337983414496 0.23763948510617133 0.12174985624416244 0.22712723937999077 0.11569003070017143 0.2713605819447445 0.19242355429015398 0.28187282767092503
0 0.122910484953787 0.20292137787438452 0.0422566404796259 0.18815276240904505 0.029252549428455753 0.2591702480785997 0.10990639390261683 0.27393886354393915
0 0.03645868509615388 0.17713820192307697 0.0162952555774266 0.17344605319361694 0.0016395963098169665 0.2534830111674487 0.021803025828544244 0.2571751598969087
0 0.23675467307692302 0.06488147596153848 0.060324870051712345 0.03257521883123566 0.03789750834239653 0.15505474324009297 0.21432731136760722 0.1873610003703958
0 0.4074170480769231 0.0860086370192308 0.25664555872351874 0.06535343322259415 0.2396780505225863 0.18920679759788317 0.3904495398759905 0.20986200139451985
0 0.3605154831730769 0.0007219687500000366 0.09922469082430069 -0.03507399581669121 0.09195290657339883 0.018006017299522732 0.353243698922175 0.05380198186621398
0 0.7091327454159692 0.5368493944655092 0.7065892295408709 0.5129181072232959 0.6561103302787481 0.5182832127577867 0.6586538461538461 0.5422145
0 0.7206357987591592 0.27926083277931757 0.71623353125 0.23970093269230772 0.6542515786446869 0.24659834991299012 0.658653846153846 0.28615825
0 0.31934494339568115 0.6336105816697729 0.08614698612875442 0.5382476341765472 0.06486125961538466 0.5902991706730769 0.2980592168823114 0.6856621181663027