0 0.5767661819502247 0.6249192046200072 0.5523921586538463 0.6200367091346155 0.5484128973766986 0.6399016751876853 0.572786920673077 0.644784170673077
0 0.5838355787040392 0.5875937668689925 0.5594335745192308 0.5827056634615384 0.5549569351633498 0.6050535892704534 0.5793589393481583 0.6099416926779073
0 0.39293860287545 0.5485899534620015 0.32759494163483527 0.5362647739115467 0.30632346830233165 0.649038461454022 0.3716671295429465 0.6613636410044769
0 0.32290417246474323 0.5345609637393218 0.2575605096153847 0.5222357836538463 0.23583585174741653 0.6374120901578829 0.30117951459677506 0.6497372702433585
0 0.1999653224675016 0.5029507875229782 0.0019895017676096684 0.4632931535494146 -0.022383440892199544 0.5849659020841287 0.1755923798076924 0.6246235360576923
0 0.5569803954847791 0.5558492503897974 0.44323475555166686 0.534394447043632 0.4216105 0.6490384615384616 0.5353561399331122 0.6704932648846269
0 0.5892322831824341 0.5575967921403258 0.5650306744163289 0.5530318607943936 0.5617292301762026 0.5705349196156064 0.5859308389423078 0.5750998509615386
0 0.5935815591474617 0.5353082641518144 0.5644618197115385 0.5294751274038462 0.561974813355956 0.5418905704457523 0.5910945527918792 0.5477237071937205
0 0.600265386611594 0.5004888433496595 0.5710337211538461 0.4946332836538463 0.5665570820089821 0.5169812101810558 0.59578874746673 0.522836769876869
0 0.6068374053234893 0.46564636051657704 0.5776057403846153 0.45979080528846156 0.5731291042918951 0.48213873323342304 0.6023607692307691 0.4879942884615386
0 0.6146275056131063 0.42296046976302815 0.5855859460801279 0.41748262480472903 0.5798911087362524 0.4476745997532394 0.6089326682692309 0.4531524447115384
0 0.1133565502997835 0.30350631153188473 0.002030266337974651 0.2825078484654664 -0.024024805596424146 0.42064245039512005 0.0873014783653847 0.4416409134615385
0 0.6184051227514474 0.4033947452708639 0.5893413533653846 0.39757281971153857 0.5878492256207722 0.40502170517426966 0.616912995006835 0.4108436307335949
0 0.5823380121313151 0.3948397125204706 0.46859175342744536 0.3733847930088874 0.43924564994997645 0.5289672679884169 0.5529919086538462 0.5504221875000002
0 0.24908572304145732 0.3279991762492871 0.1256589443691304 0.3047183063175004 0.09911389921228855 0.44545056516436726 0.22254067788461546 0.468731435096154
0 0.3356667722471871 0.23311644862795186 0.24148217355751248 0.2142498050560546 0.22357549402011753 0.30364214554667157 0.31776009270979216 0.32250878911856884
0 0.21971946799784994 0.209890397209131 0.12699893269230775 0.1913170288461539 0.10958962961950282 0.2782264072992584 0.202310164925045 0.29679977566223553
0 0.07776400163421865 0.08030219661823623 0.0414620216346154 0.07345488461538462 0.00899451759655061 0.2455858875163792 0.045296497596153874 0.25243319951923077
0 0.3737512572115386 0.9719503293269229 0.22294945771586713 0.9556156611074912 0.2190618148802434 0.9915064136794407 0.36986361437591486 1.0078410818988723
0 0.13237718269230778 0.8592157692307693 0.05786416735166623 0.8511446111422869 0.05577085096153855 0.8704701298076922 0.13028386630218008 0.8785412878961746
0 0.6173823894230769 0.8698526802884614 0.3832547115708956 0.8444922522422487 0.3721899162688931 0.9466425324049855 0.6063175941210746 0.9720029604511983
0 0.3952036995192309 0.8457865528846156 0.15976468151146295 0.8202840802226002 0.1486998856920218 0.9224343578333598 0.3841389036997898 0.9479368304953752
0 0.31949783113235836 0.789504594072273 0.12984060673052164 0.75601511795787 0.11310153919100177 0.8508116169468425 0.3027587635928385 0.8843010930612455
0 0.1811974543269232 0.7192572067307694 0.09740731162079176 0.7101811587511648 0.09097780769230773 0.7695383870192308 0.17476795039843918 0.7786144349988354
0 0.6370641888648072 0.7672396290338804 0.4143028449548058 0.7431103900438211 0.4033876029577344 0.84387999895574 0.6261489468677358 0.8680092379457993
0 0.5958339399302086 0.6775806543956489 0.4474164730462885 0.6615042543784422 0.43859455766484917 0.7429482550611907 0.5870120245487693 0.7590246550783974
0 0.4590455625000001 0.662763901442308 0.111733302472199 0.6251434568559809 0.09169707746536641 0.8101180542077019 0.43900933749316756 0.847738498794029