0 0.4397355506532874 0.4579941567357709 0.4396392086503624 0.45423909082957065 0.3104000163026828 0.46658241342867235 0.31049635830560784 0.4703374793348726
0 0.10286879772502476 0.4377939007633588 0.03105338180019785 0.4377939007633588 0.03105338180019785 0.4799618320610687 0.10286879772502476 0.4799618320610687
0 0.02814272979281878 0.4796188990089532 0.027631623639960436 0.4446568578244275 0.015648107742382473 0.44530899404569263 0.016159213895240818 0.4802710352302183
0 0.2819037445067456 0.4730682910328784 0.28050686613081655 0.4186229794427507 0.18498642373939128 0.42774590580084393 0.18638330211532034 0.4821912173909716
0 0.18199735064292782 0.4282458263358779 0.10462214540059349 0.4282458263358779 0.10462214540059349 0.4799618320610687 0.18199735064292785 0.4799618320610687
0 0.44322811795911987 0.44825016545079605 0.43966369929594645 0.30932190889629896 0.3131290666400037 0.3214069259920454 0.31669348530317704 0.46033518254654254
0 0.4410597112528454 0.3054247943322615 0.43744711580474366 0.16461876362614744 0.3598752987905117 0.17202745964528843 0.36348789423861344 0.3128334903514025
0 0.387186400555728 0.11481096329854572 0.3385777569886852 0.053717234349907134 0.275526172899861 0.2404637931449497 0.32413481646690373 0.30155752209358827
0 0.08364227151335313 0.4336612566793894 0.058745097335060725 0.12300195517157254 -0.008604472178318195 0.1430947457397132 0.016292701999974214 0.45375404724753
0 0.3220946218691408 0.39738634009392654 0.295451993299285 0.06494779994272683 0.21968383497778962 0.08755215768987246 0.2463264635476454 0.4199906978410721
0 0.24230688829532002 0.412861424451132 0.2137195494757289 0.056157365121873505 0.13795139064971207 0.07876172164456834 0.16653872946930318 0.4354657809738268
0 0.16190934713911814 0.4207219991655933 0.13315663629497804 0.06195448305737199 0.05907167852910897 0.08405668068493992 0.08782438937324905 0.4428241967931612
0 0.09688373788328387 0.12562843320610695 0.09539054206272163 0.06742901757968275 0.026127300887288585 0.0740441827060408 0.02762049670785083 0.13224359833246493
0 0.02487600395647874 0.13062382633587785 0.023527302470452073 0.07805628547287441 -0.001348701486026667 0.08043213280111867 4.392573786845327e-19 0.13299967366412213
0 0.11535171991931333 0.04105614708998874 0.11453286730742544 0.009140163263364219 -0.00014450453156738806 0.02009270636170044 0.0006743480803204991 0.052008690188324956
0 0.5385503086053413 0.3796609904580154 0.5382098301949098 0.36274803248202264 0.45910052411149693 0.36867643006080475 0.45944100252192854 0.3855893880367975
0 0.6938082294757666 0.34118726526717574 0.4533204673590504 0.3411872652671757 0.4533204673590504 0.47996183206106885 0.6938082294757666 0.4799618320610689
0 0.5404310316518298 0.35505400763358785 0.5402418737414105 0.3456577590499091 0.45661890899517166 0.351924407153771 0.45680806690559106 0.3613206557374498
0 0.527430290306627 0.3353260162213741 0.5272789697644927 0.3278093056613617 0.448169774975272 0.3337376956106871 0.4483210955174063 0.34125440617069946
0 0.8336819574958272 0.3239766124687844 0.8331119289745421 0.2823886706461351 0.691864700672878 0.289595576187252 0.692434729194163 0.3311835180099013
0 0.7345494876360039 0.2765182375954198 0.7343603394530326 0.26712246925852146 0.6899859678422 0.2704478534408403 0.6901751160251713 0.2798436217777387
0 0.8301092487636004 0.26559278721374047 0.8298066077888905 0.2505593680153741 0.780612725519288 0.2542459236641221 0.7809153664939977 0.26927934286248845
0 0.8279713950574773 0.25069691963400176 0.8252098129604042 0.11351709536920548 0.6903695967253495 0.12362187609926119 0.6931311788224226 0.2608017003640575
0 0.9893229540839183 0.4588011508412097 0.979676270372773 -0.02038924927832699 0.671428115231602 0.0027106535841673 0.6810747989427471 0.481901053703704
0 0.6834681013597008 0.3292788072569556 0.676885654180299 0.002301670277984112 0.4350328604910736 0.02042595356062835 0.44161530767047535 0.3474030905395998
0 0.01420079702456603 0.8305912401907058 0.013918182305323856 0.820424823607175 0.005177366442196745 0.8213293444613191 0.005459981161438918 0.83149576104485
0 0.07977135418341476 0.8074925709206587 0.07541903508775755 0.6509278682528012 -0.0025668226602440485 0.6589980341317925 0.001785496435413163 0.81556273679965
0 0.1398405285745286 0.6381437765724823 0.13565778635014838 0.48767913358778625 -0.004182742224380243 0.5021501633130139 0 0.65261480629771
0 0.9793560419583665 0.5687741147722712 0.9622021888204584 0.45859194732742764 0.9253288837784371 0.4799618320610688 0.9424827369163453 0.5901439995059125
0 0.9205526800935464 0.623167409074734 0.9169250064378293 0.6026622331887366 0.8843919735635558 0.624087636289381 0.8880196472192731 0.6445928121753783
0 0.9183235752199955 0.5984689824862739 0.9150057247405636 0.5805548224815762 0.8810675436847619 0.6039533571708751 0.8843853941641938 0.6218675171755726
0 0.9142058777336896 0.5765534762719983 0.9111574177383432 0.5519337059754675 0.8761705637027388 0.568060243591 0.879219023698085 0.5926800138875309
0 0.9111952370606891 0.546034432719144 0.8967112545307069 0.4609291241346165 0.8607759587327007 0.4836954161882645 0.8752599412626829 0.568800724772792
0 0.8168021456366246 0.4995191962152271 0.8125084610486016 0.47812230611715545 0.778849930263666 0.503265148582268 0.783143614851689 0.5246620386803397
0 0.8198321203896038 0.5279216761439909 0.8178245232443124 0.5024014141221373 0.7815466161109241 0.5130250555134317 0.7835542132562155 0.5385453175352852
0 0.8253865157650706 0.5458891984506343 0.8220228071854123 0.523712932710065 0.7860542137556294 0.544022147740181 0.7894179223352878 0.5661984134807503
0 0.8282217924209774 0.5638941670030586 0.8243387671897024 0.5407509583376282 0.7882399722958153 0.5632974556722247 0.7921229975270904 0.5864406643376553
0 0.8304841599136482 0.5853567049187559 0.8274585008643089 0.5692044849588824 0.7945152849982223 0.5921762040277292 0.7975409440475615 0.6083284239876027
0 0.8350329963601886 0.6092066026435554 0.8323525232443126 0.5907296536259542 0.7978606199328633 0.60935644680781 0.8005410930487392 0.6278333958254111
0 0.8385791491143161 0.6347297449490787 0.8361247720894234 0.6117186855049148 0.800307097761542 0.6259400668817164 0.8027614747864347 0.6489511263258804
0 0.8417215890207715 0.6491072366412214 0.8373491532994745 0.6291652644900291 0.8046420251881522 0.6558607287164356 0.8090144609094493 0.675802700867628
0 0.8458192626112759 0.6720761975190842 0.8415388531832787 0.6480202479183553 0.8075467641625071 0.6705356858954544 0.8118271735905045 0.6945916354961833