0 0.309375 0.15334471562500004 0.23104136562500002 0.15334471562500004 0.23104136562500002 0.32212315 0.309375 0.32212315
0 0.7830548281249999 0.2339876281250001 0.6885397960298127 0.21210648387662728 0.683069204083239 0.2357365631604627 0.7775842361784262 0.25761770740883544
0 0.2552686406250001 0.9132354906250001 0.021856290625000115 0.9132354906250001 0.02185629062500012 1 0.2552686406250001 1
0 0.30937500000000007 0.9090530593749999 0.2593209187500001 0.9090530593749999 0.2593209187500001 0.991130234375 0.30937500000000007 0.991130234375
0 0.30937500000000007 0.729688040625 0.2703456781250001 0.729688040625 0.2703456781250001 0.900300284375 0.30937500000000007 0.900300284375
0 0.28506724639599323 0.6087888425854262 0.04980741430716576 0.5887132466671063 0.0229338141041608 0.9036368333493765 0.25819364619298824 0.9237124292676965
0 0.8678998703621315 0.8913828273343825 0.8449840975811045 0.7961429535832862 0.6222095919595779 0.8497449770967812 0.645125364740605 0.9449848508478773
0 0.8445407591719508 0.781259345250809 0.8414865790927459 0.6062860022121466 0.6321440637163638 0.6099401001969575 0.6351982437955688 0.7849134432356198
0 0.5852214783020745 0.6076338562469091 0.5824399975920695 0.4482829281459885 0.3293533490812414 0.452700571891037 0.3321348297912465 0.6120514999919576
0 0.32276129688775596 0.6122151163557878 0.31997981654052254 0.45286418867637224 0.3065935196527666 0.45309784732058433 0.309375 0.6124487750000001
0 0.8349106977986432 0.5876475336345027 0.832074680933761 0.42517228344395114 0.622731367535398 0.4288263856327571 0.6255673844002804 0.5913016358233087
0 0.808893884375 0.3500000000000001 0.724495959375 0.3500000000000001 0.724495959375 0.35510820625000006 0.808893884375 0.35510820625000006
0 0.718337428125 0.3500000000000001 0.633857353125 0.3500000000000001 0.633857353125 0.3566898406250001 0.718337428125 0.3566898406250001
0 0.5557531 0.35000000000000003 0.309375 0.35 0.309375 0.359284775 0.5557531 0.359284775