0 0.4518283264465993 0.4762580385315397 0.3826509296823407 0.4729103366665783 0.3775423596822588 0.5784745679060662 0.4467197564465174 0.5818222697710277
0 0.3761733829625272 0.4749629684593795 0.3040156153298205 0.4715290351888632 0.2985496474636925 0.5863862581169624 0.3707074150963993 0.5898201913874788
0 0.2995098611502929 0.47370084288194586 0.2301930216085267 0.46984807513727805 0.2237860136266563 0.5851193745393177 0.29310285316842244 0.5889721422839856
0 0.37847091899405166 0.31628591340355655 0.3095998358103978 0.3150003489603194 0.30680726448788 0.4646057715909543 0.3756783476715339 0.46589133603419136
0 0.30737389857290043 0.3145433523188776 0.23797910270407266 0.31112616411231553 0.23059987913712046 0.4609802787073908 0.29999467500594823 0.46439746691395284
0 0.5489785688031248 0.17733411600049173 0.3981272533603925 0.16749744779698925 0.3785413553567061 0.4678591573574753 0.5293926707994384 0.47769582556097784
0 0.4734890626624076 0.1734663011848544 0.40093238759913724 0.17001338636106203 0.3946210919400954 0.3026336946310423 0.4671777670033658 0.3060866094548347
0 0.5539436299739742 0.06556384160333699 0.4836619549341131 0.0619014023556509 0.4781211001534711 0.16822959752835617 0.5484027751933321 0.1718920367760423
0 0.32512478179207144 0.05076597972285716 0.2548559144833878 0.04736545812468303 0.24639679201092027 0.22216598133997012 0.316665659319604 0.22556650293814423
0 0.5540819350961539 0.00385912500000007 0.4875375140442918 0.002772956014199581 0.486636399037181 0.05797999767460639 0.553180820089043 0.05906616666040688
0 0.4778276201923076 0.0026144639423077505 0.40649636468327066 0.0012829750030813902 0.403444766826923 0.16476484855769233 0.47477602233595995 0.1660963374969187
0 0.40205753636134467 0.001393439334584946 0.3319422067712819 -0.0020290197322274128 0.32075355648888587 0.22719093203444782 0.3908688860789486 0.2306133911012602
0 0.8038386634615384 9.039595268775469e-17 0.6717080336538461 8.230528504458898e-17 0.6717080336538461 0.03720198317307701 0.8038386634615384 0.03720198317307702
0 0.22234895364966725 0.9218918907430637 1.1315734674064095e-16 0.9193587307692308 -0.0008598022397028402 0.9948281564345743 0.2214891514099643 0.9973613164084072
0 0.27351287726531237 0.7464322947004938 0.004172573229458187 0.6947732770734212 -0.031515566540188736 0.8808444580126681 0.23782473749566543 0.9325034756397407
0 0.275007045673077 0.5889423076923077 0.003182300480769308 0.5889423076923077 0.003182300480769315 0.7032488846153846 0.275007045673077 0.7032488846153846