0 0.6105610225652294 0.45830990267435423 0.2978688031343788 0.3862511137825252 0.2941631116041842 0.40233160759768083 0.6068553310350348 0.47439039648950987
0 1 0.09212214687500012 0.8903913171875001 0.09212214687500012 0.8903913171875001 0.20828184531250007 1 0.20828184531250007
0 1 0.2321728453125001 0.9357018374999999 0.2321728453125001 0.9357018374999999 0.3708570484375001 1 0.3708570484375001
0 1.0001037904610743 0.37664048439200826 0.9612404953125001 0.3763426812500001 0.9611367048514259 0.3898873312329919 1.0000000000000002 0.39018513437500013
0 1.0008778762442851 0.39816314775057304 0.9340568433258694 0.39774681796281197 0.9331777183538341 0.5388465913219913 0.9999987512722498 0.5392629211097524
0 0.8232512581523306 0.1103763023997757 0.6753723046875 0.07235028437500007 0.6593057730976694 0.13483123822522447 0.8071847265625 0.1728572562500001
0 0.7996764613605769 0.19652224283511577 0.6531289593749999 0.15967601562500006 0.643336844889423 0.19862192747738436 0.7898843468749999 0.23546815468750007
0 0.7828788855784983 0.26360207951989845 0.6374762359374999 0.22640605156250007 0.6271813175465016 0.2666498220426018 0.7725839671875001 0.3038458500000001
0 0.7643637704109539 0.3269172018107586 0.619793871834289 0.2934906380661932 0.6098898592358352 0.3363254956304347 0.7544597578125001 0.3697520593750001
0 0.5710705083596809 0.8595697297110367 0.46144159922489936 0.6646500863050878 0.3140041383806652 0.7475735296047084 0.42363304751544667 0.9424931730106572
0 0.8857296874999999 0.5842703124999999 0.8808985619964123 0.5592377208332089 0.7857296875 0.5776046875 0.7905608130035876 0.6026372791667912