0 0.12447683056640622 0.03873608699122109 0.08322402228800956 0.030797099986953416 0.07956050229307084 0.08165339950529385 0.1208133105714675 0.08959238650956153
0 0.07497807145726264 0.02921018896298976 0.04425842756819126 0.023298280053868373 0.043101522612173974 0.03935821890160178 0.07382116650124536 0.04527012781072316
0 0.2084453344726562 0.027757955307262598 0.18105424543629947 0.022486617979674772 0.17989734065687332 0.03854655613954237 0.20728842969323005 0.0438178934671302
0 0.17945395068359374 3.402439277382762e-17 0.15049458839117258 -0.006060700785529039 0.1468604077169773 0.040329946017833844 0.17581977000939847 0.04639064680336292
0 0.14655717041015623 2.835366064485635e-17 0.1295219708635709 -0.0035651770426718193 0.1266013033071413 0.03371740763453248 0.14363650285372664 0.03728258467720433
0 0.12577960400390625 2.835366064485635e-17 0.08659947281947794 -0.00819973387379669 0.0839586237555336 0.02551094287117013 0.12313875493996192 0.03371067674496685
0 0.0755683349609375 1.0100903316949895e-17 0.0240491806640625 4.944718654367829e-18 0.0240491806640625 0.023541347166799693 0.0755683349609375 0.0235413471667997
0 0.7785423842514329 0.2989885400930883 0.7315232992152075 0.28509669110880237 0.7095574348093219 0.4837154122488087 0.7565765198455472 0.49760726123309457
0 0.42229621275441553 0.7752459558705445 0.38573019921875007 0.7657387055067838 0.38040207337839704 0.8204850241773409 0.41696808691406256 0.8299922745411016
0 0.18569179882812506 0.7401985586592179 0.07352533158051225 0.7184735128629411 0.07070365794841252 0.7573929798206411 0.18287012519602536 0.7791180256169178
0 0.46004876123046884 0.8525932458100558 0.4399414062500001 0.8525932458100558 0.4399414062500001 0.8750821867517958 0.46004876123046884 0.8750821867517958
0 0.6331251274414063 0.6895450917797288 0.4630914697265625 0.6895450917797288 0.4630914697265625 0.7341001420590585 0.6331251274414063 0.7341001420590585