0 0.07377415218418606 0.49658278613044343 0.06118020683334666 0.05932362815947571 -0.008350396661269792 0.06382952668780453 0.004243548689569605 0.5010886846587723
0 0.25574313679039457 0.049839748360921116 0.25335249902870527 -0.006566560924987166 0.15955912135289407 0.0023776243078417244 0.16194975911458334 0.058783933593750004
0 0.06584014204190791 0.014011589594415091 0.06572630200088829 0.01132557227348701 0.009522994594397045 0.01668515064782192 0.009636834635416668 0.019371167968750002
0 0.4950991145833334 0.447726599609375 0.49468137062394407 0.4315700136172172 0.46041745567874254 0.4335633476591835 0.46083519963813185 0.4497199336513412
0 0.4296669760083062 0.3460705487936099 0.3970249759724802 0.2762987954921047 0.3489688117810667 0.3268846097768357 0.3816108118168926 0.3966563630783409
0 0.5503629319667439 0.3830489475698268 0.4787166297188843 0.21720258651983626 0.4113721840283488 0.2826620037795834 0.4830184862762083 0.448508364829574
0 0.3973279557291666 0.280814705078125 0.3962835850437954 0.2404228940288405 0.37786187931462883 0.2414945952007155 0.37890625 0.28188640624999994
0 0.48528390220324996 0.2294148300994277 0.3998564469177497 0.03467161258309387 0.33255686477898666 0.10109637573394462 0.4179843200644869 0.2958395932502784
0 0.5290523291279633 0.05906858836259207 0.5253196366835291 0.03437771481768445 0.44103337248794966 0.06304754203787014 0.4447660649323839 0.08773841558277776
0 0.6735362057663673 0.011240426491574175 0.6732577095536375 0.00046910110623149537 0.6392805300260599 0.0024457065682414944 0.6395590262387897 0.013217031953584174
0 0.6339475171175731 0.02823946153830567 0.6298062638400673 -0.009740425062069458 0.5392447160200874 0.012477550441944152 0.5433859692975932 0.05045743704231928
0 0.5195978195737869 0.05255836705982132 0.5184838125356771 0.009473215395410236 0.4139583188062974 0.015554076089894012 0.4150723258444073 0.05863922775430511
0 0.7121752382812501 1.0000000000000002 0.7104275652037062 0.8820303920394184 0.6855876287006358 0.8828583781648774 0.6873353017781797 1.0008279861254592
0 0.6556933697916667 1 0.6542572706306978 0.8784486663531118 0.5957078642770623 0.8800050967873831 0.5971439634380312 1.0015564304342712