0 0.24609400000000012 0.941406 0.1718750000000001 0.941406 0.1718750000000001 0.996094 0.24609400000000012 0.996094
0 0.6953120000000002 0.902344 0.39453100000000013 0.902344 0.39453100000000013 0.996094 0.6953120000000003 0.996094
0 0.24609400000000012 0.84375 0.1562500000000001 0.84375 0.1562500000000001 0.929688 0.24609400000000012 0.929688
0 0.24756445792649667 0.7660385411102536 0.1448066921130252 0.7581347202038808 0.13931535806169432 0.8295276863571536 0.24207312387516577 0.8374315072635263
0 0.7206376662587177 0.8122029084124539 0.7144854397404887 0.6922266159530225 0.3109990149051567 0.7129168692666656 0.31715124142338574 0.8328931617260971
0 0.2460940000000001 0.671875 0.14453100000000005 0.671875 0.14453100000000008 0.746094 0.24609400000000012 0.746094
0 0.4960940000000001 0.582031 0.4687500000000001 0.582031 0.4687500000000001 0.664062 0.4960940000000001 0.664062
0 0.4921880000000001 0.53125 0.4648440000000001 0.53125 0.4648440000000001 0.566406 0.4921880000000001 0.566406
0 0.24609400000000006 0.511719 0.12109400000000005 0.511719 0.12109400000000006 0.65625 0.24609400000000006 0.65625
0 0.7298596462749452 0.6630263787685057 0.714677562057077 0.4428987882951224 0.50715141088803 0.4572117578673736 0.522333495105898 0.6773393483407568
0 0.15234400000000006 0.429688 0.08593750000000006 0.429688 0.08593750000000006 0.476562 0.15234400000000006 0.476562
0 0.726562 0.35937500000000006 0.308594 0.359375 0.308594 0.433594 0.726562 0.43359400000000003
0 0.24609400000000006 0.296875 0.07031250000000003 0.296875 0.07031250000000004 0.398438 0.24609400000000006 0.398438
0 0.742188 0.27734400000000003 0.308594 0.277344 0.308594 0.32812500000000006 0.742188 0.3281250000000001
0 0.742188 0.1992190000000001 0.308594 0.19921900000000006 0.308594 0.2539060000000001 0.742188 0.25390600000000013
0 0.25684404666280086 0.25750780059428163 0.2538366840587437 0.18984649157389433 0.04799331740553321 0.1989956737598251 0.05100068000959032 0.2666569827802124