0 0.45703100000000013 0.988281 0.3984380000000001 0.988281 0.3984380000000001 0.992188 0.45703100000000013 0.992188
0 0.3906250000000001 0.984375 0.3125000000000001 0.984375 0.3125000000000001 0.996094 0.3906250000000001 0.996094
0 0.30078100000000013 0.984375 0.2109380000000001 0.984375 0.2109380000000001 0.988281 0.30078100000000013 0.988281
0 0.9960940000000003 0.9804690000000003 0.9296880000000002 0.9804690000000003 0.9296880000000002 0.9921880000000002 0.9960940000000003 0.9921880000000002
0 0.9179690000000003 0.9804690000000001 0.8554690000000003 0.980469 0.8554690000000003 0.9960940000000001 0.9179690000000003 0.9960940000000003
0 0.15234400000000012 0.980469 0.13671900000000012 0.980469 0.13671900000000012 0.996094 0.15234400000000012 0.996094
0 0.8242190000000003 0.964844 0.7812500000000002 0.964844 0.7812500000000002 0.996094 0.8242190000000003 0.996094
0 0.4804690000000001 0.964844 0.3984380000000001 0.964844 0.3984380000000001 0.96875 0.4804690000000001 0.96875
0 0.3906250000000001 0.964844 0.3125000000000001 0.964844 0.3125000000000001 0.976562 0.3906250000000001 0.976562
0 0.30078100000000013 0.964844 0.21484400000000012 0.964844 0.21484400000000012 0.96875 0.30078100000000013 0.96875
0 0.09765620000000011 0.964844 0.07812500000000011 0.964844 0.07812500000000011 0.988281 0.09765620000000011 0.988281
0 0.6562500000000002 0.953125 0.6406250000000002 0.953125 0.6406250000000002 0.957031 0.6562500000000002 0.957031
0 0.30078100000000013 0.953125 0.21484400000000012 0.953125 0.21484400000000012 0.957031 0.30078100000000013 0.957031
0 0.4921880000000001 0.945312 0.3984380000000001 0.945312 0.3984380000000001 0.957031 0.4921880000000001 0.957031
0 0.6562500000000002 0.941406 0.6406250000000002 0.941406 0.6406250000000002 0.945312 0.6562500000000002 0.945312
0 0.30078100000000013 0.941406 0.2109380000000001 0.941406 0.2109380000000001 0.945312 0.30078100000000013 0.945312
0 0.2031250000000001 0.9375 0.1601560000000001 0.9375 0.1601560000000001 0.996094 0.2031250000000001 0.996094
0 0.7695310000000002 0.933594 0.7265620000000003 0.933594 0.7265620000000003 0.964844 0.7695310000000002 0.964844
0 0.5000000000000002 0.933594 0.3984380000000001 0.933594 0.3984380000000001 0.9375 0.5000000000000002 0.9375
0 0.5000000000000002 0.921875 0.3984380000000001 0.921875 0.3984380000000001 0.925781 0.5000000000000002 0.925781
0 0.6580191907264591 0.9676241476128302 0.6170035613156953 0.9031712299654082 0.527780161730587 0.959949945743183 0.5687957911413507 1.024402863390605
0 0.30078100000000013 0.917969 0.21484400000000012 0.917969 0.21484400000000012 0.933594 0.30078100000000013 0.933594
0 0.3906250000000001 0.914062 0.3125000000000001 0.914062 0.3125000000000001 0.957031 0.3906250000000001 0.957031
0 0.5000000000000002 0.910156 0.3984380000000001 0.910156 0.3984380000000001 0.914062 0.5000000000000002 0.914062
0 0.30078100000000013 0.910156 0.2421880000000001 0.910156 0.2421880000000001 0.914062 0.30078100000000013 0.914062
0 0.6289060000000001 0.90625 0.613281 0.90625 0.6132810000000001 0.910156 0.6289060000000002 0.910156
0 0.3906250000000001 0.902344 0.3125000000000001 0.902344 0.3125000000000001 0.90625 0.3906250000000001 0.90625
0 0.30078100000000013 0.898438 0.2421880000000001 0.898438 0.2421880000000001 0.902344 0.30078100000000013 0.902344
0 0.007812500000000111 0.894531 1.095484525888081e-16 0.894531 1.0978768734102153e-16 0.898438 0.007812500000000111 0.898438
0 0.523438 0.890625 0.3984380000000001 0.890625 0.3984380000000001 0.902344 0.523438 0.902344
0 0.3906250000000001 0.890625 0.3125000000000001 0.890625 0.3125000000000001 0.894531 0.3906250000000001 0.894531
0 0.30078100000000013 0.882812 0.2617190000000001 0.882812 0.2617190000000001 0.886719 0.30078100000000013 0.886719
0 0.519531 0.878906 0.3984380000000001 0.878906 0.3984380000000001 0.882812 0.519531 0.882812
0 0.3906250000000001 0.878906 0.3125000000000001 0.878906 0.3125000000000001 0.882812 0.3906250000000001 0.882812
0 0.011718800000000107 0.875 1.071565949253934e-16 0.875 1.0739576844526688e-16 0.878906 0.011718800000000107 0.878906
0 0.523438 0.867188 0.44140600000000013 0.867188 0.44140600000000013 0.871094 0.523438 0.871094
0 0.42578100000000013 0.867188 0.3984380000000001 0.867188 0.3984380000000001 0.871094 0.42578100000000013 0.871094
0 0.3906250000000001 0.867188 0.3125000000000001 0.867188 0.3125000000000001 0.871094 0.3906250000000001 0.871094
0 0.2500000000000001 0.867188 0.2109380000000001 0.867188 0.2109380000000001 0.90625 0.2500000000000001 0.90625
0 0.523438 0.855469 0.44140600000000013 0.855469 0.44140600000000013 0.859375 0.523438 0.859375
0 0.42578100000000013 0.855469 0.3984380000000001 0.855469 0.3984380000000001 0.859375 0.42578100000000013 0.859375
0 0.3906250000000001 0.855469 0.3125000000000001 0.855469 0.3125000000000001 0.859375 0.3906250000000001 0.859375
0 0.011718800000000106 0.855469 1.0476473726197871e-16 0.855469 1.054823190539391e-16 0.867188 0.011718800000000107 0.867188
0 0.636719 0.851562 0.597656 0.851562 0.597656 0.871094 0.636719 0.871094
0 0.523438 0.84375 0.44140600000000013 0.84375 0.44140600000000013 0.847656 0.523438 0.847656
0 0.3906250000000001 0.84375 0.3203120000000001 0.84375 0.3203120000000001 0.847656 0.3906250000000001 0.847656
0 0.2187500000000001 0.84375 0.19921900000000012 0.84375 0.19921900000000012 0.859375 0.2187500000000001 0.859375
0 0.42578100000000013 0.835938 0.3984380000000001 0.835938 0.3984380000000001 0.839844 0.42578100000000013 0.839844
0 0.015625000000000104 0.835938 1.02372879598564e-16 0.835938 1.0309040015818445e-16 0.847656 0.015625000000000104 0.847656
0 0.3906250000000001 0.832031 0.3203120000000001 0.832031 0.3203120000000001 0.835938 0.3906250000000001 0.835938
0 0.5 0.824219 0.44140600000000013 0.824219 0.44140600000000013 0.828125 0.5 0.828125
0 0.4296880000000001 0.824219 0.3984380000000001 0.824219 0.3984380000000001 0.828125 0.4296880000000001 0.828125
0 0.015625000000000104 0.824219 1.0093771601464324e-16 0.824219 1.0117688953451671e-16 0.828125 0.015625000000000104 0.828125
0 0.589844 0.820312 0.570312 0.820312 0.570312 0.824219 0.589844 0.824219
0 0.3906250000000001 0.820312 0.33203100000000013 0.820312 0.33203100000000013 0.824219 0.3906250000000001 0.824219
0 0.5 0.8125 0.44140600000000013 0.8125 0.44140600000000013 0.816406 0.5 0.816406
0 0.4296880000000001 0.8125 0.3984380000000001 0.8125 0.3984380000000001 0.816406 0.4296880000000001 0.816406
0 0.3906250000000001 0.804688 0.3515620000000001 0.804688 0.3515620000000001 0.8125 0.3906250000000001 0.8125
0 0.007812500000000099 0.804688 9.854585835122853e-17 0.804688 9.878503187110202e-17 0.808594 0.0078125000000001 0.808594
0 0.503906 0.800781 0.44140600000000013 0.800781 0.44140600000000013 0.804688 0.503906 0.804688
0 0.42578100000000013 0.800781 0.3984380000000001 0.800781 0.3984380000000001 0.804688 0.42578100000000013 0.804688
0 0.4804690000000001 0.789062 0.44140600000000013 0.789062 0.44140600000000013 0.792969 0.4804690000000001 0.792969
0 0.3906250000000001 0.785156 0.3710940000000001 0.785156 0.3710940000000001 0.796875 0.3906250000000001 0.796875
0 0.59375 0.78125 0.550781 0.78125 0.550781 0.8125 0.59375 0.8125
0 0.4296880000000001 0.78125 0.3984380000000001 0.78125 0.3984380000000001 0.785156 0.4296880000000001 0.785156
0 0.04963238062209957 0.8079046636680931 0.040900879238049886 0.7729782110733012 0.01792287992947239 0.7787226373708478 0.026654381313522074 0.8136490899656397
0 0.4296880000000001 0.769531 0.3984380000000001 0.769531 0.3984380000000001 0.773438 0.4296880000000001 0.773438
0 0.1289060000000001 0.765625 0.10937500000000008 0.765625 0.10937500000000008 0.789062 0.1289060000000001 0.789062
0 0.5943833542771948 0.7657305500386861 0.5551102001547441 0.7591855828912208 0.554054618700266 0.7655196121103865 0.5933277728227166 0.7720645792578518
0 0.4179690000000001 0.757812 0.3984380000000001 0.757812 0.3984380000000001 0.761719 0.4179690000000001 0.761719
0 0.539062 0.753906 0.5 0.753906 0.5 0.757812 0.539062 0.757812
0 0.10360880837521358 0.7502728891529368 0.07930104298618082 0.7470320750214706 0.06493928413113544 0.8547526201254809 0.0892470495201682 0.8579934342569471
0 0.507812 0.742188 0.48828100000000013 0.742188 0.48828100000000013 0.746094 0.507812 0.746094
0 0.06788798097537083 0.7673757800230359 0.05064655909594393 0.7242727770499686 0.027747726158313363 0.7334324274685463 0.04498914803774026 0.7765354304416134
0 0.262320189310313 0.7764442543801922 0.17397889347725837 0.7175475443926802 0.002699683059314839 0.9744553988516451 0.09104097889236945 1.033352108839157
0 0.15234400000000012 0.71875 0.10937500000000008 0.71875 0.10937500000000008 0.75 0.15234400000000012 0.75
0 0.30078100000000013 0.679688 0.19140600000000005 0.679688 0.19140600000000008 0.738281 0.30078100000000013 0.738281