0 0.5022751424716209 0.07750731227326349 0.5007518733224249 0.06510127907635976 0.4821412342717387 0.06738637793614748 0.4836645034209347 0.0797924111330512
0 0.49691171299291026 0.05534389787072984 0.47565195859086823 -0.006067549174558895 0.4564709946433097 0.0005726230138410005 0.47773074904535173 0.06198407005912974
0 0.12578440315150202 0.20801891468928568 0.044237865279716855 -0.016096379205986285 -0.03456158957347311 0.012575571814297224 0.046984948298312054 0.23669086570956915
0 0.22023633446971264 0.19084941395798902 0.1414465429472028 -0.025683153810624904 0.06969030963831874 0.0004268153321649065 0.1484801011608286 0.21695938310077884
0 0.3254011573518198 0.15533082272972876 0.26706178333880004 -0.006050081977194144 0.24807098367840696 0.0008151129243094246 0.3064103576914267 0.16219601763123231
0 0.29754549691554516 0.1661932700459924 0.2291348756042751 -0.025077415301381512 0.15736704393141948 0.0005913480325608512 0.22577766524268955 0.19186203337993474
0 0.41017207997919236 0.12921634891075592 0.3540135094644251 -0.02512593945493611 0.28291709130728154 0.0007430123061344162 0.3390756618220488 0.15508530067182646
0 0.4865510100385701 0.10142429075362291 0.4403297072875401 -0.02560254832254505 0.3681339326577481 0.0006673548001157048 0.414355235408778 0.12769419387628367
0 0.854508793169925 0.14772263334517238 0.8090512718749998 0.13853015000000007 0.8042463081213214 0.16229105703160146 0.8497038294162464 0.17148354037677377
0 0.8713462798807828 0.011323195797388452 0.8258878062499999 0.002127190625000086 0.8210804018653214 0.025891560191645447 0.8665388754961043 0.03508756536403381
0 0.8671088954760855 0.058859873014305134 0.8216494531250002 0.049663671875000114 0.8168420487403216 0.07342804144164546 0.8623014910914069 0.08262424258095047
0 0.9332074968749998 0.08298529062500008 0.8957578307128287 0.07658424479896213 0.8721436249999999 0.21474043750000008 0.9095932911621709 0.22114148332603803
0 0.961731827251936 0.09610056551481076 0.9377327329613884 0.09250394722218769 0.9192478150844525 0.21584794733237703 0.9432469093750001 0.2194445656250001
0 0.9992091950452846 0.015469666926793236 0.8961783718749998 0.00021227812500008715 0.8922829455797153 0.026517498698206986 0.99531376875 0.041774887500000135
0 0.8624635953069255 0.10308973568679 0.8170051218750002 0.09389373125000014 0.8121977178364814 0.11765810090245979 0.8576561912684066 0.12685410533924962
0 1.0004657547711093 0.221044558383519 0.987067509375 0.22077975312500012 0.9866017397121768 0.24434611383654445 0.9999999851082861 0.2446109190950633
0 0.19894586217524032 0.5836180674170235 0.16873221562500004 0.5698928249999999 0.13834265344975974 0.6367899669579765 0.16855630000000002 0.6505152093750001
0 0.14008718535099063 0.5527209320125386 0.10987312465161389 0.5389968842071087 0.08053373930062335 0.6035887584445702 0.11074780000000009 0.61731280625
0 0.2571614267968882 0.6201242075996686 0.22694979233616558 0.6064012618577981 0.19656224678927753 0.6733007042581296 0.22677388125000014 0.6870236500000001