0 0.4969769615384615 0.6002429158653846 0.48729829782595274 0.5355277457534803 0.13967562745682208 0.5875174557322876 0.14935429116933083 0.6522326258441921
0 0.28871921717832244 0.5574993794164045 0.28126921702898255 0.5192587545161838 0.11977713481035868 0.5507204798354007 0.12722713495969856 0.5889611047356215
0 0.4642201061530903 0.5267271068728235 0.4584846155358048 0.4883774674890082 0.29701005923412144 0.5125272591814305 0.30274554985140695 0.5508768985652458
0 0.27518755383022014 0.5061875765201923 0.2676197064165428 0.46782842617346365 0.1062883466257645 0.49965736667140725 0.11385619403944187 0.5380165170181359
0 0.4505995182442902 0.4747789731114944 0.4438055590393191 0.4364031250232066 0.2839236465755215 0.46470819826596066 0.29071760578049255 0.5030840463542485
0 0.26157518237025673 0.4546481428652406 0.2543663616452782 0.41627747549757643 0.09795073999834385 0.4456637815587801 0.10515956072332239 0.48403444892644426
0 0.43687717381570657 0.42299602991167323 0.4311416829874441 0.3846463923976922 0.2696678791735829 0.4087960736154461 0.2754033700018454 0.44714571112942714
0 0.24791170493573325 0.4027927808811015 0.24016181669363074 0.3637744663590867 0.08167263221153845 0.395253875 0.08942252045364096 0.43427218952201474
0 0.4231608978680349 0.37048473526958803 0.4165095491874367 0.3333030289098443 0.2540214808569848 0.3623701402587963 0.26067282953758303 0.39955184661854004
0 0.3405177839004916 0.22666709909110377 0.32187743867425345 0.10203076627911295 0.24410071216980375 0.11366288830886323 0.26274105739604187 0.23829922112085408
0 0.8516098677884615 0.27236159615384614 0.849151242981186 0.25459368298231755 0.7798686638159409 0.26418062018778815 0.7823272886232164 0.2819485333593168
0 0.7283653846153846 0.6714165288461539 0.6460583245192308 0.6714165288461539 0.6460583245192308 0.8692664615384615 0.7283653846153846 0.8692664615384615
0 0.49841992548076924 1 0.4786373173076923 0.842758920673077 0.4426354608151825 0.8472883389621355 0.46241806898825943 1.0045294182890585