0 0.21091291524739544 0.5434591955649791 0.0866502706851215 0.5167531171732674 0.07819863022924317 0.5560783665989892 0.2024612747915171 0.582784444990701
0 0.09048990920726897 0.4992932722485783 0.00009277994791671389 0.47986544661458325 -0.012115118842685568 0.5366684582201716 0.0782820104166667 0.5560962838541667
0 0.2783720869279608 0.35456672328910716 0.15370033087549373 0.32235148568615024 0.10313696456077504 0.5180298087229959 0.2278087206132421 0.5502450463259528
0 0.15174402899368916 0.31092803607040004 0.06944977365757089 0.3014631741359051 0.04657386966388178 0.5003625872842551 0.12886812500000003 0.50982744921875
0 0.3808123750058982 0.2729698820219775 0.3645088533161809 0.27147151953247095 0.3601173415915327 0.3192550880313268 0.37642086328125 0.3207534505208333
0 0.16148365315812996 0.20373177199954137 0.08441290743318419 0.1966486442836186 0.07413218089085027 0.3085121166068331 0.15120292661579604 0.3155952443227558
0 0.38544155945598196 0.22260022657927994 0.2979958121302208 0.21456359194719868 0.28199430745983584 0.38867422385931577 0.369440054785597 0.39671085849139703
0 0.32048965787947664 0.2114601106773851 0.18161930295216736 0.17555995613984818 0.14535330810408117 0.3158454685902143 0.28422366303139046 0.3517456231277512
0 0.2356302807352928 0.14505532919970485 0.17486267685364576 0.13947053015811006 0.16533021797019767 0.2431922005589925 0.2260978218518447 0.2487769996005873
0 0.8031169669447557 0.19296842616188417 0.7257297112592548 0.10163892111176587 0.49796084801789525 0.29463687119572013 0.5753481037033962 0.38596637624583846
0 0.19385198075780918 0.6646512282630263 0.042512677083333394 0.6410223020833333 0.030541357765584826 0.717696591716093 0.18188066144006063 0.7413255178957859
0 0.17514178717260462 0.754155880282842 0.02946775520833343 0.7312305338541668 0.01806244970154826 0.8037030194554985 0.16373648166581944 0.8266283658841735
0 0.3961618763020834 0.8099130104166666 0.37890625000000006 0.8082708424479167 0.37468165970079026 0.8526621305924923 0.3919372860028736 0.8543042985612422
0 0.5752611050433065 0.7850070360777225 0.4079122490231235 0.757117831067006 0.39053440440371334 0.861393389156142 0.5578832604238962 0.8892825941668585
0 0.41409650520833347 0.7353056250000001 0.3882595330033794 0.7299432163438694 0.37393839283255037 0.7989448393577984 0.3997753650375044 0.804307248013929
0 0.43880009985769447 0.6398882681573813 0.4082655625 0.6335508867187502 0.3886815550933442 0.7279098284303366 0.41921609245103864 0.7342472098689677
0 0.7975415312500002 0.5876469348958335 0.5955433345960944 0.5457226245404861 0.5473656921901648 0.7778503996320386 0.7493638888440706 0.819774709987386
0 0.5917762728557762 0.5796225951786438 0.467803276613661 0.5484589595984043 0.41611011736577547 0.7541010715618998 0.5400831136078906 0.7852647071421393