0 0.4430768769531251 0.5936871002604166 0.4000372050781251 0.5936871002604166 0.4000372050781251 0.609375 0.4430768769531251 0.609375
0 0.535039732421875 0.5747804739583333 0.4450376015625001 0.5747804739583333 0.4450376015625001 0.609375 0.5350397324218751 0.609375
0 0.5566836761779579 0.569972311503567 0.5457483817203179 0.4922301201056078 0.4341073705245211 0.4992094696083785 0.44504266498216105 0.5769516610063377
0 0.5473845738231417 0.48848006700263635 0.5363105861762542 0.40975186535082136 0.4232384741994746 0.41682068155061586 0.4343124618463621 0.49554888320243085
0 0.563397450619732 0.40567596074811213 0.5407474775898654 0.40399196493211903 0.5292522281420085 0.4727087073090069 0.551902201171875 0.474392703125
0 0.25430337797035246 0.3479757525889557 0.00866092491763884 0.32971255636095737 -0.03307091008396351 0.5791786943970018 0.21257154296875014 0.5974418906250001
0 0.3352336654795905 0.343968852801195 0.26275467688570403 0.3385801353591138 0.2181836310367647 0.6050186593822267 0.29066261963065115 0.6104073768243079
0 0.5360650652236953 0.40849597340479166 0.5277942698368296 0.3342819191622688 0.41602992838810887 0.33981773794487286 0.42430072377497446 0.4140317921873957
0 0.5765432501162608 0.32709251552231505 0.533508704705102 0.32389295333757917 0.5212291150092685 0.39729835207436076 0.5642636604204273 0.4004979142590967
0 0.5855266279394145 0.3158665661539505 0.5777005172248305 0.284180417528645 0.4106261627980774 0.302520606497134 0.4184522735126613 0.3342067551224395
0 0.3810198954868884 0.23705572903432015 0.37068484786732053 0.2020828192274805 -0.007548079959277795 0.2517600674108028 0.002786967660290074 0.28673297721764246
0 0.5854407554165137 0.20789167748497453 0.5760026949790826 0.17756117505418575 0.39653125671793077 0.2023819864537796 0.40596931715536194 0.2327124888845684
0 0.5880018330926011 0.1356229386745541 0.5776165835388852 0.10047991018551865 0.001566516496880277 0.1761380162974545 0.011951766050596224 0.21128104478648999
0 0.7711644918949689 0.3286797030863946 0.5781249999999999 0.27815817968750006 0.4763706853848688 0.45095670963361023 0.6694101772798379 0.5014782330325048
0 0.22934752013872284 0.9816689110803121 0.021015662446077 0.7880860367150069 -0.11998974470901524 0.8555298319569209 0.0883421129836306 1.0491127063222259
0 0.688818797039829 0.887452279748882 0.25118239528521524 0.5052233635024245 -0.05475473275009829 0.6609057810109065 0.38288166900451537 1.043134697257364
0 1 0.6805659739583333 0.9149793535156252 0.6805659739583333 0.9149793535156252 0.81324268359375 1 0.81324268359375
0 0.9348666819671967 0.6717199129217569 0.8327631078641593 0.6630781782575438 0.8025238064276718 0.8218704102451779 0.9046273805307093 0.8305121449093912
0 1.0150351728127718 0.6432555812031971 0.9311806640625001 0.6295650143229167 0.9161454912497283 0.6704939917134696 0.9999999999999999 0.68418455859375
0 0.93283318817744 0.6298348145382952 0.8305602558593751 0.6131371510416668 0.8149881476059068 0.6555277838196697 0.9172610799239717 0.6722254473162982