0 0.48865952394069123 0.40077766765503553 0.30973325528143003 0.38011044726726007 0.3062750668945313 0.4608651234963915 0.4852013355537925 0.48153234388416694
0 0.23204515029100847 0.36358768367339217 2.6020852139652106e-17 0.3367848644747394 -0.0037798818369469463 0.42505163571371957 0.2282652684540615 0.4518544549123723
0 0.23757147941441317 0.3521635035608541 0.00009380174932274721 0.3180379952926343 -0.0005306542950547048 0.3297592076978042 0.23694702337003573 0.36388471596602395
0 0.5068601640625 0.2613313311948678 0.3230663231291311 0.24010187628604948 0.31719542527318634 0.37719751289178605 0.5009892662065553 0.3984269678006044
0 0.24144637588524837 0.15895653276717187 0.004007389403773825 0.1315306908755836 -0.0037132511181129264 0.31182100330933377 0.2337257353633616 0.339246845200922
0 0.5164429673442847 0.0831433031321948 0.3349403898651421 0.06217850264797014 0.3273805857084497 0.238713008217085 0.5088831631875924 0.25967780870130963
0 0.4618472978515625 0.022105154771451554 0.3448101470117748 0.008586556914420406 0.34263871181445676 0.05929332870928624 0.4596758626542444 0.07281192656631738
0 0.261770785875662 0.0024766807468533125 0.16772432251615182 -0.022112046637432613 0.1532001100448114 0.1277273472538957 0.24724657340432157 0.15231607463818161
0 0.7767132995799184 0.37062187479051384 0.6964696996343288 0.21906265404488948 0.6428336017390561 0.2956597338480494 0.7230772016846458 0.4472189545936738
0 0.671789611328125 0.41758293584603046 0.6104357919403268 0.2830249869262573 0.5721846635549823 0.33006890595257604 0.6335384829427804 0.46462685487234917
0 0.4560224299756198 0.8969117797867378 0.4481144123587246 0.7860494187504169 0.4269145131835937 0.7901283303929431 0.4348225308004889 0.9009906914292638
0 1 0.47955092221331214 0.5150933637695313 0.47955092221331214 0.5150933637695313 0.7220057337610266 1 0.7220057337610266