0 0.7111930846354168 0.43300464713541675 0.7101564896079232 0.4119180417737432 0.628153933613611 0.41594919995816887 0.6291905286411046 0.43703580531984243
0 0.08673891406250005 0.4429210052083334 0.03282235156250005 0.4429210052083334 0.03282235156250005 0.44921875 0.08673891406250005 0.44921875
0 0.6240828007812501 0.4372868958333333 0.622268742619477 0.40038499834793234 0.51570137890625 0.4056237369791667 0.517515437068023 0.44252563446456766
0 0.5165174704769955 0.40468926586486603 0.40172572695756453 0.39133239786969937 0.39646449179697835 0.436548563618135 0.5112562353164093 0.4499054316133016
0 0.17553919671574034 0.43115340519667983 0.17398429262346504 0.39952327159114315 0.09091393164130386 0.4036069231447154 0.09246883573357917 0.4352370567502521
0 0.08462196223958333 0.43562280078125 0.0829806850813901 0.402235562798138 0.026562092206011422 0.40500903414160766 0.028203369364204634 0.43839627212471965
0 0.8010340509978507 0.39688158814461877 0.7992200117132864 0.3599801371965304 0.7565777460937498 0.36207638932291664 0.7583917853783141 0.39897784027100497
0 0.4026589766036724 0.39147264668179166 0.2899733503999888 0.38001841328999925 0.28531565315217905 0.4258403826077106 0.39800127935586266 0.43729461599950303
0 0.289744892227069 0.3784950229005864 0.17547552734623528 0.3694786336240665 0.17180945337342443 0.41594068529814265 0.2860788182542581 0.42495707457466253
0 0.7387441831172298 0.3524346311829096 0.6295466912917151 0.34381700312691454 0.6264425105725205 0.38315134739272144 0.7356400023980351 0.3917689754487164
0 0.17223872656250006 0.394324578125 0.17085659897653094 0.36620910265647183 0.08699541276041668 0.37033163151041665 0.0883775403463858 0.3984471069789448
0 0.08174499218749999 0.39701180338541664 0.08036286576232603 0.3688963292854099 0.021390571614583336 0.37179534374999995 0.022772698039757306 0.39991081785000676
0 0.6312531946486623 0.3430319171261462 0.5051921168216524 0.32836378044518205 0.5004037602694763 0.3695159322908024 0.6264648380964861 0.38418406897176643
0 0.5048062457702986 0.3285046238177082 0.37763955845809455 0.3155784292482651 0.37310782893208994 0.36016115841275 0.500274516244294 0.373087352982193
0 0.16041794270833334 0.3385388398437501 0.15929497088108943 0.3156951291603588 0.09795465255467616 0.3187105521058445 0.09907762438192007 0.34155426278923584
0 0.3802395584338707 0.31318337366323307 0.26532795109158985 0.3015014331724322 0.2605753421787469 0.3482513656578865 0.3754869495210278 0.3599333061486873
0 0.09198053749863445 0.34248711602843507 0.09164644320814114 0.3137705495943806 0.025368645616232876 0.314541638777789 0.025702739906726196 0.3432582052118435
0 0.023207395134170677 0.34319650942141117 0.01798555332156802 0.3096596362280186 0.011864169302440183 0.3106127632186522 0.017086011115042838 0.3441496364120448
0 0.2651160952723897 0.2996519014834529 0.16316475745155987 0.29160612063706653 0.15931059966671995 0.3404437101562339 0.2612619374875498 0.3484894910026202
0 0.1557908268229167 0.30882153385416666 0.15458147731392372 0.2842207201560451 0.09598041274597059 0.2871014853832185 0.09718976225496358 0.3117022990813401
0 0.01699752604166667 0.3033141067708333 0.013630605762375852 0.28169030330003636 0.007509220052083339 0.28264342968750006 0.010876140331374157 0.304267233158297
0 0.08964117317708332 0.30678932812500004 0.08817264703945037 0.27691629888436975 0.022792351562499997 0.28013032421875 0.024260877700132962 0.3100033534593803
0 0.9282863164062499 0.25145725 0.9260253347489257 0.22812607128775084 0.8732370185791231 0.23324169000778952 0.8754980002364472 0.25657286872003876
0 0.9347244192708333 0.2739661614583334 0.932619445777704 0.2572522376786616 0.8710299446165032 0.2650089002737766 0.8731349181096325 0.2817228240534484
0 0.9441399589940279 0.3449581636349446 0.9407124902717531 0.31847284603478077 0.8858261679964752 0.32557569281650284 0.8892536367187499 0.35206101041666665
0 0.9446382630208333 0.3649470208333334 0.9424596010314654 0.3512222302084178 0.8831084817708335 0.360643578125 0.8852871437602013 0.3743683687499156
0 0.9479146808194892 0.4304322872682114 0.9445127030895355 0.4097850587650505 0.8902396276041665 0.4187274596354167 0.8936416053341202 0.4393746881385776
0 0.9583516614583334 0.4429040143229168 0.9168398828125 0.4429040143229168 0.9168398828125 0.44921875000000017 0.9583516614583334 0.44921875000000017
0 0.2803906739427444 0.8233517972379034 0.2608873294270833 0.6607982942708333 0.036606806526005564 0.6877077131787632 0.056110151041666674 0.8502612161458334
0 0.3567211520866031 0.7824604022956749 0.34007297396567937 0.63036047748767 0.26054788770254134 0.6390649380773893 0.277196065823465 0.7911648628853943