0 0.6371621557617188 0.46234952201257884 0.5514308564453125 0.46234952201257884 0.5514308564453125 0.5094339622641512 0.6371621557617188 0.5094339622641512
0 0.6370177609615187 0.4250928326669475 0.6363585695213438 0.39609458291470034 0.5503408629690314 0.40116347813851716 0.5510000544092063 0.4301617278907643
0 0.8423308959925164 0.19620640485295213 0.8196427107534836 0.1545486522074401 0.7567093833143035 0.24340128460606866 0.7793975685533363 0.28505903725158066
0 0.9320190289244653 0.2860048167319899 0.8453636399600605 0.14553865396731797 0.8145771081080047 0.1947732418635754 0.9012324970724095 0.33523940462824736
0 0.5227407475701867 0.8847763817238652 0.4831482389473065 0.8839038475982102 0.4821612744140626 1.0000000000000002 0.5217537830369429 1.0008725341256552
0 0.46979250334539535 0.8828186767798173 0.32075309695297877 0.882434856333704 0.32063630323444176 0.9999998904418483 0.46967570962685834 1.0003837108879616
0 0.2981664674939694 0.8806745614532261 0.24196302626144053 0.8804013362873749 0.24173874218750008 1.0000000000000002 0.2979421834200289 1.0002732251658513
0 0.21908460731698914 0.8763670729230408 0.1470186020507813 0.8743124551886792 0.14563653009924604 0.9999778650242053 0.21770253536545392 1.002032482758567
0 0.13699306908495418 0.8737756147963 0.06597803027343759 0.8724565880503147 0.06506418548089885 0.9999990659615988 0.13607922429241545 1.001318092707584
0 0.8764643002929687 0.6775700400943399 0.7830563144179687 0.6565213705902874 0.7796152701299561 0.6961067947493776 0.8730232560049561 0.7171554642534299
0 0.8570258627929689 0.8107931981132078 0.8095517704277446 0.8003218609356627 0.806108548339844 0.8407892555031448 0.8535826407050683 0.85126059268069
0 0.8006809780273438 0.8015486375786164 0.751342847442634 0.7907488757680764 0.7480068413085937 0.8302565110062895 0.7973449718933036 0.8410562728168295