0 0.0844277724039479 0.4115742493635041 0.04089622003643883 0.20677439852100815 -0.04353155206756795 0.224720075568616 2.999411163884247e-10 0.429519926411112
0 0.036540338850684154 0.20131105067390948 0.028093799887902598 0.16157321509762324 -0.008446538962781563 0.16934010504871375 -5.551115123125783e-18 0.20907794062499999
0 1 1.0332957367805794e-16 0.6875 8.419446744138054e-17 0.6875 0.4875000000000001 1 0.48750000000000016
0 0.6920481090928249 0.8147440601274024 0.6874999995052912 0.7933468882975778 0.5758013154124664 0.8170891781701753 0.580349425 0.8384863499999999
0 0.5236453564174219 0.8122013999644133 0.5184475643577052 0.7877477107904406 0.24028664348263334 0.8468726393671387 0.24548443554235 0.8713263285411115
0 0.6920667691286286 0.7728365014563627 0.6874999999999999 0.7486198968750001 0.5692477078887539 0.770919923090023 0.5738144770173826 0.7951365276713857
0 0.5145493031250001 0.7694078343750002 0.510001193093371 0.7480106588503316 0.23184027187499998 0.8071355875 0.23638838190662909 0.8285327630246686
0 0.6913982605496535 0.7254273897748058 0.6868503172768825 0.7040309986919955 0.5606657223522291 0.7308523620421898 0.5652136656250001 0.7522487531250001
0 0.5054530843750001 0.7266134843750001 0.5009049746943256 0.7052163106967685 0.22274405298991473 0.7643412399894738 0.22729216267058922 0.7857384136677054
0 0.6920481098302443 0.6837568788448205 0.6868503179784421 0.6593031893432002 0.5515695028358233 0.6880580125614664 0.5567672946876254 0.7125117020630867
0 0.49765639514991217 0.6899329497024397 0.49245860312499995 0.6654792593750001 0.3090559251299106 0.704462699676472 0.3142537171548228 0.7289163900039115
0 0.6920479433273364 0.6390291048599649 0.6875 0.6176327125000002 0.5431231340404338 0.6483209609259896 0.5476710773677701 0.6697173532859543
0 0.4885603411929905 0.6471393842542699 0.4833625491662433 0.6226856954964173 0.299959875 0.6616691374999999 0.3051576670267471 0.6861228262578525
0 0.6920481096607451 0.5943020789202864 0.6875 0.572904903125 0.5340269122142549 0.6055266117047136 0.5385750218750001 0.6269237874999999
0 0.48187095625000004 0.6006388375000001 0.4766731635225055 0.5761851464297226 0.290213970901113 0.6158182730851898 0.29541176362860755 0.6402719641554672
0 0.6913984267034489 0.5497131762672273 0.6868503164826458 0.5283160014470083 0.524930858529197 0.562733047054781 0.52947896875 0.584130221875
0 0.47036806875000003 0.5615514687500001 0.46517027606886074 0.5370977778978065 0.2817676 0.576081221875 0.28696539268113935 0.6005349127271934
0 0.6918741708134133 0.5080788569737127 0.686676378632468 0.4836251658780764 0.5158346390690549 0.5199386964043639 0.5210324312500001 0.5443923875000001
0 0.4857255392665749 0.5135593277495031 0.4805277468750001 0.48910563749999997 0.2940685540398597 0.5287387629697797 0.29926634643143457 0.5531924532192829
0 0.39790108437499994 0.4875 0.39335297501755623 0.4661028269445655 0.28562218437500003 0.4890017125 0.2901702937324438 0.5103988855554344