0 0.22353239004920097 0.34208168197362654 0.15191189588849463 0.33160356143763736 0.1247689768798991 0.5171319933432095 0.19638947104060545 0.5276101138791987
0 0.20898437500000003 0.12152142968750003 0.14311080664062503 0.12152142968750003 0.14311080664062506 0.362842986328125 0.20898437500000006 0.362842986328125
0 0.6624091749694858 0.364683713896107 0.2820303215271178 0.329007999820035 0.2638106074951321 0.523268832798928 0.6441894609375001 0.5589445468750001
0 0.9398397167612796 0.925782121365795 0.8421232531635775 0.9173206364371138 0.8390415456393044 0.9529093733612528 0.9367580092370066 0.961370858289934
0 0.8366487557780462 0.9138063856206635 0.6598358455714578 0.9039697556506212 0.6574718412763115 0.9464626094469579 0.8342847514828999 0.9562992394170002
0 0.652229764073922 0.904173129644012 0.5701333143658688 0.9007148846129901 0.5693797612389089 0.918603737437142 0.6514762109469621 0.9220619824681638
0 0.8540002880283373 0.8350145896495992 0.6655559034989361 0.8270765287456758 0.6623532314981191 0.9031058715975597 0.8507976160275202 0.9110439325014831
0 0.6692494609375002 0.8287258183593751 0.5837585572964484 0.8204699491692565 0.5765600583861619 0.8950116070526084 0.6620509620272136 0.903267476242727
0 0.9622114531250003 0.8380795781250001 0.8554058238147267 0.8305167472207081 0.8496447670785572 0.9118769280822927 0.9564503963888308 0.9194397589865847
0 0.8468250087103356 0.6868621457889541 0.6184573811595834 0.6737698008527291 0.6163314581504812 0.7108519275694573 0.8446990857012334 0.7239442725056823
0 0.9929500390625 0.6347766796875 0.7616561920979876 0.6250336191939 0.7595210876747416 0.6757195936931768 0.990814934639254 0.6854626541867768
0 0.731307763671875 0.62375521484375 0.6087621281383702 0.6185930823240142 0.6068781974256515 0.6633163600795821 0.7294238329591564 0.6684784925993178
0 0.615033103515625 0.619140625 0.3328827285156251 0.619140625 0.3328827285156251 0.76175505078125 0.615033103515625 0.76175505078125