0 0.09375000000000011 0.988281 1.2102951633081454e-16 0.988281 1.2150792460290145e-16 0.996094 0.09375000000000011 0.996094
0 0.16406200000000012 0.96875 0.09765620000000011 0.96875 0.09765620000000011 0.976562 0.16406200000000012 0.976562
0 0.08203120000000011 0.96875 1.1863765866739985e-16 0.96875 1.191160057071468e-16 0.976562 0.08203120000000011 0.976562
0 0.2226560000000001 0.949219 0.08984380000000011 0.949219 0.08984380000000011 0.957031 0.2226560000000001 0.957031
0 0.07421880000000011 0.949219 1.1624580100398516e-16 0.949219 1.167241480437321e-16 0.957031 0.07421880000000011 0.957031
0 0.2890620000000001 0.929688 0.07812500000000011 0.929688 0.07812500000000011 0.9375 0.2890620000000001 0.9375
0 0.07031250000000011 0.929688 1.1385394334057044e-16 0.929688 1.143322903803174e-16 0.9375 0.07031250000000011 0.9375
0 0.34765600000000013 0.910156 0.07421880000000011 0.910156 0.07421880000000011 0.917969 0.34765600000000013 0.917969
0 0.05859380000000011 0.910156 1.1146196321247583e-16 0.910156 1.1194037148456274e-16 0.917969 0.05859380000000011 0.917969
0 0.4140620000000001 0.890625 0.34765600000000013 0.890625 0.34765600000000013 0.898438 0.4140620000000001 0.898438
0 0.3359380000000001 0.890625 0.2031250000000001 0.890625 0.2031250000000001 0.898438 0.3359380000000001 0.898438
0 0.19531200000000012 0.890625 0.06250000000000011 0.890625 0.06250000000000011 0.898438 0.19531200000000012 0.898438
0 0.05078120000000011 0.890625 1.0907010554906114e-16 0.890625 1.0954851382114805e-16 0.898438 0.05078120000000011 0.898438
0 0.47265600000000013 0.871094 0.3398440000000001 0.871094 0.3398440000000001 0.878906 0.47265600000000013 0.878906
0 0.3281250000000001 0.871094 0.19531200000000012 0.871094 0.19531200000000012 0.878906 0.3281250000000001 0.878906
0 0.1875000000000001 0.871094 0.05468750000000011 0.871094 0.05468750000000011 0.878906 0.1875000000000001 0.878906
0 0.04296880000000011 0.871094 1.0667824788564646e-16 0.871094 1.071565949253934e-16 0.878906 0.04296880000000011 0.878906
0 0.4648440000000001 0.851562 0.33203100000000013 0.851562 0.33203100000000013 0.859375 0.4648440000000001 0.859375
0 0.3203120000000001 0.851562 0.1875000000000001 0.851562 0.1875000000000001 0.859375 0.3203120000000001 0.859375
0 0.1796880000000001 0.851562 0.04687500000000011 0.851562 0.04687500000000011 0.859375 0.1796880000000001 0.859375
0 0.03515620000000011 0.851562 1.0428626775755184e-16 0.851562 1.0476467602963875e-16 0.859375 0.03515620000000011 0.859375
0 0.45703100000000013 0.832031 0.3242190000000001 0.832031 0.3242190000000001 0.839844 0.45703100000000013 0.839844
0 0.3125000000000001 0.832031 0.1796880000000001 0.832031 0.1796880000000001 0.839844 0.3125000000000001 0.839844
0 0.1718750000000001 0.832031 0.0390625000000001 0.832031 0.0390625000000001 0.839844 0.1718750000000001 0.839844
0 0.027343800000000106 0.832031 1.0189441009413714e-16 0.832031 1.0237281836622406e-16 0.839844 0.027343800000000106 0.839844
0 0.4492190000000001 0.8125 0.31640600000000013 0.8125 0.31640600000000013 0.820312 0.4492190000000001 0.820312
0 0.3046880000000001 0.8125 0.1718750000000001 0.8125 0.1718750000000001 0.820312 0.3046880000000001 0.820312
0 0.16406200000000012 0.8125 0.0273438000000001 0.8125 0.0273438000000001 0.820312 0.16406200000000012 0.820312
0 0.019531200000000096 0.8125 9.950255243072244e-17 0.8125 9.998089947046941e-17 0.820312 0.019531200000000096 0.820312
0 0.44140600000000013 0.792969 0.3085940000000001 0.792969 0.3085940000000001 0.800781 0.44140600000000013 0.800781
0 0.2968750000000001 0.792969 0.023437500000000097 0.792969 0.023437500000000097 0.800781 0.2968750000000001 0.800781
0 0.011718800000000097 0.792969 9.711069476730775e-17 0.792969 9.758904180705471e-17 0.800781 0.011718800000000097 0.800781
0 0.4335940000000001 0.773438 0.30078100000000013 0.773438 0.30078100000000013 0.78125 0.4335940000000001 0.78125
0 0.2890620000000001 0.773438 0.1562500000000001 0.773438 0.1562500000000001 0.78125 0.2890620000000001 0.78125
0 0.1484380000000001 0.773438 0.015625000000000097 0.773438 0.015625000000000097 0.78125 0.1484380000000001 0.78125
0 0.003906250000000095 0.773438 9.471883710389305e-17 0.773438 9.519718414364e-17 0.78125 0.003906250000000095 0.78125
0 0.42578100000000013 0.753906 0.2929690000000001 0.753906 0.2929690000000001 0.761719 0.42578100000000013 0.761719
0 0.2812500000000001 0.753906 0.007812500000000094 0.753906 0.007812500000000094 0.761719 0.2812500000000001 0.761719
0 0.4179690000000001 0.734375 0.28515600000000013 0.734375 0.28515600000000013 0.742188 0.4179690000000001 0.742188
0 0.2734380000000001 0.734375 8.993499931238375e-17 0.734375 9.041340758447066e-17 0.742188 0.2734380000000001 0.742188
0 0.41015600000000013 0.714844 0.2734380000000001 0.714844 0.2734380000000001 0.722656 0.41015600000000013 0.722656
0 0.2656250000000001 0.714844 8.754314164896906e-17 0.714844 8.802148868871601e-17 0.722656 0.2656250000000001 0.722656
0 0.47265600000000013 0.695312 0.4062500000000001 0.695312 0.4062500000000001 0.703125 0.47265600000000013 0.703125
0 0.4023440000000001 0.695312 0.2656250000000001 0.695312 0.2656250000000001 0.703125 0.4023440000000001 0.703125
0 0.2578120000000001 0.695312 8.515116152087445e-17 0.695312 8.562956979296136e-17 0.703125 0.2578120000000001 0.703125
0 0.53125 0.675781 0.3984380000000001 0.675781 0.3984380000000001 0.683594 0.53125 0.683594
0 0.3906250000000001 0.675781 0.2578120000000001 0.675781 0.2578120000000001 0.683594 0.3906250000000001 0.683594
0 0.2460940000000001 0.675781 8.275930385745974e-17 0.675781 8.323771212954667e-17 0.683594 0.24609400000000012 0.683594
0 0.523438 0.65625 0.2500000000000001 0.65625 0.2500000000000001 0.664062 0.523438 0.664062
0 0.23828100000000005 0.65625 8.036744619404505e-17 0.65625 8.084579323379202e-17 0.664062 0.23828100000000005 0.664062
0 0.519531 0.636719 0.24218800000000004 0.636719 0.24218800000000004 0.644531 0.519531 0.644531
0 0.23046900000000006 0.636719 0.09765620000000008 0.636719 0.09765620000000008 0.644531 0.23046900000000006 0.644531
0 0.08984380000000008 0.636719 7.797558853063036e-17 0.636719 7.845393557037732e-17 0.644531 0.08984380000000008 0.644531
0 0.507812 0.617188 0.23437500000000006 0.617188 0.23437500000000006 0.625 0.507812 0.625
0 0.22265600000000005 0.617188 0.08984380000000008 0.617188 0.08984380000000008 0.625 0.22265600000000005 0.625
0 0.08203120000000008 0.617188 7.558373086721565e-17 0.617188 7.606207790696261e-17 0.625 0.08203120000000008 0.625
0 0.5 0.597656 0.3671880000000001 0.597656 0.3671880000000001 0.605469 0.5 0.605469
0 0.3593750000000001 0.597656 0.22656200000000007 0.597656 0.22656200000000007 0.605469 0.3593750000000001 0.605469
0 0.21484400000000006 0.597656 0.08203120000000008 0.597656 0.08203120000000008 0.605469 0.21484400000000006 0.605469
0 0.07421880000000008 0.597656 7.319175073912105e-17 0.597656 7.367015901120796e-17 0.605469 0.07421880000000008 0.605469
0 0.4921880000000001 0.578125 0.21875000000000006 0.578125 0.21875000000000006 0.585938 0.4921880000000001 0.585938
0 0.20703100000000005 0.578125 7.079989307570636e-17 0.578125 7.127830134779327e-17 0.585938 0.20703100000000005 0.585938
0 0.4843750000000001 0.558594 0.21093800000000004 0.558594 0.21093800000000004 0.566406 0.4843750000000001 0.566406
0 0.19921900000000006 0.558594 0.06640620000000005 0.558594 0.06640620000000005 0.566406 0.19921900000000006 0.566406
0 0.05859380000000007 0.558594 6.840803541229166e-17 0.558594 6.888638245203862e-17 0.566406 0.05859380000000007 0.566406
0 0.4765620000000001 0.539062 0.20312500000000006 0.539062 0.20312500000000006 0.546875 0.4765620000000001 0.546875
0 0.19140600000000005 0.539062 6.601605528419706e-17 0.539062 6.649446355628397e-17 0.546875 0.19140600000000005 0.546875
0 0.4687500000000001 0.519531 0.19531200000000007 0.519531 0.19531200000000007 0.527344 0.4687500000000001 0.527344
0 0.18359400000000006 0.519531 6.362419762078235e-17 0.519531 6.410260589286928e-17 0.527344 0.18359400000000006 0.527344
0 0.4609380000000001 0.5 0.18359400000000006 0.5 0.18359400000000006 0.507812 0.4609380000000001 0.507812
0 0.17578100000000005 0.5 6.123233995736766e-17 0.5 6.171068699711462e-17 0.507812 0.17578100000000005 0.507812
0 0.4531250000000001 0.480469 0.17968800000000004 0.480469 0.17968800000000004 0.488281 0.4531250000000001 0.488281
0 0.16406200000000007 0.480469 0.031250000000000056 0.480469 0.031250000000000056 0.488281 0.16406200000000007 0.488281
0 0.44140600000000013 0.460938 0.17187500000000006 0.460938 0.17187500000000006 0.46875 0.44140600000000013 0.46875
0 0.15625000000000006 0.460938 0.08984380000000006 0.460938 0.08984380000000006 0.46875 0.15625000000000006 0.46875
0 0.433594 0.441406 0.304688 0.441406 0.304688 0.449219 0.433594 0.449219
0 0.296875 0.441406 0.16015600000000005 0.441406 0.16015600000000005 0.453125 0.296875 0.453125
0 0.425781 0.421875 0.292969 0.421875 0.292969 0.429688 0.425781 0.429688
0 0.285156 0.421875 0.21875000000000006 0.421875 0.21875000000000006 0.429688 0.285156 0.429688
0 0.417969 0.402344 0.285156 0.402344 0.285156 0.410156 0.417969 0.410156
0 0.410156 0.382812 0.34375 0.382812 0.34375 0.390625 0.410156 0.390625