0 0.05715089990388797 0.34576650265839803 6.938893903907228e-17 0.34297102734375 -0.007001628254799566 0.40658960308013276 0.050149271649088334 0.4093850783947808
0 0.2562386777257212 0.19526750529610884 0.10842868442487419 0.17731317142241865 0.045097016585836466 0.4090381803596031 0.19290700988668347 0.4269925142332933
0 0.10602977949667627 0.13087581784626218 0.0042568203125000256 0.12833595833333333 -0.007536013777123632 0.3383548574731568 0.09423694540705262 0.34089471698608564
0 0.6310501138846525 0.26062710594915295 0.53246974609375 0.20588190885416668 0.5156756149643604 0.21932253286272965 0.6142559827552629 0.27406772995771594
0 0.5397454763995583 0.2807913728693993 0.4878022363281251 0.2525391197916667 0.4829710837703702 0.25648682015837115 0.5349143238418034 0.28473907323610376
0 0.5513779728723123 0.26058937673932114 0.5127076210937499 0.23942130598958336 0.508010809601298 0.24323475071957892 0.5466811613798603 0.2644028214693167
0 0.9092346075997434 0.3981342254447333 0.87568020068436 0.3810094225155376 0.838441753247525 0.4134383833589002 0.8719961601629084 0.4305631862880959
0 0.6838555075285707 0.07538289844818209 0.6666033105468749 0.06704535807291671 0.6353744241120542 0.09576509373931798 0.6526266210937501 0.10410263411458337
0 0.7083129109441143 0.10544678835413183 0.695278134765625 0.07110737239583331 0.6776445089777609 0.07408225461461815 0.6906792851562501 0.10842167057291667
0 0.7117935862921356 0.16901405623666296 0.7097341562500001 0.16470560156250003 0.6748887535516144 0.17210827319042044 0.67694818359375 0.17641672786458337
0 0.7221328289208192 0.18238315918609102 0.7185528886718751 0.17792965364583338 0.6957558761573058 0.18607424315765905 0.69933581640625 0.19052774869791667
0 0.23468447979319115 0.9874512702978687 0.13530207811653258 0.9807180694811239 0.13358832483943886 0.9919603314334521 0.23297072651609743 0.998693532250197
0 0.037671976210190555 0.9741035975513576 1.3877787807814457e-16 0.9715513072916667 -0.001713751600815272 0.9827935691153092 0.035958224609375145 0.9853458593750001
0 0.29943958593750014 0.9009749856770836 0.0003428027080916163 0.8807110767492246 -0.010967584042174322 0.954907582821582 0.28812919918723423 0.9751714917494408
0 0.4415566308593752 0.8629002968749999 0.39063558963748 0.8619828207957726 0.3857682302624799 0.9820469900666059 0.4366892714843751 0.9829644661458331
0 0.780291039129585 0.6226496254084046 0.4492187500000001 0.5535826015624999 0.39509274363923136 0.6688948805599924 0.7261650327688163 0.737961904405897