0 0.617518252840789 0.45056269229110096 0.5186042874667273 0.4390894919565332 0.5055071419312005 0.4892737111116112 0.6044211073052622 0.500746911446179
0 0.6314141437629622 0.4061105922408505 0.5387519036771754 0.3863312864520283 0.5163860670724179 0.4329000149181817 0.6090483071582047 0.4526793207070039
0 0.5188803281704075 0.43960128603412213 0.3920404468628114 0.4093841927683626 0.36704124453913684 0.45602292914524867 0.4938811258467329 0.4862400224110082
0 0.6232698999263238 0.3399192658166795 0.5522664013013252 0.33168342591190575 0.5380870159398371 0.3860143060465713 0.6090905145648357 0.394250145951345
0 0.533121803907394 0.38645448181118347 0.40915516674935887 0.35662429323967326 0.38394882492465743 0.40318034312217393 0.5079154620826926 0.43301053169368414
0 0.5485643368664388 0.3316581982781271 0.4260436102741027 0.3020064348629867 0.4019988187091474 0.3461632290633366 0.5245195453014834 0.37581499247847705
0 0.6232403355247046 0.27303802538432276 0.5688474707265162 0.2667289136261484 0.5548562647129057 0.3203389801269008 0.6092491295110941 0.32664809188507515
0 0.609375 0.24014984895833338 0.60299776953125 0.24014984895833338 0.60299776953125 0.26237733072916675 0.609375 0.26237733072916675
0 0.5671396555785786 0.2530110428701897 0.4351788544211532 0.23306286793700118 0.41316545616386047 0.2977840362189583 0.5451262573212858 0.31773221115214684
0 0.8852945775892378 0.06229280745576171 0.8844715148741817 -0.0005544303637409169 0.7723789883718069 0.00009801007862901788 0.7732020510868629 0.06294524789813165
0 0.7678151614409185 0.06516852793862393 0.7325030078124999 0.015908062499999986 0.5740628463715814 0.0663867962801261 0.609375 0.11564726171875005
0 0.20739178117372442 0.7801123812063016 0.16672311433881432 0.7695383726132081 0.14295628073583677 0.8101648422359466 0.18362494757074688 0.8207388508290401
0 0.27710850947305715 0.7455113506309384 0.23186324805537956 0.7356717185269407 0.1910661948197666 0.8190476152951986 0.2363114562374442 0.8288872473991963
0 0.22782179184670143 0.7416311101875387 0.18715330657249368 0.7310567579991115 0.1626697561266065 0.7729068199026091 0.20333824140081425 0.7834811720910362
0 0.18512940387068044 0.7187843322096557 0.09343690254288378 0.6964262810626445 0.036201741645200736 0.8007493284636306 0.1278942429729974 0.8231073796106417
0 0.127738716462721 0.7151521634428554 0.08616649995094966 0.7043428243672575 0.0384216441958698 0.7859537131610167 0.07999386070764114 0.7967630522366146
0 0.07709060004491813 0.7118466601029803 0.03732579961542043 0.7015078493075378 -0.011331377942046472 0.784682812004117 0.028433422487451232 0.7950216227995596
0 0.02492311328125013 0.7042341197916667 1.2938770872962307e-16 0.7042341197916667 1.3280424319959166e-16 0.7414316145833334 0.024923113281250135 0.7414316145833334
0 0.16831188246540862 0.6570532463485422 0.11119371722271432 0.6434992458541732 0.07838188232587301 0.704953896033568 0.13550004756856732 0.718507896527937
0 0.1305439093081785 0.6447186472857503 0.127146681640625 0.6360725338541665 0.10801583517804864 0.639413371659919 0.11141306284560212 0.6480594850915028
0 0.10516325554173939 0.6489463007049151 0.06507429634647638 0.6381773083371551 0.026567740878188528 0.7018864663097886 0.06665670007345154 0.7126554586775485
0 0.10025094097559722 0.6425174158335918 0.09985900112741745 0.6298173438506486 0.06208390488143459 0.6303354709397447 0.06247584472961436 0.6430355429226879
0 0.05939403273351593 0.6335909896710119 0.00012687258000079749 0.6303752577145575 -0.008355605130690433 0.6998576056473477 0.0509115550228247 0.7030733376038022
0 1 0.5390625000000001 0.8770279257812501 0.5390625000000001 0.8770279257812502 0.7352167252604166 1 0.7352167252604166