0 0.42759275390625 0.12666140039062507 0.173729916015625 0.12666140039062504 0.173729916015625 0.20898437500000003 0.42759275390625 0.20898437500000006
0 0.458984375 0.12332315820312506 0.4481423046875 0.12332315820312506 0.4481423046875 0.20898437500000006 0.458984375 0.20898437500000006
0 0.458984375 0.03379075781250006 0.44934336328125 0.03379075781250006 0.44934336328125 0.09505340039062506 0.458984375 0.09505340039062506
0 0.4557845876842526 0.10228220211391968 0.42317010450841774 -0.011321206771342157 0.160456422121491 0.06410145050933774 0.19307090529732585 0.1777048593945996
0 0.4873244593344828 0.6259780262540843 0.29500620213535256 0.5763902457016825 0.26658302944973833 0.6866249642971388 0.45890128664886864 0.7362127448495406
0 0.48551878515625013 0.6054897109374999 0.4589843750000001 0.6054897109374999 0.4589843750000001 0.6474551601562499 0.48551878515625013 0.6474551601562499
0 0.5826345491054438 0.6311269052137548 0.5081215066645213 0.6147295274205191 0.49882531548995146 0.656973323731378 0.573338357930874 0.6733707015246135
0 0.5895062180926675 0.5747687000874878 0.5134904511525189 0.5575511957575913 0.5064767843029976 0.588516732598102 0.5824925512431461 0.6057342369279985
0 0.5989481923151654 0.49416162558589716 0.5212936806869286 0.4757003515708731 0.5142154415131082 0.5054738767232301 0.5918699531413449 0.5239351507382541
0 0.6090823880505429 0.4263376514120942 0.5280455917755117 0.4079828883555713 0.5185921611738532 0.44972005093335277 0.5996289574488844 0.4680748139898756
0 0.6229534319102994 0.35785894192992945 0.5417566030331636 0.3394680183579659 0.5321202598303235 0.38201294585878875 0.6133170887074593 0.4004038694307523