0 0.3277259011182383 0.4707144751632322 0.18498903750672024 0.4356989329882014 0.16574745243679245 0.6121802181458229 0.3084843160483105 0.6471957603208538
0 0.3553279624257546 0.3854889446199362 0.24146556789613016 0.30602727538012797 0.21138952814685155 0.40299468567129276 0.32525192267647596 0.48245635491110095
0 0.2261103872446415 0.29677954379779575 0.15319240055192215 0.2575740409589736 0.1296167053255581 0.35623257711329165 0.20253469201827745 0.3954380799521138
0 0.37059123421534607 0.26346125780114826 0.26667197813748006 0.19695987224278472 0.2385551585167135 0.29581837941370515 0.34247441459457945 0.3623197649720687
0 0.2525547837742749 0.18893459868799642 0.18010677030933356 0.14819403774963016 0.15600062063043088 0.24464572831731782 0.22844863409537222 0.2853862892556841
0 0.3856717908656566 0.14196058013162688 0.29320265629213965 0.08895502763761985 0.267006336903491 0.19177991022130272 0.3594754714770079 0.24478546271530977
0 0.27956587313039966 0.07641231217762232 0.2069422649788842 0.03571444471148551 0.18172084213364983 0.13697918899655415 0.25434445028516534 0.17767705646269097
0 0.39002052230269796 0.04278805233016685 0.3024111700512079 0.02129613894492017 0.2938304964258445 0.09999696472202554 0.38143984867733455 0.12148887810727221
0 0.2913632447170742 0.01858591391207269 0.21275522656622414 -0.0006978390281396143 0.20781482495642625 0.04461487351251461 0.28642284310727634 0.06389862645272693
0 0.9383211005916602 0.13482994254215755 0.6796689290546699 0.12605934062087426 0.676987950815176 0.303953846819236 0.9356401223521664 0.3127244487405193
0 0.7901614830729167 0.7888315878906249 0.7897482864665665 0.7560609010278886 0.7521104635382522 0.757128672256836 0.7525236601446023 0.7898993591195723
0 0.7429154661458334 0.8700999023437501 0.7414307557815958 0.8215228129929415 0.5681817704938984 0.8334369741097908 0.5696664808581359 0.8820140634605994