0 0.4079073459484761 0.15186480602291727 0.40725489040894197 0.10712731923266894 0.352311981754243 0.10893022697926147 0.3529644372937771 0.1536677137695098
0 0.40725718229166663 0.06509414843750007 0.22359212239583334 0.06509414843750004 0.22359212239583334 0.14224258593750005 0.40725718229166663 0.14224258593750005
0 0.29873964678102266 0.1568470982870892 0.2872656130935843 0.02430539595832415 -0.005901464094234497 0.0814087071150904 0.0055725695932038535 0.2139504094438555
0 0.40725718229166663 6.703733130399505e-17 0.2491455078125 5.2515009599589587e-17 0.2491455078125 0.061477738281250055 0.40725718229166663 0.06147773828125007
0 0.2970579010416667 4.004636699905675e-17 0.12616994270833334 2.4350562660126035e-17 0.12616994270833334 0.004821777343750038 0.2970579010416667 0.004821777343750054
0 0.7956878059895832 0.2675781250000001 0.484375 0.2675781250000001 0.484375 0.3085937500000001 0.7956878059895832 0.3085937500000001
0 0.21999897854171857 0.7981701545784998 0.013747110698217954 0.6022107743220819 -0.0029792910205839926 0.6418218716967072 0.20327257682291663 0.837781251953125
0 0.10776473273218055 0.6451042397205394 0.04785713281250006 0.59395345703125 0.03483751205948619 0.6282626489513357 0.09474511197916669 0.6794134316406252
0 0.17466089322916675 0.7001344824218749 0.11844921572927353 0.6532958703315663 0.10364988760427352 0.6932578547065665 0.15986156510416671 0.740096466796875
0 0.15143967422104612 0.6259661721597227 0.09474511197916669 0.574328357421875 0.07850169687270393 0.6144550544027773 0.13519625911458338 0.6660928691406249
0 0.15489607261357838 0.4278659791347627 0.10488650140377744 0.3835393137442573 0.05778617917304746 0.5031016701761103 0.1077957503828484 0.5474283355666156
0 0.8084755156140094 0.7240158508279805 0.7011746887679909 0.7216701972173979 0.6998004204875442 0.8631170309713256 0.8071012473335628 0.8654626845819082