0 0.06829334114583334 0.23327605468750007 0.0675479776518677 0.22752420866674772 0.050931973667042586 0.23236894306465788 0.05167733716100823 0.23812078908541023
0 0.20547949534736212 0.18980876995343726 0.19846051410045626 0.1315903227140521 0.0933025641440942 0.16011613980191738 0.10032154539100008 0.21833458704130254
0 0.09133617931022546 0.21660865368299317 0.08437959817570685 0.1629259178488132 0.06776359204256473 0.16777065674394503 0.07472017317708333 0.22145339257812502
0 0.21570809558026469 0.12391676200736554 0.20717413925500858 0.04446421342768787 0.1401553713682694 0.06066072705462075 0.1486893276935255 0.14011327563429843
0 0.14652038104988066 0.14051928204321482 0.13798636212742635 0.06157243998703138 0.05476360076114591 0.08181397662113662 0.06329761968360022 0.16076081867732006
0 0.06746533372257937 0.2237128540266553 0.052194668603263 0.08243921508504215 0.0017711926424631996 0.09470264970713671 0.017041857761779574 0.23597628864874987
0 0.21511062252836657 0.03965008711700922 0.2100621696382244 -0.015485846574139272 0.1342139370485957 0.00014028791996496467 0.13926238993873788 0.05527622161111346
0 0.13748406401503616 0.05802928708469773 0.13008162242178842 -0.018333978919705323 0.04602272005208333 1.734723475976807e-18 0.053425161645331065 0.07636326600440305
0 0.05088580806344675 0.07888852095154414 0.04314972099617115 -0.0009098122207961516 -0.006290756048909035 0.009874506131384023 0.0014453310183665674 0.08967283930372431
0 0.41342765143931165 0.1671765790734618 0.409755637914126 0.11940820510439035 0.34389504775340773 0.1307994699715549 0.34756706127859344 0.17856784394062636
0 0.7278962870196223 0.061701496463691594 0.632671771031565 0.04421202033501087 0.6274630882444626 0.10802108818802038 0.72268760423252 0.1255105643167011
0 0.6382973013537245 0.14816426224586393 0.6350738758055564 0.10066163494056193 0.40553447783377233 0.1357077408896167 0.4087579033819404 0.1832103681949187
0 0.21523784767253487 0.4252543457848982 0.19076959674561392 0.28577963340212453 -0.018034024747231852 0.3681987577377952 0.006434226179689094 0.5076734701205688
0 0.8349756210937501 0.5489992792968752 0.4564363448848768 0.517938603631173 0.4468806633962495 0.779964510117128 0.8254199396051228 0.8110251857828301
0 1.00163856029495 0.6761999928570752 0.9531726298300899 0.6713123219513942 0.95153406953514 0.7078700790943192 1 0.7127577500000002
0 1.0006114432833646 0.7177062940905179 0.9502673937210117 0.7159829262364275 0.9496555273437499 0.7561998886718752 0.9999995769061027 0.7579232565259656
0 1.0009533783343874 0.7717964071397475 0.9451755936661863 0.7686853987852458 0.944222215331799 0.8071452748486235 1 0.8102562832031253
0 1.0011031693656454 0.8113760532549653 0.9443794950229562 0.8072510716342631 0.9432192278645833 0.8431501132812502 0.9999429022072724 0.8472750949019524