0 0.1926051822916667 0.3031016308593751 0.17965121109891014 0.15306580431852412 -0.00036743527411727217 0.18803679710964039 0.012586535918639306 0.33807262365049134
0 0.4159308294270833 0.26109193945312503 0.34533474589883756 0.07007751944153584 0.2699338903789492 0.13277834308425146 0.34052997390719497 0.32379276309584065
0 0.3133481484375 0.2810199765625001 0.243708126894809 0.09259241065675483 0.17265776363303353 0.15167551142207764 0.2422977851757245 0.34010307732782286
0 0.4961089308109315 0.22670609593909796 0.4358311841189934 0.06361037686671572 0.3821805601462109 0.10822443642143836 0.4424583068381489 0.2713201554938206
0 0.3579760555773152 0.0950600918991689 0.3507404938615793 0.011256173123799867 0.23874881245695692 0.033012030751465686 0.2459843741726928 0.11681594952683472
0 0.248676 0.11629306640625 0.24144043819787173 0.03248914759798278 0.13262903381120875 0.05362719481495147 0.13986459561333703 0.1374311136232187
0 0.44098660546875007 0.07755959179687501 0.43270824154960197 -0.018322294196514613 0.3383913697916667 0 0.3466697337108147 0.09588188599338962
0 0.3238648372395833 5.055460421228437e-17 0.2265480572916667 4.161620298229362e-17 0.2265480572916667 0.02403614843750004 0.3238648372395833 0.02403614843750005
0 0.21597605338541667 0.027815617187500002 0.21340860121241215 -0.0019211963921653627 0.11888561979166666 0.01644113671875 0.12145307196467119 0.046177950298415364
0 0.13158718969533245 0.13903910946634015 0.12096726628851173 0.01603674971079058 -0.00295388471971627 0.040110064672533884 0.007666038687104454 0.16311242442808346
0 0.9706833567708334 1.6506672285277607e-16 0.8264794166666668 1.5182180582730076e-16 0.8264794166666668 0.10055551953125015 0.9706833567708334 0.10055551953125016
0 0.2817960013020833 0.49612273828125 0.26095017820157607 0.3736824423505459 0.11492714044232584 0.4296193655573001 0.13577296354283314 0.5520596614880042
0 0.8672123213812156 0.40906827320034567 0.8505263266066629 0.3079498334591748 0.5156485047440652 0.43228404589397273 0.532334499518618 0.5334024856351436