0 0.19553497667164735 0.43848751948237824 0.15833103946179541 0.3782891362274103 -0.0014479346846476837 0.42217667089145244 0.03575600252520425 0.4823750541464204
0 0.17677689741097108 0.38539929201838463 0.176624349609375 0.37142334765625 0.17289312427054945 0.3714414482887192 0.17304567207214552 0.3854173926508539
0 0.3356560911952923 0.2798017067559692 0.3026343675839201 0.26222046128633947 0.15701310439221947 0.38378093291660537 0.1900348280035917 0.4013621783862351
0 0.7167144567504607 0.3053906495445093 0.6209919593710655 0.3051751426394944 0.6208005859375 0.3429542734375 0.7165230833168952 0.3431697803425149
0 0.967176763671875 0.2920414544270834 0.7534649604708078 0.2844806459129059 0.7450899296875001 0.3896923763020834 0.9588017328885673 0.397253184816261
0 0.12954535396894035 0.5472362987806988 0.0610548457031251 0.5462370234375001 0.060483687046684845 0.5636358301255514 0.1289741953125001 0.5646351054687501
0 0.13430955588789367 0.5731347960644696 0.04285859572871633 0.5725487534736439 0.042605707809572756 0.5900877464716744 0.1340566679687501 0.5906737890625001
0 0.13852942390898404 0.6030117327872991 0.04513919335937511 0.6019022005208334 0.044691382731641194 0.6186544599210343 0.1380816132812501 0.6197639921875
0 0.131702377848027 0.6287249214030911 0.0067644492187501175 0.6274296328125 0.0063594991050982055 0.6447895147948255 0.13129742773437508 0.6460848033854166
0 0.13386202830929192 0.6565298986342452 0.007748328125000113 0.6523099700520835 0.0064659515155013406 0.6693429343788905 0.13257965169979313 0.6735628629610521
0 0.9460381923259439 0.8087171778521686 0.674515495063215 0.801865597300616 0.6721611825922522 0.8433320568361786 0.9436838798549811 0.8501836373877311