0 0.2748002362532361 0.4314814326570847 0.21296638020833333 0.426450384375 0.20451976461651433 0.5759407028799227 0.26635362066141705 0.5809717511620074
0 0.21587781319244717 0.31673221464494894 0.11045813354974686 0.3100869490468353 0.09943694754120073 0.5618547420500274 0.20485662718390107 0.5685000076481411
0 0.31893676794504405 0.2567232878743435 0.21922862984660055 0.2525823391272234 0.21418161060436333 0.427578372196765 0.31388974870280684 0.4317193209438851
0 0.32349816103007306 0.09856602647402606 0.22628256156785756 0.09452857912370476 0.22163622605861785 0.25563102921217873 0.3188518255208333 0.25966847656250003
0 0.22621206296354535 0.09395890042184676 0.11945121129362261 0.0862557864315798 0.10788463535255849 0.31709682031783454 0.2146454870224812 0.3247999343081015
0 0.2369291817102079 0.043255697936802194 0.21020935961562773 0.0407111037364726 0.2072289539262937 0.0857775076765765 0.23394877602087386 0.0883221018769061
0 0.4039860390624999 0.5796875000000001 0.373754353949532 0.41267302449190585 0.343511326851091 0.42055610554714373 0.37374301196405896 0.587570581055238
0 0.7106398776041667 0.4508675968750002 0.4735766080729167 0.4508675968750001 0.4735766080729167 0.5796875000000001 0.7106398776041667 0.5796875000000001
0 0.32153004337898133 0.8407049403080069 0.2512382692951367 0.7737169822766612 0.18343316015625 0.87617186875 0.2537249342400946 0.9431598267813459
0 0.21765690364583343 0.9324035390625 0.10510534895833344 0.9324035390625 0.10510534895833344 1 0.21765690364583343 1
0 0.4827368514457417 0.663840208217843 0.33251949350381876 0.6542251118545808 0.3297581898723356 0.716346783574654 0.4799755478142585 0.7259618799379162