0 0.4929626850678287 0.454562437382834 0.49046301865103137 0.40321104977325384 0.42879486857498195 0.4062129122526693 0.4312945349917793 0.45756429986224945
0 0.4254576936779971 0.46054935478074577 0.42244968277235356 0.39875473784902066 0.3090602189630508 0.4042742597857016 0.3120682298686943 0.4660688767174267
0 0.3045358334549912 0.4304755254607723 0.30308690984334286 0.4047962045076823 0.2512197367977993 0.40772274496536887 0.25266866040944763 0.43340206591845887
0 0.4233957391260154 0.39634797389118503 0.4200548912575682 0.28771268636275554 0.3045136665952479 0.2912659116812772 0.30785451446369516 0.3999011992097067
0 0.3028154009944572 0.39941816585292284 0.3003325655245379 0.29392764843255204 0.24988131061641822 0.29511507426238903 0.2523641460863375 0.40060559168275983
0 0.4940222666524181 0.3944081529046673 0.48838865447591706 0.2786751690383472 0.4247313411193074 0.2817738588298709 0.43036495329580843 0.39750684269619097
0 0.38923544537927035 0.12605386078794792 0.38663378293974576 0.07260723694132497 0.24141566133968345 0.07967613120093993 0.244017323779208 0.13312275504756288
0 0.47366494140625 4.879874461944586e-17 0.323279037109375 3.959026380274345e-17 0.323279037109375 0.06227466796875005 0.47366494140625 0.06227466796875006
0 0.30270239813388944 0.000008075393630175513 0.22845152964588086 -0.0004337746091478273 0.2280783778803694 0.062272669869436054 0.302329246368378 0.06271451987221406
0 0.24758379062429192 0.20639020649810783 0.2375747283554787 0.0007695061491220772 0.05853827018321053 0.009484519059751173 0.06854733245202377 0.21510521940873692
0 0.680081318359375 0.29881200195312513 0.6292775078124999 0.2847836738281251 0.6192825621041967 0.32098052662956567 0.6700863726510718 0.3350088547545657
0 0.7986903583056842 0.32972987500837586 0.7666906230468752 0.3193073105468751 0.7573336480245556 0.34803543447870844 0.7893333832833647 0.35845799894020913
0 0.7547631484040993 0.32010907138993294 0.6885595396141789 0.3025195704389605 0.6863590806632046 0.3108016885021527 0.752562689453125 0.3283911894531251
0 0.7515719277343749 0.349305689453125 0.675366314453125 0.32826514648437505 0.6720350048018157 0.3403306381109372 0.7482406180830655 0.3613711810796872
0 0.9820857338539686 0.5190444618457682 0.904075146484375 0.47274345312500005 0.8978822700522817 0.4831775654979821 0.9758928574218753 0.5294785742187502
0 0.9970330039062499 0.49499289257812534 0.919518990234375 0.4489866113281253 0.9142111264167697 0.4579296038358344 0.9917251400886447 0.5039358850858345
0 0.24543734570312514 0.8660529296875 0.10072419311478154 0.8228860122244248 0.047892333984375146 1 0.19260548657271875 1.0431669174630753
0 0.3379144032166487 0.6810719794282762 0.14485982226562502 0.627953333984375 0.10843525889272648 0.7603348877592239 0.3014898398437501 0.813453533203125
0 0.5311091713828276 0.7843400094973563 0.48086555685597876 0.7666255923060707 0.45867195703125 0.8295735664062501 0.5089155715580989 0.8472879835975355