0 0.4218750000000001 0.96875 0.3398440000000001 0.96875 0.3398440000000001 0.996094 0.4218750000000001 0.996094
0 0.2382810000000001 0.941406 0.08593750000000011 0.941406 0.08593750000000011 0.996094 0.2382810000000001 0.996094
0 0.5941541462560257 0.971713503564744 0.5650595124843286 0.8989759881072207 0.4249726212873685 0.9550100273503024 0.4540672550590656 1.0277475428078258
0 0.40436449403695657 0.9539312562038149 0.3679943079145584 0.8690716266155617 0.23976202436902586 0.9240309994301792 0.276132210491424 1.0088906290184323
0 0.28902807726219926 0.8940133235794425 0.2772676475060049 0.8652652347073344 0.06569387414753286 0.9518170229289644 0.0774543039037272 0.9805651118010725
0 0.7567494441071424 0.9015882005813489 0.7294054441071424 0.8390882005813489 0.6009224510630246 0.8953000239701228 0.6282664510630246 0.9578000239701228
0 0.5574734495104259 0.8938815699029614 0.523971923754404 0.807734964414256 0.3839117491897425 0.8622029207423334 0.41741327494576436 0.9483495262310389
0 0.7297523045152168 0.8560897936640525 0.6814418899976078 0.7401517243368761 0.5527446142033217 0.7937787924516944 0.6010550287209306 0.9097168617788707
0 0.6796356198195044 0.7236544790344874 0.6672634791156643 0.6953755588329804 0.3703378333659555 0.8252817165510611 0.3827099740697956 0.8535606367525681
0 0.105469 0.8476560000000001 0.06633551391015545 0.5681343705683252 -0.007835846990047426 0.5785184826170223 0.03129763909979712 0.8580401120486972
0 0.21556392209360076 0.8112391708924592 0.13921481472606095 0.5312794127965 0.050632320772856954 0.5554371502788973 0.12698142814039676 0.8353969083748565
0 0.3434812056717184 0.7493255659764919 0.23894853748548667 0.4880139644987912 0.12782330572128583 0.5324674710152885 0.23235597390751758 0.7937790724929892
0 0.37794284068516604 0.6275683700476629 0.30155825276848985 0.4595191478782059 0.2424021221692084 0.48640779752643054 0.3187867100858846 0.6544570196958874
0 0.4627499690721649 0.6241946804123713 0.3725437835051546 0.4212307628865979 0.3120167422680412 0.44813167010309274 0.40222292783505154 0.6510955876288661
0 0.5430249496676575 0.5958269763226228 0.4531635371842644 0.40112405413466445 0.3944558134539541 0.4282194819731726 0.48431722593734716 0.622922404161131
0 0.6525048125211477 0.6136433307455824 0.5350764236350547 0.3494275768976512 0.46440061866434135 0.3808388224046668 0.5818290075504343 0.6450545762525981
0 0.7732422857254018 0.5637435364847623 0.6743851131587905 0.29413149719668485 0.5512289859268583 0.3392884811153219 0.6500861584934696 0.6089005204033993
0 0.08750674925223731 0.5216908337860119 0.06722778919598339 0.29186250444989176 -0.0015155715088084921 0.29792809205561444 0.018763388547445418 0.5277564213917346
0 0.832031 0.5312500000000001 0.7236110867770265 0.27425525931085526 0.6823164096192129 0.291676492531485 0.7907363228421864 0.5486712332206298
0 0.17617172399041547 0.48320426799639543 0.14422078478415656 0.2595313336246739 0.07422009999590379 0.26953070002252777 0.10617103920216273 0.4932036343942493
0 0.8799341463761673 0.4229812775585975 0.8085530529869936 0.2373948202327211 0.7349987277629468 0.26568561382643696 0.8063798211521205 0.4512720711523134
0 0.25826481656793765 0.4436589097372051 0.2158938860718873 0.23182052665302197 0.14753557841167445 0.24549323818211014 0.18990650890772476 0.45733162126629323
0 0.9269080376141843 0.3735658932233128 0.8608883835016997 0.21105517535520152 0.818557528148538 0.22825200068071277 0.8845771822610227 0.39076271854882405
0 0.35655575234453374 0.3901425820164128 0.27279694789020476 0.20167455018100583 0.2006720273159817 0.23372824682031798 0.2844308317703107 0.42219627865572495
0 1.024379709833325 0.32071789538590273 0.9632293151408308 0.16783408090317087 0.8763492604927049 0.2025843234361267 0.9374996551851991 0.35546813791885856
0 0.4601552799150065 0.3382839600194538 0.37031598003532573 0.15859386009369814 0.28281594011878386 0.20234108005069196 0.3726552399984646 0.38203117997644764
0 0.996094 0.1601560000000001 0.949219 0.1601560000000001 0.949219 0.2187500000000001 0.996094 0.2187500000000001
0 0.5658322048442161 0.2926242840824724 0.4527571226313909 0.11493545993081633 0.377941136609395 0.16254579114135087 0.49101621882222024 0.3402346152930069
0 0.23758291411144367 0.162564966114904 0.208542699796208 0.10033623887723131 0.03211974106266438 0.1826673544114159 0.06115995537790009 0.2448960816490886
0 0.6585258239390638 0.2563637098820108 0.5430363219130152 0.0748850336438866 0.4758044057382902 0.11767011826224621 0.5912939077643388 0.2991487945003704
0 0.7693414604411574 0.20483995359208007 0.6344312082001613 0.03620429685487064 0.5653576299763775 0.09146386675639237 0.7002678822173736 0.26009952349360177
0 0.20608351098112143 0.09269974898771549 0.17201565368563185 0.014831072825921325 0.053163528087282225 0.06682935318370166 0.0872313853827718 0.14469802934549583
0 0.8686705320683983 0.16263649625579918 0.7087129444021634 -0.003720312180224117 0.6518037881870813 0.05099972861561902 0.8117613758533162 0.21735653705164232
0 0.35316951940621316 0.119972561585462 0.305115199711656 0.003270368618057906 0.22495562142317865 0.03627758042539106 0.2730099411177358 0.15297977339279517
0 0.996094 0.003906250000000121 0.953125 0.003906250000000119 0.953125 0.07812500000000011 0.996094 0.07812500000000011
0 0.929688 1.1313636154861005e-16 0.917969 1.1241877975664968e-16 0.917969 0.003906250000000114 0.929688 0.0039062500000001145
0 0.9749714138765264 0.11471820201520139 0.8020231907398538 -0.047419235231065504 0.7440383089856903 0.01443188588256572 0.9169865321223629 0.1765693231288326
0 0.46726797072035375 0.07246899930022696 0.4225509700290548 -0.039330371398940175 0.32219860713755305 0.0008081074916766601 0.366915607828852 0.1126074781908438
0 0.300781 3.133375177064422e-17 0.210938 2.5832454651854436e-17 0.210938 0.019531200000000026 0.300781 0.01953120000000003
0 0.3632206346056481 0.14384459627323654 0.18681318419128679 -0.003845142395920001 -0.024056979042340457 0.24802792745786945 0.15235047137202082 0.39571766612702597
0 0.164062 1.2676980327245793e-17 0.03125 4.544590792827879e-18 0.03125 0.027343800000000012 0.164062 0.02734380000000002