0 0.33953006668109537 0.46009363661978697 0.28645401128569387 0.4573171887673387 0.2855630470602927 0.5156125565949305 0.3386391024556942 0.5183890044473788
0 0.1754300022536197 0.4870221635985018 0.17362197248716654 0.3979767775771132 0.049617892628729995 0.4065945454577777 0.05142592239518314 0.49563993147916624
0 0.3404191956263623 0.3806659280819713 0.28601857813594156 0.3804425829858559 0.2859493021353878 0.4381956267556651 0.3403499196258085 0.43841897185178047
0 0.16850930834616742 0.3848256288282428 0.16689786012310323 0.3151915058911916 0.08691909708236277 0.3215263158655434 0.08853054530542695 0.3911604388025946
0 0.341739198175416 0.31473668285928874 0.2837766904613922 0.31460568831604463 0.2837532121546075 0.3501627117351674 0.3417157198686313 0.3502937062784115
0 0.02975059167641514 0.3013336443398718 0.027467349771549056 0.26186412738454945 0.010518738669477976 0.26521987192783025 0.012801980574344056 0.3046893888831526
0 0.4799156616502466 0.24671250975377623 0.35645314045530235 0.2448263562804237 0.35618690308060624 0.30447379485964177 0.4796494242755505 0.3063599483329943
0 0.7384825229492187 0.28624020957542917 0.6415713907900502 0.27283763856495324 0.6401273323770054 0.3085760277753391 0.7370384645361738 0.32197859878581514
0 0.7364581640625 0.35979670460704627 0.6821408104515085 0.34921559902137933 0.680091221490596 0.38522691486184857 0.7344085751015874 0.3958080204475155
0 0.8135886464843751 0.36760924661246636 0.7558053677544633 0.3617563818499862 0.7546970336737892 0.39920786680180875 0.812480312403701 0.4050607315642889
0 0.2013002260742187 0.7876994769647695 0.20024792179786197 0.7452340695632557 0.16887554052734374 0.7478949060523938 0.1699278448037005 0.7903603134539077
0 0.07382233984375004 0.6368592764227643 0.023252618947658815 0.6227851774193441 0.020956991210937546 0.6510168157181572 0.07152671210702877 0.6650909147215773
0 0.31031486712486944 0.7332791224561368 0.30982507250251795 0.7161370716297816 0.2714651194401485 0.7198884767255871 0.2719549140625 0.7370305275519423
0 0.2520719826961411 0.7127049979267334 0.2514737377915137 0.6972394443364024 0.18094854269302882 0.7065767698062363 0.18154678759765622 0.7220423233965673