0 0.9960940000000003 0.9882810000000002 0.9726560000000002 0.9882810000000002 0.9726560000000002 0.9960940000000003 0.9960940000000003 0.9960940000000003
0 0.9609380000000002 0.9882810000000001 0.6640620000000003 0.988281 0.6640620000000003 0.9960940000000001 0.9609380000000002 0.9960940000000003
0 0.9960940000000003 0.9492190000000003 0.9882810000000002 0.9492190000000003 0.9882810000000002 0.9726560000000002 0.9960940000000003 0.9726560000000002
0 0.1914060000000001 0.886719 0.03515620000000011 0.886719 0.035156200000000117 0.996094 0.1914060000000001 0.996094
0 0.027343800000000112 0.886719 1.085917585093142e-16 0.886719 1.1528904569215129e-16 0.996094 0.02734380000000012 0.996094
0 0.6015620000000002 0.882812 0.3867190000000001 0.882812 0.3867190000000001 0.996094 0.6015620000000003 0.996094
0 0.3750000000000001 0.882812 0.2031250000000001 0.882812 0.2031250000000001 0.996094 0.3750000000000001 0.996094
0 0.9960940000000001 0.6875000000000001 0.6796880000000001 0.6875 0.6796880000000002 0.9765620000000002 0.9960940000000003 0.9765620000000003
0 0.996094 0.3867190000000001 0.8125 0.3867190000000001 0.8125 0.6796880000000001 0.996094 0.6796880000000002
0 0.9058718244025598 0.26499726856150585 0.7722127565098434 0.2020086570885186 0.5964567484397583 0.5749551892607135 0.7301158163324746 0.6379438007337008
0 0.15625000000000008 0.25 3.061616997868383e-17 0.25 6.888638245203862e-17 0.875 0.1562500000000001 0.875
0 0.703125 0.1835940000000001 0.527344 0.18359400000000006 0.527344 0.863281 0.703125 0.863281
0 0.519531 0.14843800000000004 0.34375000000000006 0.14843800000000004 0.3437500000000001 0.863281 0.519531 0.863281
0 0.33593800000000007 0.12890600000000005 0.16406200000000004 0.12890600000000002 0.1640620000000001 0.875 0.3359380000000001 0.875
0 0.24218800000000001 0.11718800000000003 0.08984380000000003 0.11718800000000001 0.08984380000000003 0.23828100000000002 0.24218800000000004 0.23828100000000005
0 0.07812500000000001 0.0859375 1.0524308430172567e-17 0.0859375 1.9613483892594332e-17 0.234375 0.07812500000000003 0.234375
0 0.300781 1.8417524444717004e-17 0 0 4.066207013676949e-18 0.06640620000000001 0.300781 0.06640620000000003