0 0.34324405675207886 0.9316713845723488 0.32259931839756145 0.9196285104269424 0.27882069521390185 0.9946768925851506 0.29946543356841926 1.006719766730557
0 0.37289675443868564 0.8801078106538298 0.35486747928941664 0.868088550298538 0.3266227366839436 0.9104565680385109 0.3446520118332126 0.9224758283938026
0 0.5250948172403759 0.8625046249424425 0.42605877543139514 0.8067972475690581 0.32069508291014237 0.9941118107326234 0.4197311247191231 1.049819188106008
0 0.383594 0.8343749999999999 0.3710935999999999 0.8281247999999999 0.3585934 0.8531252 0.3710938000000001 0.8593754
0 0.4023440000000001 0.804688 0.3710940000000001 0.804688 0.3710940000000001 0.820312 0.4023440000000001 0.820312
0 0.3535521932185356 0.7862616408843661 0.3290082457312732 0.7726263859991038 0.20629500827805453 0.9935146115136229 0.23083895576531693 1.0071498663988852
0 0.17082623199983457 0.5569736978290709 0.11842441764840297 0.5150538560698492 0.053259249845974355 0.5965134437509394 0.10566106419740595 0.6384332855101611
0 0.5213784302411584 0.4817885882034145 0.48775309039415093 0.4577705761511205 0.429688 0.5390620000000002 0.46331333984700745 0.5630800120522941
0 0.535156 0.44140600000000013 0.5 0.44140600000000013 0.5 0.4687500000000001 0.535156 0.4687500000000001
0 0.13662317667164695 0.4561737852295229 0.08279122065863861 0.41311042540425824 0.017245557460136812 0.49504669959332226 0.07107751347314514 0.5381100594185869
0 0.3931254415928075 0.4432813712016712 0.33750105598992375 0.40156219200933885 0.27421864800335877 0.48593693599688725 0.3298430336062425 0.5276561151892196
0 0.996094 0.41015600000000013 0.992188 0.41015600000000013 0.992188 0.4218750000000001 0.996094 0.4218750000000001
0 0.5630293458449976 0.47837262031685535 0.4253611726279696 0.3702056689977251 0.1999457765850627 0.6571003758353351 0.3376139498020908 0.7652673271544654
0 0.16125013226725288 0.3670310725330676 0.11812488480095755 0.33468736693466594 0.060000360535224784 0.41218728373282904 0.1031256080015201 0.4445309893312307
0 0.4261783437885981 0.39641369569413665 0.12228364120281196 0.26346097889166553 -0.013178915763247673 0.5730925114452424 0.2907157868225384 0.7060452282477134
0 1.0254692687884985 0.3501569215956745 0.9710947039932821 0.30937512800622585 0.9012497568045547 0.4024997375995252 0.955624321599771 0.44328153118897384
0 0.6144303183364886 0.3131895968863278 0.5782403935885888 0.2914754567475449 0.5234379999999998 0.38281200000000004 0.5596279247478997 0.40452614013878296
0 0.2524249583646338 0.3220622936738785 0.13725612481782062 0.2759971189430553 0.11058730677491639 0.34267257787750993 0.22575614032172958 0.38873775260833315
0 0.5531643937139439 0.3065948614087393 0.500287831622464 0.2642903629579964 0.43168628505881657 0.350035710835547 0.4845628471502964 0.39234020928628993
0 0.996094 0.2773440000000001 0.976562 0.2773440000000001 0.976562 0.3203120000000001 0.996094 0.3203120000000001
0 0.4745315311889737 0.2787506784002293 0.4182815951920866 0.236562326403588 0.35546836000983034 0.3203115199971329 0.41171829600671744 0.3624998719937743
0 0.6575833312873584 0.2424722504241303 0.6280481754490583 0.21884533552895835 0.5693609132236335 0.2922081695359198 0.5988960690619334 0.31583508443109176
0 1.0121364456173847 0.24697944344806544 0.8972392609811699 0.15670548518576127 0.7565434690457028 0.335777619550098 0.8714406536819177 0.4260515778124021
0 0.9381255503940032 0.215313172804309 0.881876254387286 0.17312530081053484 0.8171872879935284 0.2593754159997542 0.8734365840002456 0.3015632879935284
0 0.59416038521739 0.22527222217627035 0.422447413261108 0.17063609490809356 0.39787391404135974 0.2478668356902295 0.5695868859976418 0.3025029629584063
0 0.8611390193008858 0.19188145352658265 0.7935455012761502 0.13964920488550114 0.6708687612029541 0.29840462241182 0.7384622792276897 0.35063687105290153
0 0.4427401082715842 0.17997292564732262 0.3879555396032772 0.13614695363000248 0.3224089506244272 0.218083336089836 0.3771935192927342 0.2619093081071561
0 0.6956941522864365 0.16358656574039088 0.6685405699015217 0.14186342177621625 0.6079454533024381 0.21760634800320508 0.635099035687353 0.2393294919673797
0 0.1648207589617809 0.17626385945473227 0.10340160775952054 0.13717790547794476 0.06624523038122651 0.1955649455302611 0.12766438158348686 0.23465089950704862
0 0.996094 0.1406250000000001 0.941406 0.1406250000000001 0.941406 0.2226560000000001 0.996094 0.2226560000000001
0 0.3656245840002459 0.15312528799352843 0.30812530719855835 0.10999991040383378 0.2448433792148601 0.1943740144012125 0.3023426560165477 0.23749939199090714
0 0.6453876977331123 0.14834076804127325 0.5915552492928933 0.10527921907393825 0.522582887659539 0.19150350014297754 0.576415336099758 0.23456504911031253
0 0.9823443712016712 0.1342185584071925 0.9273448960026215 0.09296807201630186 0.8626554496059966 0.179218827195691 0.9176549248050463 0.22046931358658162
0 0.4221769642588645 0.2124335147017883 0.2256561834284648 0.08143084042522095 0.12650436107072344 0.23017126620739747 0.3230251419011231 0.36117394048396484
0 0.5652046952652234 0.11899116864441342 0.5057099378880585 0.07932715089392475 0.44861752071218575 0.1649639497003842 0.5081122780893507 0.20462796745087286
0 0.7435211444401784 0.08622319750549301 0.7144621838364626 0.06297668364435072 0.6553932611580722 0.13681491621841704 0.6844522217617879 0.16006143007955934
0 1.0101562540028057 0.09062487800248833 0.93515619600257 0.06562507199802384 0.9210939419997644 0.1078121939955356 0.9960939999999999 0.1328120000000001
0 0.20937496799367866 0.09843697600831477 0.03945230801685473 0.04179705599988386 -0.00390645999645018 0.17187557999924902 0.16601619998037376 0.22851550000767992
0 0.6893373575722723 0.07110524998512446 0.6376465404057092 0.028813310021250482 0.5704671245572694 0.11092254655531586 0.6221579417238325 0.15321448651918984
0 0.4133960505640559 0.07212311362773915 0.359565807860084 0.02905836823582067 0.29211053539771137 0.11337637952942711 0.3459407781016832 0.1564411249213456
0 0.9402665663351487 0.06873594791927629 0.876513470956079 0.015048949917540078 0.7725825407141188 0.13846651385614678 0.8363356360931885 0.19215351185788299
0 0.7801012555348936 0.02665456037813252 0.7421880088221167 0.0039061852967485766 0.7080652785524947 0.0607763347732454 0.7459785252652716 0.08352470985462934
0 0.6453869112631487 0.003809294952457465 0.5320066598431503 -0.08688933330315732 0.3582350760825086 0.13033849290945332 0.47161532750250695 0.2210371211650681
0 0.453125 5.022968448744814e-17 0.339844 4.329322378473757e-17 0.339844 0.05468750000000005 0.453125 0.054687500000000056
0 0.3596740177042362 0.005407642617460323 0.2947689218921517 -0.037859467366838956 0.21244227347200242 0.085638936051753 0.2773473692840869 0.12890604603605227
0 0.253906 2.965941466684996e-17 0.230469 2.822431231526914e-17 0.230469 0.0039062500000000295 0.253906 0.003906250000000031
0 0.2578126399901696 0.019531680002867133 0.20281380478128946 -0.021718326385156375 0.13953139679472434 0.062656417602392 0.19453023200360453 0.10390642399041551
0 0.175781 1.6504013821049264e-17 0.0703125 1.0045930774255631e-17 0.0703125 0.058593800000000015 0.175781 0.05859380000000002