0 0.4602540459336688 0.3607773251873179 0.36954448692315633 0.35808109322534815 0.36931879013017754 0.36901520937853827 0.46002834914069 0.37171144134050804
0 0.3107576618599732 0.34327488151246077 0.27988724667728243 0.34142686436179553 0.27888705859375 0.36548603437500005 0.30975747377644075 0.3673340515256653
0 0.26172120874507115 0.3397634914607509 0.10703653717689444 0.3343584998078837 0.10640382398101532 0.3604333388510256 0.26108849554919206 0.3658383305038928
0 0.46205904447975604 0.3507245148786202 0.36968791035405896 0.34519483973763865 0.3693545200104522 0.353214429756748 0.46172565413614924 0.3587441048977295
0 0.51592477734375 0.35073305625000006 0.4652817443970003 0.347701372032451 0.4643482291666667 0.3701567125 0.5149912621134164 0.37318839671754905
0 0.567816684167063 0.34901560595775977 0.5220069244998565 0.34627326535610226 0.5210734112963333 0.36872860233435556 0.5668831709635399 0.37147094293601307
0 0.6905240976781686 0.35265266806516576 0.5843848154545597 0.34863996054756324 0.5837547637914711 0.37263808466364906 0.68989404601508 0.3766507921812516
0 0.18471590639641047 0.3081103996473748 0.10849071718442704 0.3055328941063646 0.10791895609690226 0.32988160598983385 0.1841441453088857 0.33245911153084406
0 0.26345496547207786 0.3108269682223763 0.1838497086789971 0.3084607668548022 0.18334969069813725 0.33268433753254795 0.262954947491218 0.33505053890012204
0 0.44085016870503746 0.32051194061296606 0.3903634842327038 0.3174896171571457 0.3894299695230506 0.3399449536329043 0.43991665399538427 0.34296727708872465
0 0.31399522786458334 0.31291793125 0.2845077860614741 0.3128333931095647 0.2844602668603057 0.3367013931311712 0.3139477086634149 0.3367859312716065
0 0.3680435606951394 0.2904265932063459 0.3441180739277692 0.28899432519264423 0.3433846015625 0.30663774374999997 0.36731008832987017 0.3080700117637017
0 0.3171699249851778 0.28577328084044906 0.28781589502555216 0.2840160398244037 0.2868823985110375 0.3064709640731835 0.31623642847066313 0.30822820508922893
0 0.2684875689990916 0.28243623186368993 0.11390264042776028 0.27613896218472794 0.11321142048725823 0.3005729080741115 0.26779634905858957 0.3068701777530735
0 0.464313978403823 0.29136580506924814 0.398958382965015 0.287453377976843 0.39795819495199497 0.31151254879353474 0.4633137903908029 0.3154249758859399
0 0.31854004947916675 0.2729918656250001 0.28971013761922865 0.27126600018024344 0.28944342181020505 0.2776817531211212 0.3182733336701431 0.27940761856587787
0 0.3780572890625001 0.2717308984375001 0.34945415960375054 0.27001860831795993 0.3491874437488202 0.2764343597013909 0.37779057320756976 0.27814664982093107
0 0.37702533593750004 0.26202175000000005 0.35144181772970917 0.26049022824165136 0.3511751024241732 0.26690597963866736 0.376758620631964 0.268437501397016
0 0.2712408685263924 0.253012742865629 0.1132611979932165 0.2473302542067648 0.11263525381618177 0.2723890802857982 0.27061492434935763 0.27807156894466245
0 0.31897553125000006 0.25533060781250005 0.29271154929151616 0.2537583488615937 0.2923781418615831 0.2617783468880869 0.31864212382006696 0.2633506058389932
0 0.5259659437066919 0.2634024359542757 0.4022820144575933 0.2587264576263526 0.40167942772811444 0.2816785793924318 0.525363356977213 0.2863545577203549
0 0.47891023353621837 0.21288019297089136 0.3656403771524251 0.20869744653896757 0.3653663455403202 0.21938346623158106 0.4786362019241135 0.22356621266350488
0 0.32733551953124995 0.19472995312500005 0.2980520416649822 0.19297693553697484 0.29705187038981273 0.21703569614640603 0.32633534825608046 0.21878871373443123
0 0.27937121121192093 0.19121692571159943 0.11907145040943119 0.1857964927770205 0.11847750256824545 0.2110900376191586 0.2787772633707352 0.21651047055373746
0 0.48036168169056714 0.20067459175400115 0.36587943600968825 0.19382128033124385 0.36541268061334375 0.20504894705055193 0.47989492629422265 0.21190225847330924
0 0.5320536058204024 0.20376907480891066 0.48036168242937793 0.20067460269151197 0.47942816821419937 0.2231299380731897 0.5311200916052238 0.22622441019058842
0 0.4115452436307489 0.18147000379608444 0.3593300256078031 0.18063848383679823 0.35921606657561544 0.19094319117264483 0.41143128459856126 0.19177471113193106
0 0.4780609556773305 0.18401421846765614 0.4155367725179508 0.18237608796434965 0.41535214221497335 0.19252372684527966 0.47787632537435304 0.19416185734858615
0 0.3312573113167277 0.16602178907731796 0.2998621829575013 0.1641423603469963 0.2988619946728556 0.18820153123518216 0.33025712303208205 0.1900809599655038
0 0.2823781717154095 0.16218098363144906 0.12308610252988005 0.15699116906783728 0.12249701448553729 0.18302781361583273 0.28178908367106675 0.1882176281794445
0 0.4776543259889907 0.17317782979282906 0.41531751569192066 0.16944611806914334 0.41491743359375 0.17906995156250005 0.47725424389082005 0.18280166328618577
0 0.40482968959236554 0.16881827963449106 0.35924671407802883 0.1660895122971271 0.3587799570312498 0.17731717968750005 0.4043629325455866 0.180045947024864
0 0.4025665260416667 0.1542115359375001 0.35954882816280237 0.15163633512791697 0.3592154374918659 0.1596559220706647 0.40223313537073024 0.16223112288024782
0 0.47825055598958327 0.15713443593750007 0.4138021499508496 0.15327631459040075 0.41353545124159047 0.15969165496658191 0.4779838572803241 0.1635497763136812
0 0.2845935821815085 0.13446263679396453 0.12973325617094017 0.12836491988179283 0.12905347476307497 0.1532251237276008 0.28391380077364325 0.1593228406397725
0 0.33510859375 0.13730981718750004 0.3040107399687053 0.13544818441507883 0.30307724348958337 0.15790310781250008 0.3341750972708781 0.1597647405849213
0 0.48269260053329394 0.1412792902464092 0.36152292887930443 0.13733240472852143 0.3612439419397481 0.14966588848941653 0.48241361359373763 0.15361277400730428
0 0.287088149971294 0.10529387783208051 0.13213195719236712 0.0999552879348806 0.13152827764259548 0.12518726801745883 0.2864844704215223 0.13052585791465873
0 0.3375984244791667 0.10851592968750004 0.306501229635685 0.10665433646615381 0.30556771611035577 0.1291096711659011 0.33666491095383755 0.13097126438724732
0 0.6590659650196792 0.12454451832621485 0.6085792777495078 0.12152219785589939 0.6073790653838989 0.1503928737540501 0.6578657526540702 0.1534151942243656
0 0.5423246032102135 0.11342872397779233 0.3632239576854448 0.11220892803839169 0.36311414226381816 0.13542751539707631 0.5422147877885869 0.13664731133647695
0 0.49014780472938196 0.045779080381905576 0.31303981813140447 0.04024887667942484 0.3125649648675132 0.062147607075511105 0.4896729514654907 0.06767781077799184
0 0.28528797492097874 0.023627664379332124 0.16478260247029602 0.019865276397109444 0.16399589040064882 0.05614977582502863 0.28450126285133154 0.059912163807251305
0 0.7194579682017931 0.04490513038032231 0.5901664157950833 0.040533387980546245 0.5894513152906433 0.07098744544396937 0.718742867697353 0.07535918784374544
0 0.491943815429082 0.004038212855218712 0.31770473255713194 -0.0021482375440753402 0.31712129211551815 0.021514395159658577 0.4913603749874682 0.02770084555895263
0 0.2878998020833333 3.353404893795438e-17 0.16842111067708332 2.475489711813567e-17 0.16842111067708332 0.013853770312500032 0.2878998020833333 0.013853770312500045
0 1 1.4294084433529235e-16 0.9156048515625 1.3673958943143935e-16 0.9156048515625 0.40937500000000016 1 0.40937500000000016
0 0.6401932754295734 0.5639688753300676 0.5736900463405368 0.4910874804270177 0.43721589297542085 0.6704117034771675 0.5037191220644575 0.7432930983802174
0 0.9610474540568784 0.5714306902634608 0.9280258933637158 0.5690507780408541 0.9250267843589207 0.6289734815273935 0.9580483450520833 0.6313533937500002
0 0.8404778447104292 0.5333136500310625 0.8040380303882828 0.5303923889581207 0.802608009045035 0.5560792357444424 0.8390478233671814 0.5590004968173842
0 0.8444564944801666 0.4972490307139722 0.8052455502196277 0.4885944310293132 0.801462167023602 0.5132777263347175 0.8406731112841408 0.5219323260193764
0 0.9281934432365423 0.49682653408706556 0.8537845525532882 0.48645457509702894 0.8515862347616435 0.5091645683875798 0.9259951254448975 0.5195365273776165
0 0.9741117912519314 0.4933884367119109 0.9367339599523765 0.48513838456044034 0.9264155908633969 0.5524563460592631 0.9637934221629517 0.5607063982107336
0 0.8407036353405068 0.4109321009042863 0.7701730512062377 0.4079655899565153 0.7682878606244832 0.4725086094154817 0.8388184447587523 0.4754751203632527
0 0.9295131706659384 0.42204866908678806 0.8607182831522885 0.41378520751697645 0.8560613403509335 0.4696139118676886 0.9248562278645834 0.4778773734375002