0 0.996094 0.2812500000000001 0.972656 0.2812500000000001 0.972656 0.3750000000000001 0.996094 0.3750000000000001
0 0.933594 0.24609400000000012 0.871094 0.24609400000000012 0.871094 0.3515620000000001 0.933594 0.3515620000000001
0 0.8933581866145555 0.25351330665460703 0.7527340866703077 0.206641273341753 0.7195327866953387 0.3062508399845256 0.8601568866395864 0.3531228732973796
0 0.7635026513411779 0.21191279669354143 0.6140277232836113 0.1729186138453463 0.58727112659007 0.27548366518652406 0.7367460546476365 0.31447784803471923
0 0.6316649965458837 0.18090582189910756 0.48043243480998915 0.13553644053865294 0.45000692955244453 0.23695565685219205 0.6012394912883391 0.2823250382126467
0 0.957031 0.1210940000000001 0.898438 0.1210940000000001 0.898438 0.18359400000000012 0.957031 0.18359400000000012
0 0.4851359739750587 0.14093596354559607 0.20187805832442862 0.06438022565733646 0.17451582795240372 0.1656210804453189 0.45777374360303386 0.24217681833357851
0 0.9054087706270095 0.11376255591479102 0.6885818265585029 0.05462715493137059 0.6709134289601785 0.11941042508973305 0.8877403730286851 0.1785458260731535
0 0.20657189394473738 0.064338130104008 0.06043202422150226 0.0278032795847209 0.03492655726640551 0.12982547387508497 0.18106642698964062 0.1663603243943721
0 0.04687500000000001 0.011718800000000003 1.4351390909848002e-18 0.0117188 8.13243852028988e-18 0.121094 0.046875000000000014 0.121094
0 0.6874699692307693 0.05219344615384619 0.48882190000000003 -0.001983299999999938 0.4699817338461539 0.06709730923076933 0.6686298030769231 0.12127405538461546
0 0.480469 4.8077000343906926e-17 0.304688 3.731351839386088e-17 0.304688 0.05859380000000005 0.480469 0.05859380000000006
0 0.292969 3.276891535456501e-17 0.242188 2.965947589918992e-17 0.242188 0.01562500000000003 0.292969 0.015625000000000035