0 0.03737158173076931 0.42988510546875 6.644635215867308e-17 0.42988510546875 8.004651130908475e-17 0.610347412109375 0.037371581730769314 0.610347412109375
0 0.11771236245622065 0.48888006697097675 0.06400294756226625 0.30476038765851865 -0.011597467886217884 0.3193190385773941 0.04211194700773651 0.5034387178898522
0 0.06854852359373581 0.14080868742290054 0.0037224375196032093 0.1398879080326842 -0.0010902808822286002 0.3635700960153173 0.06373580519190401 0.36449087540553365
0 0.23203488290529722 0.09274803457074296 0.11773542295951017 0.0667720814748496 0.011535215012850281 0.3752647117287224 0.12583467495863732 0.4012406648246158
0 0.6406605551555078 0.3934870248980965 0.4063446947115385 0.32918163671875006 0.3900485602291076 0.36838160010190363 0.6243644206730768 0.4326869882812501
0 0.6573521466346153 0.3496003359375 0.4283616835448505 0.2859350111241128 0.4130816947115384 0.32221642578125 0.6420721578013032 0.38588175059463725
0 0.6805394098951445 0.29792847613079615 0.4398473341346154 0.22863241210937502 0.4244674242394709 0.2638982133223289 0.6651595000000001 0.33319427734375007
0 0.6949301992829384 0.26513340137782454 0.44972673492450166 0.19840529719916716 0.44213528323771717 0.2168210462119677 0.6873387475961538 0.28354915039062506
0 0.5347627890814567 0.48278912849670075 0.4072646418269231 0.4488847421875001 0.39437274153715557 0.4808892876233509 0.5218708887916892 0.5147936739325516
0 0.5044546845494621 0.5321796940790187 0.38361554212439575 0.5020533609148508 0.370115924882626 0.5377995340233321 0.49095506730769234 0.5679258671875
0 0.48484777110219046 0.5840474307017243 0.3653011153846155 0.5466664355468751 0.3498240029409129 0.579342011361025 0.469370658658488 0.6167230065158743
0 0.45786760197303433 0.6306046539057566 0.33760080388982056 0.5987736395153366 0.323934889423077 0.6328600058593751 0.44420168750629085 0.6646910202497951
0 0.3308713796232047 0.5935857071759976 0.2120655764220218 0.5605224904569536 0.19668442756804805 0.5970086426559562 0.31549023076923094 0.6300718593750002
0 0.35729568862939143 0.5477174476524919 0.2342986263150357 0.5106852190683921 0.22080835563347037 0.5402641377519966 0.34380541794782604 0.5772963663360963
0 0.37654597596153844 0.5000906972656252 0.250743838887236 0.4598621816412661 0.2358282956180053 0.490654318360016 0.3616304326923077 0.5308828339843751
0 0.39785906216367617 0.44043562176476925 0.27308760249124303 0.4063378707869933 0.2585406225961539 0.44147846484375003 0.3833120822685871 0.475576215821526
0 0.8613800694656306 0.7024357441603514 0.8481185703799667 0.6397136670099044 0.6227473164220731 0.6711706775422523 0.636008815507737 0.7338927546926993
0 0.623887323760073 0.763406750965245 0.4936969214693664 0.5710723564324672 0.3201609028451596 0.6486181746930686 0.4503513051358664 0.8409525692258464