0 0.439017227654385 0.19649773175366714 0.43046593236724584 0.1721925664992153 0.414376626715136 0.17785327286166341 0.4229279220022752 0.20215843811611522
0 0.42084348049522713 0.14321402160952573 0.4033834822130419 0.08906475092824617 0.3862573421875 0.09458693750000002 0.4037173404696852 0.14873620818127958
0 0.9844885076462285 0.457840462219119 0.8899517851257395 0.43272240602916484 0.8773511773497585 0.48014726056005974 0.9718878998702476 0.505265316750014
0 0.8796039578125001 0.4280394359375002 0.7925715703125 0.4280394359375002 0.7925715703125 0.4890625000000002 0.8796039578125001 0.4890625000000002
0 0.6921533496168937 0.42654069716143506 0.6364629675572793 0.3638128204891595 0.518056114850957 0.4689355062153614 0.5737464969105714 0.5316633828876369
0 0.5280417495109132 0.66778802721039 0.4640591527539513 0.6288213850214701 0.40884285625 0.7194856515625 0.4728254530069619 0.7584522937514198
0 0.46656851442873376 0.7421839835489388 0.40670791748135426 0.7102039366586684 0.3575789872690458 0.8021639985055341 0.41743958421642524 0.8341440453958044
0 0.41038972151971026 0.8346739312960668 0.34623685156250017 0.7941790359375002 0.2926534481084457 0.8790669973265761 0.35680631806565577 0.9195618926851428
0 0.34900049703969355 0.9491786180647714 0.2607961820779647 0.8861650922366205 0.22230571662461168 0.9400428128252118 0.31051003158634055 1.0030563386533626
0 0.4565255234375002 0.96116223125 0.3733265578125001 0.96116223125 0.3733265578125001 1 0.4565255234375002 1
0 0.5171366618888236 0.9200100858890659 0.4630291512058743 0.8768242351827438 0.3997732297488242 0.9560775181450747 0.4538807404317735 0.9992633688513969
0 0.9898997609375002 0.8461530718750001 0.9656097544392852 0.8439889787105898 0.9604686756619338 0.9016929809981831 0.9847586821601488 0.9038570741625934