0 0.9930998835635512 0.27322232661876483 0.965002837890625 0.2348247480468751 0.8779032453426988 0.29855900736561036 0.9060002910156248 0.3369565859375001
0 0.9279018099972289 0.18150083073348683 0.9007870234374998 0.1452462441406252 0.8153187700965048 0.2091679066049884 0.8424335566562339 0.24542249319785003
0 0.8748835735042151 0.1105764335373286 0.8477835859375 0.07144583398437504 0.7621361119866754 0.13076119090976368 0.7892360995533905 0.16989179046271724
0 0.823826896484375 0.03301642187500009 0.7960227154026841 -0.006650404441587321 0.7061666188188152 0.05633359031443025 0.7339707999005061 0.09600041663101766
0 0.6381200683593752 5.551115123125783e-17 0.6253681411827622 -0.017101423563056883 0.446072512276512 0.11659299049944308 0.458824439453125 0.13369441406250002
0 0.5609831582031249 5.551115123125783e-17 0.5479968158026473 -0.017676565783262377 0.4263406693182723 0.0716998658573626 0.43932701171875 0.08937643164062503
0 0.48862566406249996 2.7755575615628914e-17 0.47563638728546953 -0.017583558512229147 0.4042991392385945 0.035114492269020886 0.41728841601562494 0.05269805078125006
0 0.2001274628906251 1 0.1874294296875001 0.9941489570312498 0.1856842098336416 0.9979364629117242 0.1983822430367666 1.0037875058804742
0 0.22504106054687506 1 0.21111071484375005 0.9935811289062499 0.2093654957912875 0.997368633651774 0.2232958414944125 1.0037875047455238
0 0.20759417475091552 0.9919607664340686 0.18654840234375009 0.98226322265625 0.1848031826470075 0.9860507277585375 0.20584895505417294 0.9957482715363561
0 0.24896746298638706 0.9995445297537577 0.21022946289062505 0.9816947011718751 0.208484019063784 0.9854826929064258 0.247222019159546 1.0033325214883084
0 0.20671337197015216 0.9800745465906437 0.1856671503906251 0.9703767968749999 0.18392170734885344 0.9741647870880604 0.2049679289283805 0.9838625368037043
0 0.2738260839889469 0.99951919947728 0.2502858222656249 0.9886722363281251 0.2485403787467519 0.9924602271871839 0.2720806404700739 1.0033071903363389
0 0.24910855892011652 0.9881297718111866 0.2093484375000001 0.9698089687500001 0.20760299381425867 0.9735969606106887 0.2473631152343751 0.991917763671875
0 0.2058320444403734 0.9681886749808573 0.18478612500000025 0.9584910625000002 0.18304068103388144 0.962279053943372 0.2040866004742546 0.9719766664242291
0 0.2762986817825555 0.9891787570732631 0.24940449804687498 0.976786365234375 0.24765927720181946 0.9805738737861118 0.2745534609375 0.992966265625
0 0.2482273814349532 0.9762439702968162 0.20729754687500007 0.9573841796875002 0.20555232681128083 0.9611716856019855 0.24648216137123397 0.9800314762113015
0 0.20495056976102022 0.9563027313843262 0.18390479687499994 0.9466051894531251 0.18215957672335464 0.9503926963500489 0.20320534960937492 0.96009023828125
0 0.27775700360123895 0.9783703692245795 0.24852354492187528 0.9649000761718751 0.2467781011251608 0.968688067933358 0.27601155980452446 0.9821583609860625
0 0.24734627889141636 0.9643576132754081 0.20641659374999988 0.94549789453125 0.20467115079608345 0.9492858847714667 0.24560083593749993 0.9681456035156248
0 0.20406976535878985 0.9444165127423738 0.18302384570312502 0.9347189042968749 0.18127840260996025 0.9385068954607511 0.20232432226562508 0.94820450390625
0 0.27921510218185513 0.9675624643843403 0.2476422187500001 0.9530142050781251 0.24589677477126998 0.9568021977250347 0.277469658203125 0.97135045703125
0 0.24646525100298006 0.9524718787350497 0.20553526757812485 0.9336120195312497 0.20378982368419324 0.937400011205824 0.24471980710904845 0.9562598704096239
0 0.20318874002143128 0.9325307794631341 0.18214251953125027 0.922833029296875 0.18039707604611244 0.9266210201000586 0.20144329653629345 0.9363187702663177
0 0.280673051944727 0.9567544919851796 0.2467611894531252 0.9411284687500001 0.2450159691393604 0.9449159756804071 0.27892783163096224 0.9605419989155866
0 0.24558377651091468 0.9405859372590718 0.20465424023437506 0.921726287109375 0.20290902036408537 0.9255137932096782 0.24383855664062498 0.944373443359375
0 0.2023072641105214 0.920644839315029 0.18126149218750015 0.9109472968750001 0.1795162722672311 0.9147348028977513 0.20056204419025236 0.9244323453377803
0 0.28213114901066827 0.9459465894352868 0.2458798652343751 0.9292425976562502 0.24413464556914405 0.9330301027133143 0.2803859293454372 0.9497340944923509
0 0.24470274812994175 0.9287002033577212 0.20377291601562508 0.9098404160156252 0.2020276968112797 0.9136279204949095 0.24295752892559636 0.9324877078370055
0 0.20142593722930074 0.9087589646765468 0.18038016406250007 0.899061423828125 0.17863494363007448 0.9028489318078282 0.19968071679687516 0.91254647265625
0 0.2835892470633309 0.9351386832180938 0.24499883593750005 0.9173568652343751 0.24325361621791936 0.9211443714694065 0.2818440273437502 0.9389261894531251
0 0.24382142238468701 0.9168143315660366 0.20289188671875008 0.8979546796875 0.2011466667167125 0.9017421856700255 0.24207620238264943 0.9206018375485623
0 0.20054491035310562 0.8968732328255754 0.1794991386718751 0.8871756894531249 0.17775391826576703 0.8909631961225686 0.19879968994699754 0.9006607394950191
0 0.19966410714944355 0.8849870137610687 0.15873412500000023 0.86612715625 0.15698868157878915 0.8699151471206152 0.19791866372823247 0.888775004631684
0 0.28299667852916505 0.9119055074551857 0.24323655859374999 0.8935847050781249 0.24149111639270993 0.8973726937166893 0.281251236328125 0.9156934960937501
0 0.24205929229476836 0.8930422392619123 0.2011296093749999 0.87418251953125 0.1993841662893187 0.8779705096536741 0.24031384920908716 0.8968302293843363
0 0.198782780497487 0.8731011413564618 0.15785279687499992 0.85424128515625 0.15610735389685648 0.8580292754649244 0.19703733751934355 0.8768891316651362
0 0.28690261852567 0.9014302566092933 0.2844621816406251 0.9011010156249999 0.28377795959933017 0.9061726828438315 0.2862183964843751 0.9065019238281249
0 0.2821152045968879 0.9000195654314955 0.20024828328361283 0.8622966482628237 0.19850306295201903 0.8660841553350386 0.2803699842652941 0.9038070725037104
0 0.19673174337045862 0.8606762849713454 0.15697176953125014 0.842355548828125 0.15522654959829152 0.8461430548724046 0.1949865234375 0.864463791015625
0 0.28942193940183786 0.8919060273329531 0.2835812304687501 0.8892147265625001 0.2818357870970117 0.8930027188989327 0.2876764960300994 0.8956940196693859
0 0.19585093829479017 0.8487900660489356 0.15609081835937505 0.8304692636718749 0.1543453758162721 0.8342572530527899 0.19410549575168723 0.8525780554298505
0 0.29088003653405947 0.8810981241157411 0.2826999023437502 0.8773288535156251 0.2809544587979639 0.881116844334247 0.28913459298827315 0.884886114934363
0 0.1961394742324668 0.8374432460259476 0.15403992773437492 0.8180444746093749 0.152294484751908 0.8218324649115525 0.19439403124999988 0.8412312363281251
0 0.29233798649349535 0.8702901496723423 0.28181887695312485 0.8654431191406249 0.2800736560846295 0.8692306276714072 0.29059276562499997 0.8740776582031248
0 0.27947189959469865 0.8643616716670672 0.19643541406250004 0.8260998378906252 0.19469019415530137 0.8298873439579333 0.2777266796875 0.8681491777343753
0 0.19408843620102223 0.8250183892407865 0.1531586035156251 0.8061586035156248 0.15141338411147792 0.8099461088060882 0.19234321679687505 0.82880589453125
0 0.29379608434530624 0.8594822474486795 0.28093754882812505 0.8535572480468749 0.2791923297171939 0.8573447525513205 0.29205086523437507 0.863269751953125
0 0.27859057376984225 0.8524757975522004 0.19555408789062506 0.8142139667968752 0.19380886763640792 0.8180014739321749 0.2768453535156251 0.8562633046875001
0 0.19320710988468698 0.8131325190660368 0.15227757421875004 0.7942728671875001 0.15053235458127573 0.798060372378844 0.19146189024721266 0.8169200242573808
0 0.29525418257828406 0.848674343667378 0.2800565234375 0.8416715117187501 0.278311301923076 0.8454590196720966 0.2935089610638601 0.8524618516207247
0 0.2777095467599512 0.8405900645323003 0.19467275976562493 0.80232809375 0.19292753917754868 0.8061156014833246 0.27596432617187494 0.8443775722656249
0 0.19232608342774787 0.8012467821609744 0.15139625000000012 0.78238699609375 0.14965102985350232 0.7861745029952754 0.19058086328125007 0.8050342890624999
0 0.29671250337773425 0.8378659530091497 0.27917526953125016 0.8297850878906251 0.27742982670039107 0.8335730782408507 0.29496706054687516 0.8416539433593753
0 0.2768287411086133 0.8287038473699595 0.19379180859375006 0.7904418066406249 0.19204636592506186 0.7942297960506438 0.2750832984399251 0.8324918367799783
0 0.19144497960228873 0.7893604265898428 0.17039905859375015 0.77966281640625 0.16865361570054865 0.7834508067007437 0.18969953670908724 0.7931484168843366
0 0.2981706025706304 0.827058050614654 0.27712467968750004 0.8173604375000001 0.2753792361647541 0.8211484283532401 0.29642515904788447 0.830846041467894
0 0.27594741628665426 0.8168179729335918 0.23501743164062522 0.7979581171875001 0.23327198801022114 0.8017461090976583 0.2742019726562502 0.82060596484375
0 0.23384046639141648 0.7974157910097832 0.19291078124999989 0.7785560722656251 0.1911653382960834 0.782344062505842 0.2320950234375 0.8012037812500001
0 0.2996285511137277 0.8162500755482431 0.2762433554687502 0.80547456640625 0.27449813637940695 0.8092620709510323 0.2978833320243845 0.8200375800930255
0 0.2750659396538629 0.8049320336126591 0.234136404296875 0.786072380859375 0.23239118348582571 0.78985988839337 0.2733207188428136 0.8087195411466541
0 0.23295929024754286 0.7855299880982086 0.21308307812500005 0.7763713593749999 0.21133785818995726 0.7801588654174163 0.23121407031250008 0.789317494140625
0 0.3010868745687148 0.8054416874710701 0.27653196484375003 0.7941271933593751 0.2747865215735975 0.7979151843650306 0.2993414312985623 0.8092296784767257
0 0.2741851366553543 0.7930458137049324 0.233255453125 0.774186095703125 0.23151000982902065 0.7779740866856926 0.27243969335937496 0.7968338046875
0 0.3025449717031822 0.7946337849824368 0.2744810761718749 0.7817024062499999 0.27273563305615206 0.7854903962446487 0.30079952858745934 0.7984217749770856
0 0.3040029204967273 0.7838258101399173 0.294653373046875 0.779517693359375 0.2929081529796719 0.7833051992836451 0.30225770042952416 0.7876133160641872
0 0.17626666578678965 0.7195981948429354 0.13480959366764197 0.7125522323733527 0.1334610365191059 0.7204868802238064 0.17491810863825358 0.727532842693389
0 0.17732556758495663 0.7030648961428136 0.13592796832666917 0.6952012709481358 0.13412788752050203 0.7046776920645283 0.17552548677878949 0.7125413172592062
0 0.22234900693976503 0.7110134065770943 0.18085500208419045 0.7027549465735511 0.17909663630454487 0.7115897218424495 0.22059064116011945 0.7198481818459928
0 0.1772556655506712 0.6860709616774759 0.13699755124836568 0.6779428062950736 0.13521577739515 0.6867677920475501 0.17547389169745553 0.6948959474299524
0 0.22211212065546188 0.6935230646795953 0.18182740661436536 0.6858690395657181 0.18020119487415548 0.6944281276206883 0.220485908915252 0.7020821527345655
0 0.17834286666123167 0.6684176259193546 0.13794909265283098 0.6611334052234814 0.13628767432574995 0.6703466016983697 0.17668144833415067 0.6776308223942428
0 0.2671371289783872 0.7011287234694219 0.22562478465801267 0.6932405269219537 0.22411454602761927 0.7011882936457613 0.2656268903479938 0.7090764901932295
0 0.22333239176814507 0.6760187811311554 0.1830473619700686 0.6683646966116957 0.18130501770624774 0.6775350148134452 0.2215900475043242 0.685189099332905
0 0.17922535394066128 0.6505317422668874 0.13771401208706144 0.6444424076288428 0.13644779798228007 0.653074261466376 0.1779591398358799 0.6591635961044207
0 0.30970010745522814 0.708256166124076 0.27038878336091826 0.7015746719542588 0.2690399944664 0.7095104234522902 0.30835131856070985 0.7161919176221073
0 0.2680565930077244 0.683829711023492 0.22652587295694632 0.6767718599000261 0.22512115980316766 0.6850376546469943 0.26665187985394573 0.6920955057704602
0 0.22437139277496165 0.6583020128194407 0.18284344662612162 0.6509538674681766 0.18124865851665992 0.659966791350683 0.22277660466549995 0.6673149367019471
0 0.18040035100577434 0.6346059784170861 0.13888762739473112 0.626719296945907 0.1373196209898765 0.6349727324045276 0.1788323446009197 0.6428594138757067
0 0.3100134983115985 0.6912219584423215 0.27163909379398754 0.6839300347944827 0.27007067320102596 0.6921839893330628 0.30844507771863694 0.6994759129809016
0 0.2680396931008665 0.6659671235251218 0.22773440338905165 0.6591181345907104 0.22624549349131018 0.6678801497374637 0.26655078320312503 0.674729138671875
0 0.22419898767324808 0.6413449841164968 0.18391429432944995 0.6336904444504347 0.18228799201296225 0.6422494294400205 0.2225726853567604 0.6499039691060826
0 0.18148299206850255 0.616136966143886 0.14001159529891705 0.6093950169265407 0.13866735478648745 0.6176637727191969 0.18013875155607295 0.6244057219365422
0 0.3097774784092983 0.6736358171478574 0.2713778262504007 0.6668412064900066 0.2699538107820425 0.6748890110526804 0.3083534629409401 0.6816836217105312
0 0.2689845208189463 0.6490813723515889 0.22867998062869924 0.6425291208476986 0.22735412923840137 0.6506847648450068 0.26765866942864847 0.6572370163488971
0 0.22647385660958375 0.624357049793868 0.18496147656250012 0.6164704335937501 0.18333529124520434 0.625030102430882 0.22484767129228797 0.6329167186309999
0 0.18272569883790918 0.5995768379024313 0.141098387008885 0.5916667855825158 0.13947199142258743 0.6002258283663039 0.1810993032516116 0.6081358806862194
0 0.3097400987532759 0.6562151509189199 0.2736152304038463 0.650075443787385 0.27229466647415485 0.6578453906407268 0.3084195348235845 0.6639850977722617
0 0.2700379423713933 0.631153374015859 0.22974891627673666 0.6252434275251179 0.2285355504181811 0.6335151316453325 0.26882457651283775 0.6394250781360735
0 0.2263629233799172 0.6063267581036619 0.1848318857907823 0.5992697168734008 0.1834273571356807 0.607535437657334 0.2249583947248156 0.614592478887595
0 0.1825324862486945 0.5809633038754511 0.1422279609507121 0.5744110508304127 0.1407732243151863 0.5833594948427894 0.18107774961316875 0.5899117478878279
0 0.3099128608107401 0.6389443887548727 0.2736679000764125 0.6320571030857924 0.2721575571307405 0.6400054187781427 0.3084025178650681 0.6468927044472229
0 0.2711825588439579 0.6142113752162911 0.2297112075543325 0.6074682569956444 0.22844049253885473 0.6152833756205152 0.26991184382848016 0.6220264938411618
0 0.22738575681782008 0.5893219613160056 0.1870807874034432 0.5824718088044096 0.1856197644109498 0.591068184859755 0.22592473382532668 0.5979183373713509
0 0.30963372580228155 0.6204270188006579 0.2745828474636537 0.6152867265023154 0.27347511977217387 0.6228401546524825 0.3085259981108017 0.627980446950825
0 0.2722152932539922 0.5974507862850912 0.2307582214574745 0.590404823870342 0.22943767121548553 0.598174684532449 0.2708947430120032 0.6052206469471982
0 0.3097752811684666 0.6034453201727858 0.2758780874195147 0.5970054550948042 0.27425200657636495 0.6055645750024812 0.30814920032531684 0.6120044400804628
0 0.8007702074017222 0.8467037246024316 0.5530379706800499 0.7745163342121734 0.5088776585646722 0.9260654182769446 0.7566098952863446 0.9982528086672029