0 0.04578507617187502 0.36244477604166675 0.04364898502343263 0.3557026795126612 0.037805969382091284 0.3565254512120368 0.039942060530533674 0.36326754774104236
0 0.18409701826574149 0.3738245779631957 0.12156788381277459 0.36285959925805905 0.11681697318012574 0.3749007770118092 0.17934610763309264 0.3858657557169458
0 0.030705498046875064 0.3125743776041667 5.741898165426282e-17 0.3125743776041667 6.175662644057322e-17 0.35980045442708336 0.03070549804687507 0.35980045442708336
0 0.043411080872282584 0.352132210368423 0.03410692238456205 0.31172432196074856 0.025739381548775822 0.31258062259528663 0.03504354003649636 0.3529885110029611
0 0.10583665956753574 0.3725192303022134 0.09676697075050522 0.3116422148865186 0.041431495281374756 0.3153062545143954 0.05050118409840527 0.3761832699300902
0 0.17598835527439782 0.3643593468413935 0.1660389990265349 0.31327149455868575 0.10588161663438622 0.31847844865064046 0.11583097288224911 0.36956630093334814
0 0.9797802983598968 0.14399755120617586 0.7241451209690595 0.10591239548233562 0.6900350860621695 0.2076694496825274 0.9456702634530068 0.2457546054063676
0 1 0.26280769010416677 0.639805220703125 0.26280769010416677 0.639805220703125 0.3997395833333334 1 0.3997395833333335
0 0.4151766183627832 0.5748285730432808 0.009946929873108967 0.49380812585779615 -0.04475901493538478 0.6154151398530968 0.3604706735542894 0.6964355870385815
0 0.7882750878906251 0.7463560026041667 0.7811582387981939 0.5527559103707415 0.7244351640624999 0.5536826536458334 0.731552013154931 0.7472827458792586
0 0.876181953125 0.6452594778645834 0.8725489638413367 0.45141103559878126 0.8450814050450794 0.451639826814546 0.8487143943287427 0.6454882690803481