0 0.44665709375 0.3837730921875001 0.44255662647285465 0.3462537882325963 0.2694273623141493 0.3651750049815081 0.2735278295912948 0.4026943089364119
0 0.1844327532638534 0.3589083380958361 0.12463744185919882 0.3566774384529331 0.12351769426018067 0.3866902884665619 0.18331300566483522 0.38892118810946485
0 0.17271042978738504 0.3499393201753658 0.1723745187748483 0.3222777267988616 0.11002160132845909 0.32303491498209286 0.11035751234099585 0.35069650835859706
0 0.4411912781250001 0.310017440625 0.4341766470502277 0.2619251887115554 0.2023621452423355 0.295737146839262 0.20937677631710785 0.34382939875270657
0 0.16678628750000002 0.3131135296875 0.16354007427600498 0.2834106474745724 0.10190592334060158 0.2901466131758784 0.10515213656459665 0.3198494953888061
0 0.3024850171875 0.26506126250000006 0.2946357216696969 0.23086453678124327 0.2793903703124999 0.23436385624999997 0.287239665830303 0.26856058196875676
0 0.29139288750000003 0.22672419843750005 0.2898552222028913 0.2126545592839224 0.27254900937499993 0.2145459484375 0.27408667467210873 0.22861558759107764
0 0.15863895625 0.27761838125 0.15231741206674035 0.21977621863549873 0.0739636140625 0.2283394703125 0.08028515824575967 0.2861816329270012
0 0.4277304578125 0.251373246875 0.4137186690003696 0.163033762979774 0.2937160499141868 0.18206773602779852 0.30772783872631726 0.2704072199230245
0 0.08866767343750001 0.21249437656250003 0.08661748400580145 0.19373512511925411 0.04639591395305478 0.19813092087357537 0.04844610338475334 0.21689017231682123
0 0.4120730305557879 0.1597481254605842 0.4088268170280135 0.13004523342127566 0.16750182038150643 0.15641951602201642 0.1707480339092809 0.186122408061325
0 0.13525976406249998 0.17576321875000006 0.130817569264253 0.13511710488904857 0.02632279372181509 0.1465372900990434 0.03076498852006207 0.18718340395999486
0 0.412922471875 0.11694180625000006 0.41070139646483783 0.09661895032577848 0.16042972871535655 0.12397102373373561 0.1626508041255187 0.14429387965795717
0 0.4052751843351577 0.08771991538835366 0.4028832669391962 0.0658338546695951 0.15297837812266438 0.09314584372862905 0.15537029551862588 0.11503190444738762
0 0.12683630687880945 0.11966599042755392 0.123014821877235 0.0925539603938899 0.006152172180615513 0.10902594211216643 0.009973657182189944 0.13613797214583045
0 0.5535736177253352 0.5741461203048794 0.5411424663899058 0.4821797397748311 0.19815079121466725 0.528542132165632 0.2105819425500966 0.6205085126956804
0 0.8525011859375 0.4380334734375001 0.8072572942347527 0.38706906495205684 0.6395891546874999 0.5359172390625001 0.6848330463902472 0.5868816475479434
0 0.9156598859375 0.5127244078125001 0.8754372467419692 0.4663468454780283 0.7069006203125001 0.6125164062500001 0.7471232595080307 0.6588939685844719
0 0.9796106393811085 0.5915657518398808 0.943086103125 0.5481593265625001 0.7729435822775993 0.6913265335297811 0.8094681185337077 0.7347329588071618