0 0.5644597993622896 0.3866369539426441 0.5621163172970355 0.30523993018264167 0.5112093615917067 0.3098721075650824 0.513552843656961 0.39126913132508473
0 0.5972507343750001 0.2428756324074074 0.5676540122134702 -0.01040337591008951 0.49319391194131973 0.017096009111086823 0.5227906341028495 0.2703750174285837
0 0.5331332973958334 8.898130890595119e-17 0.26186539895833333 5.945176548080331e-17 0.26186539895833333 0.4072519666666668 0.5331332973958334 0.4072519666666668
0 0.2635380375795297 0.16510768930546124 0.2588510731815017 0.0023136415244533817 -0.004394032833926183 0.026267108725012193 0.00029293156410187444 0.18906115650602004
0 0.848953604631461 0.3890822649082773 0.82935922111411 0.16219389243760635 0.7696101209582428 0.17850207932881987 0.7892045044755938 0.4053904517994908
0 0.8560276980675323 0.40363100827804715 0.8514672140981697 0.37202149835000314 0.8157392994791667 0.38831279999999996 0.8202997834485293 0.41992230992804397
0 0.8375394307291667 1.7867376164697898e-16 0.8038153010416667 1.7500263742690546e-16 0.8038153010416667 0.006133336111111286 0.8375394307291667 0.00613333611111129
0 0.7473568313088008 0.1237630578608769 0.7461382698409059 0.10108701468159169 0.7050916263775443 0.10805829845263364 0.7063101878454391 0.13073434163191885
0 0.331330828125 0.6305310037037037 0.3225294787204309 0.6149625077750241 0.31521226176621886 0.6280363573380798 0.32401361117078786 0.6436048532667593
0 0.3404699963541667 0.6490806000000001 0.3328391751567387 0.6337094577327023 0.32519514856406206 0.6457028564227763 0.33282596976149004 0.6610739986900741
0 0.346683436291098 0.6809080437556242 0.33878504683139116 0.6653265742770432 0.32880027135416673 0.6813230157407408 0.3366986608138735 0.6969044852193217
0 0.3199394692708334 0.648622876851852 0.3117678091171781 0.6336693985767228 0.30704380364583334 0.6418283324074076 0.31521546379948867 0.6567818106825368
0 0.3289305494791667 0.6668910425925928 0.32190641348680643 0.6526803233761691 0.3169483119791667 0.6604257833333335 0.32397244797152697 0.674636502549757
0 0.3221502844864211 0.6768337077719687 0.31483724170853505 0.662349841349378 0.3102422775346139 0.6696823178366688 0.31755532031249994 0.6841661842592595
0 0.3133064270833334 0.6585645750000002 0.3049471639491255 0.6438891721761716 0.3004638303111646 0.6519602952692224 0.3088230934453725 0.666635698093051
0 0.30475607604166666 0.6724741157407409 0.2974943094462471 0.6576869805514391 0.2847307682291666 0.6774969759259261 0.29199253482458615 0.6922841111152278
0 0.31405497443296493 0.6907779021614677 0.3069822348958333 0.6761928407407407 0.29417947660870175 0.6958145978385324 0.30125221614583336 0.7103996592592594
0 0.33345685416666676 0.7017734231481483 0.3259463507941118 0.6864094619539257 0.3138654464916038 0.7050741284582505 0.32137594986415874 0.720438089652473
0 0.3425533315868004 0.7204413306590896 0.33537144375 0.7057496055555557 0.32324073455903285 0.7244912184149848 0.33042262239583325 0.7391829435185187
0 0.31873281822916666 0.7256524157407408 0.3114861984788831 0.7097649400365544 0.2974060734080562 0.7300624158651458 0.30465269315833976 0.7459498915693321
0 0.3271687911290896 0.7445653675555861 0.3201590590081254 0.7301104151600137 0.30760145642070247 0.7493566790859092 0.3146111885416667 0.7638116314814816
0 0.31127311614583336 0.7698706870370372 0.3037564962880375 0.7547158745045065 0.2800309921875 0.7919072648148148 0.28754761204529583 0.8070620773473455
0 0.3018280739583334 0.7513028314814817 0.2936078733494964 0.7359895677397377 0.2873592536458334 0.7465907351851853 0.2955794542546704 0.7619039989269293
0 0.2887803708333333 0.6976371824074075 0.28113875244508796 0.6826552536300325 0.2695836941117546 0.7012823304818845 0.2772253125 0.7162642592592592
0 0.29802405499548895 0.7162887418036695 0.290768139266234 0.7014598983767028 0.278802063958245 0.7199650065730332 0.28605797968749996 0.73479385
0 0.2935300720068398 0.7642756321586874 0.2860649113660026 0.7491189734481178 0.26951319111976263 0.774884188394441 0.2769783517605998 0.7900408471050107
0 0.2831015852415721 0.7399861676079291 0.27597601822916673 0.7252242009259261 0.259798572570928 0.7499039138735526 0.2669241395833334 0.7646658805555556
0 0.2737450109375 0.7217689305555555 0.26643322356164173 0.706581132146902 0.25084099806767907 0.7303053434292774 0.2581527854435373 0.7454931418379309
0 0.8312327505208333 0.8293913250000001 0.8302534004499672 0.7716004191131183 0.691093956621052 0.779053675959325 0.6920733066919182 0.8368445818462068