0 0.3461665331570515 0.23947020222561063 0.29252118321455933 0.22862736386750032 0.2753802667388448 0.31343269179964084 0.32902561668133695 0.3242755301577511
0 0.3204362682393956 0.08287446863759236 0.0825822055475037 0.06701778838194791 0.06795402151621895 0.2864441087435004 0.30580808420811084 0.30230078899914486
0 0.1701349141049534 0.08059199901764581 0.07721395416192865 0.07680711140841825 0.07332735085135442 0.17222524473840722 0.16624831079437916 0.17601013234763477
0 0.418731814453125 4.564909082480377e-17 0.32133780859375 3.9685427948212667e-17 0.32133780859375 0.06596600195312505 0.418731814453125 0.06596600195312506
0 0.28407795983319006 0.00006982526827189334 0.24228924009242747 -0.004780685696326434 0.23446039832327692 0.06266731658087299 0.2762491180640395 0.06751782754547132
0 0.21819057880900516 0.005016930253643314 0.16559294687635293 -0.001717523801377966 0.15784154521513508 0.058822702356211815 0.21043917714778732 0.0655571564112331
0 0.15146633019368314 0.031035839755439477 0.14923021827145794 0.013571294772507694 0.09003588161849825 0.021150373531631177 0.09227199354072345 0.03861491851456296
0 0.89199152734375 0.4941823535156251 0.858747845703125 0.4941823535156251 0.858747845703125 0.5 0.89199152734375 0.5
0 0.19353243127405484 0.6773597225226557 0.1702620167360509 0.4928277426335391 0.1133867578125 0.5 0.13665717235050392 0.6845319798891166
0 0.172020458984375 0.76282886328125 0.1619653307577905 0.6827564399338263 0.02948963828231279 0.699392130712996 0.039544766508897315 0.7794645540604197
0 1.02695713947558 0.7914776609756864 0.9996825292246928 0.6076785186577602 0.6937485682419545 0.6530771502459367 0.7210231784928418 0.836876292563863