0 0.04604245654296877 0.28581119308600345 0.023342593810400235 0.2836783340717397 0.023038246093750017 0.2933371003372681 0.045738108826318555 0.29546995935153186
0 0.051449035644531266 0.2655606593591906 0.028749173345822887 0.2634278003856919 0.0284448256667243 0.27308656545948334 0.05114468796543268 0.275219424432982
0 0.05721603027343753 0.2439601804384486 0.01757832068201664 0.24023586313155065 0.017230498539600007 0.25127435211647925 0.0568682081310209 0.2549986694233772
0 0.062305577121272195 0.2236802126686251 0.022984807863029765 0.21998566865996697 0.022636985169981503 0.23102415695238107 0.06195775442822393 0.2347187009610392
0 0.5465937327546149 0.0699024561024679 0.4982269181459897 0.06535794583292073 0.49779214453125 0.07915588111298494 0.5461589591398751 0.0837003913825321
0 0.49652782076274704 0.06519830198099794 0.44165125081820544 0.060042144197595196 0.44121647755146537 0.07384007994542169 0.49609304749600697 0.07899623772882443
0 0.4169352315121598 0.05771985329579039 0.317177836815305 0.048346733518331575 0.31652567728218106 0.06904363370401612 0.41628307197903586 0.07841675348147494
0 0.5541194326171874 0.04293156408094446 0.5067034837246536 0.038476402146626 0.506268706249235 0.052274477580697934 0.5536846551417689 0.05672963951501638
0 0.5040535180664063 0.03822741483979774 0.45113555803677563 0.033255288473400826 0.45070078055260493 0.047053363687141005 0.5036187405822355 0.05202549005353791
0 0.5584446782226562 0.026731205733558295 0.5142551668506334 0.022579198153678395 0.514124733879512 0.02671861321353828 0.5583142452515347 0.03087062079341818
0 0.5038276352539063 0.021599436762226074 0.4596381238818833 0.017447429182346166 0.4595076909122032 0.02158684419646302 0.5036972022842262 0.025738851776342924
0 0.5595259931640624 0.022681098650927583 0.5159703963249265 0.01858865293754013 0.5159269184570311 0.019968464586846642 0.559482515296167 0.024060910300234096
0 0.5049089501953125 0.017549329679595372 0.45939474707031264 0.013272855817875314 0.4593512692427712 0.01465266643884301 0.504865472367771 0.01892914030056307
0 0.8266195687254164 0.33146966113126025 0.7435790771297296 0.3202490503369561 0.7425194921462712 0.3436320236754338 0.825559983741958 0.35485263446973797
0 0.503898080078125 0.5644408296795954 0.47025674096006786 0.4749517221805339 0.4378894140624999 0.5112344940978077 0.471530753180557 0.6007236015968692