0 0.05746790090028472 0.9935824534766222 0.029970061197916658 0.850525251953125 0.005116117673883351 0.8612742176281418 0.03261395737625141 1.004331419151639
0 0.081053577984547 0.9565735469402004 0.05124934895833333 0.795606818359375 0.025801859515453034 0.8062083651691748 0.05560608854166671 0.9671750937500002
0 0.1027043264780908 0.9013317921826053 0.07258363281249999 0.7393272304687499 0.04682227676999053 0.7501040091440238 0.07694297043558135 0.9121085708578791
0 0.12417140711722302 0.8493405325128647 0.09255410156249998 0.685345138671875 0.0664883129348603 0.6966521178777603 0.09810561848958334 0.86064751171875
0 0.1452706086457141 0.793012948393006 0.11346816666666669 0.63022173828125 0.08680046947928595 0.6419436258257439 0.11860291145833335 0.8047348359374998
0 0.1656716134102054 0.7386585958345001 0.13459466666666667 0.573544841796875 0.10828319257937796 0.58468734557175 0.13936013932291666 0.749801099609375
0 0.18624271917294177 0.6854176063437117 0.15435674869791668 0.519168115234375 0.1283841857749749 0.5303763350625382 0.16027015625 0.696625826171875
0 0.02701094010416667 1 0.023781900483224667 0.9629610257272594 0.019980070312499997 0.9637067695312501 0.023209109933441996 1.0007457438039906
0 0.08982170833333336 0.999513830078125 0.08227258854166668 0.962089259765625 0.062266186329341 0.9711693676383398 0.06981530612100768 1.0085939379508397
0 0.11990136788964745 0.9871977826356703 0.10334349088541668 0.9067761894531251 0.07719369378443597 0.9188900570182309 0.09375157078866674 0.9993116502007761
0 0.1450225978373735 0.9623971880568792 0.1242025572916667 0.8530139453125002 0.09955468731887655 0.8635697826462461 0.12037472786458336 0.9729530253906251
0 0.17137255712278096 0.9310750786769801 0.1453283984375 0.7963372656250001 0.11971389600221904 0.80747737054177 0.1457580546875 0.9422151835937501
0 0.1692708333333334 0.74178553125 0.1475185013020834 0.74178553125 0.1475185013020834 0.908121869140625 0.1692708333333334 0.908121869140625
0 0.906040367043873 0.5055435373962823 0.891132363537605 0.37614157223266886 0.84685112890625 0.38761995898437507 0.861759132412518 0.5170219241479885
0 0.8539608854166668 0.505885685546875 0.8504615846914225 0.38738008284682074 0.7272418997030496 0.39556670970027785 0.7307412004282939 0.5140723124003321
0 0.7335313013943107 0.5101173685012464 0.7325760166645278 0.3861908969881044 0.492082392186896 0.39036203766212013 0.49303767691667905 0.5142885091752623