0 0.5934909013552641 0.8251198098863702 0.5903625699306472 0.8153213379983594 0.5124421875 0.8939462962962967 0.515570518924617 0.9037447681843075
0 0.6051937499999999 0.7977750000000002 0.6020629429437862 0.7879597083180039 0.5086668676826209 0.8821132512284175 0.5117976747388346 0.8919285429104139
0 0.6078002792013488 0.7819224912371714 0.60440625 0.7711592592592595 0.5045006247809387 0.8707267958522186 0.5078946539822875 0.8814900278301304
0 0.6055921875 0.769075925925926 0.6023602295171399 0.758948560614619 0.5011104860239087 0.8610702776273171 0.5043424440067689 0.8711976429386242
0 0.6003041666666667 0.7593592592592593 0.5969453124999998 0.749049074074074 0.49758743137434386 0.8513505619358691 0.5009462855410106 0.8616607471210546
0 0.5976000000000001 0.7468324074074075 0.594297244592582 0.7365859526288768 0.4934340021010396 0.8393380407903746 0.49673675750845764 0.8495844955689053
0 0.5929457186991726 0.7358402048308034 0.5900411155402253 0.7269143667606982 0.49003802083333337 0.829764814814815 0.49294262399228056 0.8386906528849202
0 0.5896213541666668 0.7248185185185186 0.5864932833576132 0.7151673246998672 0.4859642224949656 0.8181447691610442 0.4890922933040193 0.8277959629796955
0 0.5852977266536606 0.71441053801651 0.5823098958333334 0.7052407407407406 0.4819608614204869 0.8085797783627882 0.48494869224081416 0.8177495756385575
0 0.5824942708333333 0.7017148148148149 0.5795855673427768 0.692842754550612 0.47874103090569736 0.7973345735190659 0.48164973439625386 0.806206633783269
0 0.5374701429802191 0.7355366790384608 0.5342869791666665 0.7256166666666666 0.47435815150485455 0.7863934210084642 0.4775413153184072 0.7963134333802584
0 0.5814934294727317 0.6897093816163979 0.5781552083333333 0.6792537037037035 0.5427227163606015 0.7150072850502687 0.5460609375 0.7254629629629631
0 0.5750338541666669 0.6796046296296296 0.5722043728270604 0.6710158647046323 0.4711939561603936 0.7761871610009285 0.47402343750000003 0.7847759259259259
0 0.571288952638785 0.6704947499663418 0.5680088541666667 0.6604379629629632 0.4668946311975379 0.7646684638947463 0.4701747296696561 0.7747252508981249
0 0.4992416666666666 0.7307685185185188 0.4970158407849072 0.7237517608111285 0.4642616741182406 0.7565897237740914 0.4664875 0.7636064814814817