0 0.4038692708333333 0.745040740740741 0.39415488922471636 0.7431447543768208 0.38437656250000013 0.9014879629629631 0.3940909441086171 0.9033839493268832
0 0.4168639393170602 0.7484512563997103 0.4061322916666667 0.7462944444444445 0.39595533151627327 0.906333928785475 0.40668697916666674 0.9084907407407408
0 0.4292437500000001 0.7519231481481483 0.41904439875973903 0.7499568556048126 0.40933814875973895 0.9090790778270347 0.4195375 0.9110453703703706
0 0.4409687500000001 0.7538527777777778 0.4310977517843064 0.7518041707527844 0.42049085600771546 0.9133313703216215 0.4303618542234091 0.9153799773466148
0 0.45243854166666675 0.7556935185185187 0.44228067587836367 0.7537458747648825 0.43249479166666677 0.9150509259259262 0.4426526574549698 0.9169985696795624
0 0.46312342383262844 0.7573861091205649 0.4554973958333334 0.7558074074074076 0.4453559965680273 0.9106359917239745 0.45298202456732245 0.9122146934371318
0 0.4751379932173035 0.7600851295027427 0.464530240378468 0.7580264517409848 0.4551484971611646 0.9108089148308349 0.4657562500000001 0.9128675925925928
0 0.48700328191910874 0.7632782799990855 0.4765155202961867 0.7612052070148493 0.4669226550437447 0.9145861862750233 0.47741041666666667 0.9166592592592594
0 0.45524531250000005 0.915602777777778 0.44439719647578857 0.9135582256053277 0.4436838541666667 0.9255203703703705 0.45453197019087827 0.9275649225428207
0 0.41821136331161196 0.39392952066575776 0.4051286458333333 0.2920055555555555 0.39100670957029593 0.2977344503358379 0.40408942704857453 0.39965841544604014
0 0.43585052083333325 0.3870435185185185 0.4225229166666667 0.28575462962962966 0.40808356608847596 0.2917593513552943 0.4214111702551425 0.3930482402441831