0 0.09564115520833334 0.32647206203703716 0.0883680506270586 0.3030278336525887 0.0722148508424984 0.3188657264823437 0.07948795542377314 0.3423099548667921
0 0.08599011250000001 0.29870643148148157 0.079157051420841 0.276670058379504 0.06273865571211742 0.29276023646834204 0.06957171679127644 0.3147966095703195
0 0.07414421354166668 0.33021504259259266 0.07104484954707195 0.3205952754898022 0.05579254364941995 0.33612624184904744 0.05889190764401467 0.3457460089518378
0 0.06992808645833332 0.3162184 0.06677664874628132 0.3060059858460892 0.050775417169297274 0.32161188031895777 0.05392685488134928 0.3318242944728686
0 0.05715109791666668 0.27726418518518514 0.05408198770428702 0.26777299012864164 0.03825848291451975 0.28394444952953835 0.0413275931268994 0.2934356445860819
0 0.052140954166666656 0.2628681175925926 0.046575692563305585 0.24501633452542804 0.030496844381051203 0.2608584751531353 0.03606210598441228 0.2787102582202999
0 0.07776596250000001 0.2742336287037038 0.0704827191440654 0.2514810422662152 0.05486490584273064 0.267281483744914 0.06214814919866525 0.29003407018240257
0 0.06838760260416667 0.2458694009259259 0.060347590985429425 0.223493454688258 0.045279669270833336 0.24060477685185186 0.05331968088957057 0.2629807230895198
0 0.11175121614583335 0.3097721574074074 0.10383081903643854 0.2870389200237775 0.08873768907894179 0.30365849555609126 0.0966580861883366 0.3263917329397212
0 0.10299824427083333 0.2815654055555556 0.09459569151272672 0.2584149970171785 0.07940151093749999 0.27584449259259264 0.0878040636956066 0.2989949011309697
0 0.09462148541666666 0.2571210361111111 0.08630576938599942 0.23351481119825926 0.07115236262635968 0.25038571454127306 0.07946807865702693 0.2739919394541249
0 0.0849224078125 0.2285433416666667 0.0776218756781676 0.2062747969243834 0.061190939194150785 0.22329951557488803 0.06849147132848321 0.24556806031717135
0 0.12892742968749998 0.29287395462962973 0.12032025746825716 0.26845009261035285 0.1044703510264166 0.28610346995487046 0.11307752324565944 0.3105273319741474
0 0.11897168906250002 0.26516523703703715 0.11063720026796836 0.2419688846355322 0.09575116723053918 0.2588730290383151 0.10408565602507085 0.28206938143982
0 0.11056343697916668 0.2401792324074074 0.10252664374210504 0.21690199936688104 0.08693416927083333 0.23391658703703708 0.09497096250789497 0.2571938200775635
0 0.10148925416666667 0.21175804166666667 0.09418359525890478 0.18897323806078548 0.07733920185068724 0.20604288052439876 0.08464486075844911 0.22882768413027993
0 0.11768786822916667 0.19394726111111113 0.11045283284386548 0.1723020594764337 0.09416122819117666 0.18951273166515997 0.10139626357647785 0.2111579332998374
0 0.12726687135416667 0.2230951203703704 0.11979429677689338 0.20002215993261555 0.10374655106716728 0.21644831494959124 0.11121912564444057 0.2395212753873461
0 0.13582773229166667 0.24805269259259263 0.12880813263288385 0.22493173858268015 0.11163048035761557 0.2414143244878152 0.11865008001639836 0.2645352784977277
0 0.14500547604166666 0.27563236574074074 0.13761970036623256 0.2520139853763908 0.12101301367705262 0.26842683305449727 0.12839878935248672 0.2920452134188472
0 0.8019173421875 0.19098871851851876 0.7575696983664535 0.16169089580282184 0.6941599234375001 0.4650425462962965 0.7385075672585466 0.4943403690119934
0 0.33187975786064616 0.7303104356164223 0.29440287720073555 0.7164529826587136 0.2787257961387711 0.8504515555950324 0.3162026767986817 0.8643090085527412
0 0.6360579901041665 0.7466324694444444 0.6342910068776065 0.718603043484035 0.5881456734375 0.7277969685185184 0.58991265666406 0.7558263944789277
0 0.7343807838679057 0.7594387229697905 0.7295117575035824 0.6474086171077785 0.6631210070628906 0.6565280935099652 0.6679900334272139 0.7685581993719773
0 0.8397148099653661 0.7695402811232983 0.8111204747340215 0.6733109961488284 0.6464459023712058 0.827962531638772 0.6750402376025505 0.9241918166132419