0 0.6055979166666667 0.23414629629629632 0.6016589544451029 0.2238936786875415 0.5850570439115511 0.24405226494361382 0.588996006133115 0.25430488255236866
0 0.6114640625 0.2493435185185187 0.6077522237779572 0.24024516745071142 0.5923787862779571 0.2600673896729337 0.596090625 0.2691657407407409
0 0.6172369791666668 0.2636398148148148 0.6136892125221484 0.2548181586646349 0.5986750000000001 0.27390185185185195 0.6022227666445185 0.28272350800203183
0 0.6240927083333332 0.2787916666666668 0.6205459581867033 0.2697779429371699 0.6045053331867033 0.289726091085318 0.6080520833333334 0.29873981481481493
0 0.6294046874999999 0.29268148148148165 0.6257626993435565 0.28375055566147134 0.6101072916666667 0.3039277777777779 0.6137492798231101 0.3128587035977882
0 0.6362609226664702 0.30885667728491534 0.6322447487807868 0.2993801718002767 0.6170801802809833 0.31969201303388006 0.6210963541666668 0.32916851851851864
0 0.5082181772443103 0.36277151126353196 0.5042701450672011 0.3527757069156834 0.49505 0.3642851851851853 0.49899803217710903 0.37428098953303396
0 0.5146660107963703 0.3772296999224645 0.5111703531160099 0.3683611690241878 0.5024124999999999 0.3792712962962964 0.5059081576803605 0.3881398271945731
0 0.5202203124999999 0.3910250000000001 0.5164116615713646 0.38203759655510644 0.5082302083333333 0.3929953703703705 0.5120388592619686 0.4019827738152642
0 0.5267083333333332 0.4066685185185186 0.5228810859721134 0.3972074906835858 0.5142578124999999 0.40823240740740746 0.5180850598612198 0.4176934352423403
0 0.53349375 0.4206342592592593 0.5298100098191039 0.4108950728570745 0.5203364821985696 0.4222199365962527 0.5240202223794658 0.4319591229984375
0 0.5394693961225108 0.43569911400473327 0.5355819955111478 0.42630373779270353 0.527039161888637 0.43747499415834074 0.5309265624999999 0.4468703703703705
0 0.5575417148304768 0.4125142668731544 0.5535509337981501 0.40274612529109965 0.5373645833333334 0.42364629629629635 0.5413553643656601 0.43341443787835116
0 0.5752536458333333 0.3892907407407409 0.5709908480490947 0.3791115031483405 0.5548366813824281 0.400492058703896 0.5590994791666666 0.41067129629629634
0 0.5687197916666666 0.3742194444444446 0.5644931815427315 0.36400136147057716 0.548478125 0.38493796296296307 0.5527047351239353 0.3951560459368305
0 0.6191632127543032 0.33243589485868574 0.6148849015960547 0.32201293449057516 0.5988034596750847 0.3428751877800376 0.6030817708333333 0.3532981481481482
0 0.5885473958333333 0.2564722222222223 0.5843215834589605 0.2462589457869022 0.5679380208333332 0.2676833333333335 0.572163833207706 0.27789660976865366
0 0.5942120712999797 0.27272209113659585 0.590254682389927 0.2629123659523865 0.57408125 0.2835333333333334 0.5780386389100528 0.2933430585175427
0 0.60011875 0.2868250000000001 0.5960407271041137 0.2767220967917943 0.5795451857382278 0.2977659366013893 0.5836232086341141 0.30786883980959506
0 0.6067677083333332 0.3025092592592593 0.6028223605343376 0.2922513186577183 0.5861211655342466 0.31255279434684363 0.5900665133332424 0.32281073494838464
0 0.6125859375 0.3162333333333333 0.6083998293309955 0.3059821382693281 0.5921833333333333 0.3269111111111112 0.5963694415023378 0.33716230617511644
0 0.6012885416666668 0.35518703703703713 0.5975032439354705 0.34591748660998745 0.5816687500000001 0.3663537037037039 0.5854540477311961 0.3756232541307536
0 0.5711520833333333 0.2790037037037036 0.5669702727512846 0.2688415400875631 0.5507265625 0.28996759259259264 0.5549083730820485 0.3001297562087331
0 0.5766937176315701 0.2961877225890584 0.5727458333333334 0.28586944444444445 0.5570443346540341 0.30485630841183237 0.5609922189522708 0.3151745865564463
0 0.5825166666666667 0.309888888888889 0.5785005702566838 0.299724762551586 0.5557236093054736 0.3281683780361507 0.5597397057154565 0.3383325043734537
0 0.5888437499999999 0.32549259259259267 0.5847764421723326 0.31555792432424945 0.5622566505056661 0.34469681321313833 0.5663239583333334 0.35463148148148155
0 0.5947072916666666 0.33864351851851865 0.5906212687348245 0.32856673415795723 0.5681023769552911 0.35742570205041885 0.5721883998871332 0.3675024864109802
0 0.5530921875 0.3037055555555556 0.5490005208333333 0.2930851851851851 0.544529378069326 0.2985293851354384 0.5486210447359928 0.3091497555058089
0 0.5599996883090417 0.316994629877869 0.5561906834575671 0.30800766532488305 0.5511503701485253 0.31475933174331044 0.5549593749999999 0.3237462962962965
0 0.5446135416666666 0.3153185185185186 0.5402128437438257 0.30456403061089626 0.5235432291666666 0.32612222222222237 0.5279439270895075 0.3368767101298447
0 0.5509177083333333 0.3312083333333334 0.5470126396504364 0.3213174579479352 0.5302365979837698 0.34225079128126856 0.5341416666666666 0.3521416666666667
0 0.5562526041666668 0.3448111111111112 0.5522953042076593 0.3350128331975391 0.5358041666666665 0.3560629629629631 0.5397614666256739 0.3658612408765351
0 0.5631143141895042 0.3607262803551522 0.5588495017441325 0.3503004829181204 0.5422921875 0.3717064814814816 0.5465569999453718 0.3821322789185134
0 0.5512791666666667 0.3973240740740742 0.5471616284989549 0.38700072326126067 0.5303703125 0.4081675925925926 0.5344878506677117 0.41849094340540616
0 0.5449546875 0.38376574074074077 0.5406546419048764 0.3733759124969023 0.5243395377382097 0.394716653237643 0.5286395833333333 0.40510648148148154
0 0.5388119791666666 0.3679157407407408 0.5343463460456147 0.3572521477578048 0.5178796875 0.3790462962962962 0.5223453206210519 0.38970988927923217
0 0.5334161294832394 0.35440954962079757 0.529051800395101 0.3438585228072953 0.5126137959118615 0.3653480472605719 0.516978125 0.3758990740740742
0 0.5265984374999999 0.33944722222222234 0.5222417186258638 0.32865998275028757 0.5055510416666666 0.34996481481481484 0.5099077605408027 0.3607520542867496
0 0.7949393465846839 0.2330398901860773 0.7390711547880081 0.21407810293446616 0.7349076170845049 0.2528487272241437 0.7907758088811807 0.2718105144757548
0 0.8212602291632537 0.26199969133058604 0.7792679019872402 0.2333795161079322 0.745946330973204 0.3878971575776796 0.7879386581492174 0.4165173328003335
0 0.8764206334810439 0.2231295702917895 0.8406070923818392 0.20147886473578883 0.8000636699907032 0.4134372308540105 0.8358772110899081 0.4350879364100112
0 0.58401574375 0.8366424055555557 0.5755590237103482 0.6249487935995391 0.04960985667689495 0.6913525914125113 0.05806657671654673 0.9030462033685277
0 0.07264882083333339 0.6816734601851853 4.695801868572119e-17 0.6816734601851853 5.621711724016823e-17 0.9504957796296295 0.07264882083333339 0.9504957796296295
0 0.2280221739826686 0.5390247453642787 0.0007867989583333705 0.5389963314814815 0.0007815851430120278 0.6707782867794244 0.2280169601673473 0.6708067006622216
0 0.7279166666666665 0.8651609833333335 0.7058830653216367 0.8418572051782315 0.7003206815672561 0.8584788900595272 0.722354282912286 0.8817826682146291
0 0.8696263817708335 0.6973945712962967 0.8581215802936933 0.6751483934888273 0.8186107567708334 0.7397279046296299 0.8301155582479735 0.7619740824370993