0 0.3613656250000001 0.09141944444444444 0.353527875418677 0.0743006937869299 0.34548203669559413 0.0859431760952393 0.35331978627691724 0.10306192675275386
0 0.3693640625 0.11156574074074073 0.3626788250626704 0.09486078046832105 0.3543714941181461 0.10536800100863762 0.3610567315554757 0.1220729612810573
0 0.3736720981440637 0.14437346446905983 0.36673312486994086 0.12740960684670938 0.3558624999999999 0.14146296296296293 0.3628014732741228 0.15842682058531338
0 0.34897291666666663 0.10729537037037039 0.3417252454539671 0.09090528288728565 0.33654739583333326 0.09814166666666671 0.3437950670460328 0.11453175414975145
0 0.356840625 0.12713425925925925 0.3506905189798109 0.11169610393049696 0.34530416666666663 0.11847777777777785 0.35145427268685575 0.13391593310654015
0 0.3495129013191453 0.13576249228354204 0.3430915320313475 0.11999899910750682 0.33809060987886885 0.12643743274989078 0.3445119791666667 0.14220092592592598
0 0.34179166666666655 0.11595000000000011 0.33421588149135517 0.09984868490420824 0.32932467509682356 0.10712208097384326 0.336900460272135 0.12322339606963513
0 0.3324703124999999 0.1281944444444445 0.3261177695332694 0.11213887238581818 0.31225937499999995 0.12946851851851857 0.3186119179667305 0.14552409057714488
0 0.3406420577631799 0.14812596025666472 0.334465625 0.13230648148148158 0.3205792964034867 0.14944163233592797 0.3267557291666667 0.1652611111111111
0 0.35929114583333344 0.16266666666666674 0.35272514445311 0.14599120532940485 0.3396129889730794 0.16230864999618924 0.34617899035330285 0.17898411133345113
0 0.3672401699021375 0.18292269254703733 0.3609614583333334 0.16697685185185193 0.3477952467645293 0.18336156671222206 0.3540739583333333 0.19930740740740746
0 0.34324375 0.18367870370370373 0.3369709680408416 0.16653163398862378 0.32177453961013974 0.18410143139283688 0.3280473215692981 0.2012485011079168
0 0.3505214798377119 0.20405569063183776 0.3444000595464844 0.18837731781828812 0.3307796213754391 0.20518459014941343 0.3369010416666666 0.22086296296296307
0 0.333225 0.22626851851851856 0.3266406183619917 0.20979992407143588 0.3008583333333333 0.2423787037037037 0.3074427149713416 0.2588472981507864
0 0.3249234375 0.20604722222222227 0.31764864611917676 0.18929030003050368 0.3108109375 0.19867222222222225 0.31808572888082326 0.21542914441394084
0 0.31510260416666663 0.15025092592592595 0.30838374365445975 0.13393104030368316 0.2957967644877931 0.15030881808146102 0.30251562499999995 0.1666287037037038
0 0.32319899006561575 0.17051804932104295 0.3168547182004279 0.15442208448673514 0.3038661448014787 0.1706021833138404 0.31021041666666666 0.1866981481481482
0 0.3159081277441372 0.21740695212250477 0.3093750319419974 0.20094608488793392 0.2913990599839751 0.22349437651066012 0.2979321557861149 0.23995524374523095
0 0.30696492347150167 0.19131263879156346 0.3007463541666667 0.17530740740740747 0.28320643069516505 0.1968456945417699 0.289425 0.2128509259259259
0 0.29873072916666665 0.1714564814814816 0.2923519974193185 0.15499314540341327 0.27545026887790236 0.17568991492585534 0.28182900062525057 0.19215325100392366
0 0.6884104166666667 0.6739611111111115 0.6844714544451028 0.6637084935023566 0.6678695439115513 0.6838670797584288 0.671808506133115 0.6941196973671836
0 0.6942765625 0.6891583333333337 0.6905647237779573 0.6800599822655263 0.6751912862779573 0.6998822044877484 0.6789031249999999 0.7089805555555557
0 0.7000494791666668 0.7034546296296296 0.6965017125221483 0.6946329734794497 0.6814874999999999 0.7137166666666668 0.6850352666445184 0.7225383228168465
0 0.7069052083333334 0.7186064814814818 0.7033584581867033 0.7095927577519845 0.6873178331867034 0.7295409059001328 0.6908645833333333 0.7385546296296299
0 0.7122171875000001 0.7324962962962964 0.7085751993435565 0.7235653704762859 0.6929197916666665 0.7437425925925926 0.6965617798231101 0.7526735184126031
0 0.7190734226664702 0.74867149209973 0.7150572487807868 0.7391949866150915 0.6998926802809834 0.7595068278486948 0.7039088541666668 0.7689833333333332
0 0.5910306772443102 0.8025863260783465 0.5870826450672013 0.7925905217304982 0.5778625000000001 0.8041000000000003 0.581810532177109 0.8140958043478486
0 0.5974785107963704 0.8170445147372795 0.5939828531160098 0.8081759838390029 0.585225 0.8190861111111114 0.5887206576803604 0.827954642009388
0 0.6030328125000001 0.830839814814815 0.5992241615713648 0.8218524113699212 0.5910427083333332 0.8328101851851852 0.5948513592619685 0.841797588630079
0 0.6095208333333333 0.8464833333333336 0.6056935859721133 0.8370223054984005 0.5970703124999999 0.8480472222222223 0.60089755986122 0.8575082500571554
0 0.6163062499999999 0.8604490740740743 0.6126225098191039 0.8507098876718896 0.6031489821985697 0.8620347514110678 0.6068327223794657 0.8717739378132525
0 0.6222818961225108 0.8755139288195484 0.6183944955111478 0.8661185526075184 0.6098516618886369 0.8772898089731556 0.6137390625 0.8866851851851855
0 0.6403542148304768 0.8523290816879694 0.6363634337981501 0.8425609401059144 0.6201770833333332 0.8634611111111111 0.6241678643656601 0.8732292526931661
0 0.6580661458333333 0.8291055555555558 0.6538033480490948 0.8189263179631551 0.6376491813824281 0.8403068735187107 0.6419119791666666 0.8504861111111114
0 0.6515322916666667 0.8140342592592594 0.6473056815427314 0.8038161762853919 0.631290625 0.8247527777777778 0.6355172351239352 0.8349708607516452
0 0.701975712754303 0.7722507096735005 0.6976974015960545 0.7618277493053898 0.6816159596750847 0.7826900025948524 0.6858942708333332 0.7931129629629631
0 0.6713598958333333 0.6962870370370371 0.6671340834589604 0.6860737606017168 0.6507505208333332 0.7074981481481482 0.6549763332077061 0.7177114245834684
0 0.6770245712999796 0.712536905951411 0.6730671823899268 0.7027271807672015 0.65689375 0.7233481481481483 0.6608511389100528 0.7331578733323576
0 0.68293125 0.726639814814815 0.6788532271041137 0.7165369116066089 0.6623576857382277 0.737580751416204 0.6664357086341142 0.7476836546244101
0 0.6895802083333334 0.7423240740740743 0.6856348605343376 0.7320661334725331 0.6689336655342467 0.7523676091616582 0.6728790133332424 0.7626255497631994
0 0.6953984375 0.7560481481481482 0.6912123293309956 0.745796953084143 0.6749958333333335 0.766725925925926 0.6791819415023378 0.7769771209899313
0 0.6841010416666667 0.795001851851852 0.6803157439354705 0.7857323014248022 0.66448125 0.8061685185185186 0.6682665477311963 0.8154380689455684
0 0.6539645833333334 0.7188185185185187 0.6497827727512847 0.708656354902378 0.6335390624999999 0.7297824074074074 0.6377208730820487 0.7399445710235482
0 0.65950621763157 0.7360025374038732 0.6555583333333334 0.7256842592592594 0.6398568346540342 0.7446711232266474 0.6438047189522709 0.7549894013712612
0 0.6653291666666666 0.7497037037037038 0.6613130702566838 0.7395395773664009 0.6385361093054737 0.7679831928509657 0.6425522057154566 0.7781473191882686
0 0.67165625 0.7653074074074075 0.6675889421723327 0.7553727391390642 0.645069150505666 0.784511628027953 0.6491364583333333 0.7944462962962964
0 0.6775197916666668 0.7784583333333335 0.6734337687348244 0.7683815489727722 0.6509148769552913 0.7972405168652337 0.6550008998871334 0.8073173012257949
0 0.6359046875 0.7435203703703702 0.6319255576463658 0.7327683719406904 0.6273974326463658 0.7380646682369866 0.6313765625 0.7488166666666665
0 0.6428121883090417 0.7568094446926839 0.639003183457567 0.7478224801396978 0.6339628701485255 0.7545741465581252 0.6377718750000001 0.7635611111111112
0 0.6274260416666666 0.7551333333333331 0.6230253437438257 0.744378845425711 0.6063557291666667 0.765937037037037 0.6107564270895075 0.7766915249446592
0 0.6337302083333333 0.7710231481481483 0.6298251396504365 0.7611322727627501 0.6130490979837696 0.7820656060960834 0.6169541666666666 0.7919564814814816
0 0.6390651041666667 0.784625925925926 0.6351078042076593 0.7748276480123539 0.6186166666666666 0.7958777777777778 0.6225739666256741 0.8056760556913498
0 0.6459268141895043 0.800541095169967 0.6416620017441325 0.7901152977329352 0.6251046875 0.8115212962962963 0.6293694999453717 0.8219470937333281
0 0.6340916666666665 0.837138888888889 0.6299741284989547 0.8268155380760754 0.6131828124999998 0.8479824074074075 0.6173003506677116 0.858305758220221
0 0.6277671875 0.8235805555555556 0.6234671419048765 0.8131907273117173 0.6071520377382098 0.8345314680524579 0.6114520833333332 0.8449212962962964
0 0.6216244791666666 0.8077305555555557 0.6171588460456147 0.7970669625726197 0.6006921874999999 0.818861111111111 0.6051578206210518 0.8295247040940471
0 0.6162286294832394 0.7942243644356124 0.611864300395101 0.7836733376221102 0.5954262959118616 0.8051628620753867 0.5997906249999999 0.8157138888888888
0 0.6094109375000001 0.7792620370370371 0.6050542186258638 0.7684747975651023 0.5883635416666666 0.7897796296296298 0.5927202605408028 0.8005668691015645