0 0.47983177083333334 0.10706574074074077 0.4765186610558762 0.09746306432000101 0.4001422408201815 0.18074633587776548 0.40345535059763876 0.19034901229850523
0 0.4836067708333333 0.11799074074074085 0.4802544378407945 0.10837825785677785 0.38902447916666666 0.20893333333333336 0.39237681215920545 0.21854581621729635
0 0.48753489583333326 0.12776018518518528 0.4838636496969728 0.11729063545811622 0.38666312886363946 0.2250137836062643 0.39033437499999996 0.23548333333333338
0 0.49153541666666667 0.13844722222222236 0.4880746252817681 0.12853400776410662 0.38919010416666666 0.23763888888888904 0.3926508955515653 0.24755210334700475
0 0.49549947916666676 0.14867500000000006 0.49193897318536345 0.13858089045249988 0.3946639731853633 0.24702348304509253 0.39822447916666665 0.2571175925925927
0 0.49966510416666665 0.15978703703703714 0.49613586546401767 0.14976141588926206 0.3976140624999999 0.25937314814814827 0.401143301202649 0.2693987692959233
0 0.5034822916666666 0.16981851851851862 0.5004144588921491 0.16106753638060092 0.4023660213921491 0.26970272156578606 0.40543385416666666 0.27845370370370376
0 0.5074651041666667 0.18027592592592606 0.5041162695876422 0.17084055893404312 0.4060197916666667 0.28087870370370377 0.4093686262456912 0.2903140706955867
0 0.5117796875000001 0.18994814814814814 0.5085986594659465 0.18098854828033675 0.4105299094659466 0.29103206679885524 0.4137109375000001 0.29999166666666666
0 0.5153005208333333 0.20122222222222222 0.5122080271179011 0.19253822756738043 0.4135958333333333 0.303525925925926 0.4166883270487655 0.31220992058076774
0 0.5196338541666666 0.21112407407407413 0.5163309945864675 0.20183171340505007 0.45800234875313417 0.26735578747912414 0.4613052083333333 0.2766481481481482
0 0.452866172962982 0.2868653038978727 0.449256171225387 0.27673252265017984 0.4147634357624051 0.3155709224560109 0.4183734375 0.3257037037037038
0 0.5233587388998557 0.22216825065733714 0.5203615314291138 0.2137605527257213 0.4214859375000001 0.3251601851851852 0.4244831449707421 0.333567883116801
0 0.5274875 0.2323 0.5239819583180216 0.22250909746459743 0.4253772708180217 0.33408872709422704 0.4288828125 0.3438796296296296
0 0.5304781213058253 0.24058835368577713 0.5280655772864212 0.23376215259141078 0.4962276041666666 0.2693250000000001 0.49864014818607066 0.2761512010943664