0 0.42670024310654026 0.925662988949358 0.42398802083333337 0.7664407407407408 0.4142195485601264 0.7669666406802716 0.41693177083333327 0.9261888888888888
0 0.4395739583333333 0.9276027777777778 0.4371231727113913 0.7666027983898782 0.4263265625 0.7671222222222221 0.42877734812194207 0.9281222016101217
0 0.45249947916666666 0.9269527777777778 0.4496541666666667 0.7669777777777778 0.43939972613668166 0.7675542053817854 0.4422450386366817 0.9275292053817854
0 0.4635577001665732 0.9285669760370963 0.4614161458333333 0.7659879629629629 0.4514807787792201 0.7664015848172987 0.4536223331124601 0.928980597891432
0 0.47585582274943705 0.927129196548126 0.47291822916666676 0.7649731481481482 0.46270615641722973 0.7655578404889111 0.46564375 0.927713888888889
0 0.4857839687574509 0.9198226713727051 0.4836316341859364 0.7639936483951298 0.47595625 0.7643287037037036 0.47810858457151456 0.9201577266812789
0 0.4984109375 0.9173222222222222 0.49574091311469215 0.7637058198978808 0.48507506115340143 0.7642917261549106 0.4877450855387092 0.917908128479252
0 0.5102484375 0.9181935185185185 0.5077407342203104 0.7639320665878976 0.4971926496932268 0.7644740016888659 0.49970035297291643 0.9187354536194868
0 0.4884521075427467 0.9346353179015146 0.4882158325751677 0.922614618267083 0.47730747503242105 0.9232922633285314 0.47754375 0.935312962962963
0 0.410703810202718 0.41519752975486124 0.38976927083333324 0.3175027777777779 0.3762330387938027 0.32667015097726654 0.39716757816318743 0.42436490295434987
0 0.42763229166666666 0.40401481481481494 0.4065046875 0.3070083333333334 0.39267577420122934 0.31652735903102885 0.413803378367896 0.4135338405125104