0 0.2798798895833333 0.24328331759259267 0.27462302855386156 0.23505031304156535 0.26150764010416666 0.26151728425925924 0.2667645011336385 0.26975028881028656
0 0.27129105978064644 0.23091757156572026 0.266542583674494 0.2234841033226233 0.2539926677083334 0.24882129814814832 0.2587411438144858 0.2562547663912452
0 0.2636303 0.2200723453703705 0.2591325199533336 0.2127459423252197 0.24665953675340863 0.23694690771635127 0.251157316800075 0.24427331076150205
0 0.2559760477143113 0.20643370185231247 0.25140715585513634 0.19900491246137664 0.238196140625 0.2246842592592593 0.24276503248417497 0.23211304865019514
0 0.248936153125 0.19492755370370374 0.2443331085973262 0.1875319275219573 0.2313641019952723 0.2130431859748944 0.23596714652294612 0.22043881215664085
0 0.2401492758763331 0.18239777496127357 0.23523517447916664 0.17429998240740743 0.22246610172783354 0.19879015096465238 0.227380203125 0.20688794351851852
0 0.3544201083333333 0.09336129907407416 0.34944125487476235 0.08497443914921371 0.34165234683621015 0.09958818253913122 0.34663120029478106 0.10797504246399167
0 0.3454661994791667 0.0814243138888889 0.3411058224630786 0.07388366490846134 0.3336470427755786 0.08751498898253542 0.33800741979166665 0.09505563796296299
0 0.3381700135416666 0.0701505509259259 0.33317500865580746 0.06271168637047013 0.32667307552083336 0.07651002222222224 0.3316680804066925 0.083948886777678
0 0.33049258541666665 0.057475042592592625 0.3257466128225695 0.04945416725343076 0.3183300645608224 0.06332364899118327 0.3230760371549196 0.07134452433034513
0 0.32286047447916666 0.04595320185185191 0.3180821797628665 0.03783705867974142 0.3102266005208334 0.05245399629629638 0.31500489523713354 0.060570139468406864
0 0.31454499583333334 0.03364639351851856 0.30966939479166666 0.025842041666666767 0.3025975894707617 0.039804971743826016 0.30747319051242833 0.04760932359567781
0 0.306087990625 0.05093798611111119 0.30107311989677155 0.04279961872649675 0.2875854850009382 0.06906678354131154 0.29260035572916665 0.07720515092592597
0 0.2915398025502714 0.08041854473628961 0.2863452864583333 0.07166313888888891 0.27249876642912957 0.09762670832983454 0.2776932825210677 0.10638211417723524
0 0.2997442651041667 0.09290838703703706 0.29453738366741977 0.0842489172446384 0.2808399850879963 0.11027923244472114 0.28604686652474315 0.11893870223711982
0 0.25525475640530604 0.15303569472324222 0.2500345546875 0.14403986388888892 0.23619364960786057 0.16942417851362102 0.2414138513256666 0.1784200093479743
0 0.2944225869791667 0.21479454444444449 0.2891572810547727 0.20625437320584014 0.2753907996081154 0.23307907675094733 0.2806561055325094 0.24161924798955167
0 0.2865600447916667 0.2015607712962964 0.28157040930735977 0.19337451182771584 0.2680720051406931 0.2193773460869751 0.27306164062500005 0.22756360555555566
0 0.279392515625 0.18940167314814815 0.2741675937458208 0.1811212390139512 0.2607068739583333 0.20796540555555565 0.26593179583751253 0.2162458396897526
0 0.27107653125000003 0.17709508888888897 0.265906905716141 0.1687077694369666 0.2523683572916666 0.19508097685185197 0.2575379828255256 0.20346829630377433
0 0.26378034531249994 0.1658213268518519 0.25855196015235216 0.15723538914617907 0.24489563667643205 0.18351800466272147 0.2501240218365799 0.19210394236839431
0 0.26945222135416663 0.12335476759259265 0.264695544199355 0.1156301966092458 0.2514694117879696 0.14137070500336762 0.25622608894278126 0.14909527598671446
0 0.30865176614583334 0.18663463796296306 0.3034504638832365 0.17819203661414176 0.28983177456378634 0.20470913919916053 0.29503307682638324 0.21315174054798183
0 0.3006606932291667 0.1742870981481482 0.29560356387890824 0.16576032756410758 0.2825356914830749 0.1902554331196631 0.2875928208333333 0.19878220370370372
0 0.29863005031060474 0.15000668218449764 0.29334416584173384 0.14183946736627942 0.2752265338541667 0.17889901111111106 0.2805124183230375 0.1870662259293293
0 0.29091355180918543 0.13748919675048157 0.28583293958333333 0.12914845740740746 0.2669383456922608 0.1655235416699677 0.27201895791811287 0.1738642810130418
0 0.28327243072916664 0.12627736944444454 0.2779706970129815 0.11814168816581766 0.2599394010416667 0.1552786074074075 0.26524113475785177 0.16341428868603436
0 0.3136862978502371 0.17630498000619566 0.30854056510416666 0.1672177351851852 0.3047210876306629 0.17405329199935515 0.3098668203767333 0.18314053682036557
0 0.3053325277881439 0.16280705069256757 0.3005610109375 0.15515900555555548 0.29641243367018955 0.1633391344926176 0.3011839505208334 0.1709871796296297
0 0.33101291250000003 0.14122319629629634 0.3254579003989136 0.1323153377045642 0.3116437717759254 0.15954173245541786 0.3171987838770118 0.16844959104715002
0 0.32257170936973584 0.1279365783631326 0.3176029203125 0.11968891296296302 0.30361542108647116 0.14632157315985528 0.30858421014370696 0.15456923856002486
0 0.3155183859375 0.11646848055555563 0.31050752721499225 0.1083354051234391 0.29681337259273827 0.1350007700571453 0.301824231315246 0.14313384548926184
0 0.30734245104166663 0.10356447222222225 0.3020399328902878 0.09477544914756426 0.2880557466634316 0.12143996511182532 0.2933582648148104 0.1302289881864833
0 0.3147400255208333 0.0634935472222223 0.30954128320049235 0.05486027290410315 0.29545713647230193 0.08166480549409046 0.30065587879264294 0.0902980798122096
0 0.3220695188080801 0.07472930238151021 0.31679013020833324 0.06584844814814822 0.3028752515213531 0.09199191987749086 0.3081546401210999 0.10087277411085285
0 0.3303630833333333 0.08736202962962965 0.3247846453680917 0.07851554993269096 0.31108484907184747 0.10581860083946405 0.31666328703708907 0.11466508053640276
0 0.3370207135416666 0.0990047157407408 0.3316128072916666 0.09010700740740744 0.3178475462680179 0.1165487690656287 0.32325545251801796 0.12544647739896203
0 0.34582368541666664 0.11125098981481493 0.3403042151069507 0.10230237253313651 0.3264547156567085 0.12930030402417153 0.33197418596642453 0.13824892130584995
0 0.8699785270833333 0.20669293240740755 0.8581338699944939 0.19048520807248223 0.8377896033847431 0.23747434147841026 0.8496342604735825 0.2536820658133356
0 0.8548855510416667 0.19918488333333348 0.8440582531231499 0.1840239334195104 0.7984348510416664 0.28699999722222225 0.8092621489601833 0.30216094713604535
0 0.8389277166666667 0.19551522870370389 0.8328489818037916 0.18712151724150392 0.790557169361117 0.28392041431823284 0.796635904223992 0.29231412578043275
0 0.8104443953125 0.23491407129629646 0.8051146487886462 0.22790940789173997 0.7844505343749998 0.27760192870370387 0.7897802808988537 0.2846065921082604
0 0.8325390125 0.2722501324074075 0.8251401871473021 0.2631870741007677 0.8104501906249999 0.3010892935185187 0.8178490159776978 0.31015235182515843
0 0.874773925 0.24524323888888913 0.8705555267654702 0.23856604689432057 0.8501828361421805 0.27924380871492055 0.8544012343767103 0.2859210007094891
0 0.8840185364583332 0.25483437592592595 0.8789173677537413 0.2462895531400236 0.8599752573837894 0.2820291735620036 0.8650764260883815 0.2905739963479059
0 0.892059378125 0.26451858333333345 0.8854047449277721 0.2562020531578131 0.8702218130208333 0.2945986333333335 0.8768764462180613 0.3029151635088539
0 0.6629528157129755 0.9408243889467897 0.6340944783250283 0.46527179986424877 0.27837607653346125 0.5334953060029559 0.30723441392140843 1.0090478950854966
0 0.3833012677083334 0.51026115 3.667992323019629e-17 0.51026115 5.354809209155708e-17 1 0.38330126770833345 1
0 1.0058886599023793 0.9412111797539064 1 0.8889597222222223 0.813214595615165 0.9554894806502173 0.8191032555175445 1.0077409381819014
0 1.05074757700434 0.5498820244692144 0.9163818198210093 0.47576589640420364 0.8323748296540965 0.9570995773191454 0.966740586837427 1.031215705384156