0 0.27098328308916764 0.15197806101792652 0.26175186302083325 0.12022683611111118 0.2555477138401279 0.12592775953906937 0.26477913390846225 0.15767898444588474
0 0.28014482395833334 0.1412705009259259 0.2709514854166667 0.11172794166666668 0.2654194508412647 0.117168769330955 0.27461278938293143 0.14671132859021424
0 0.2884615433306968 0.1321024507602682 0.2796367520833334 0.10328375833333334 0.2742791936484699 0.10846879738787994 0.2831039848958334 0.1372874898148148
0 0.29811397812500007 0.12376836388888887 0.2889316432291667 0.09303318888888883 0.28346697648619673 0.0981930268875846 0.2926493113820301 0.12892820188758464
0 0.30669096882474806 0.11543616998014433 0.2973337947916667 0.08535280277777783 0.2919037478419187 0.09069078094578169 0.30126092187500003 0.12077414814814817
0 0.31669223906250005 0.10445972870370374 0.3072000879909736 0.07522605503556273 0.30141983842046055 0.081157804277632 0.310911989491987 0.11039147794577299
0 0.326853636801302 0.32475714919364296 0.32101367254198543 0.30767873300044407 0.3150969768865167 0.3140730884364307 0.32093694114583327 0.3311515046296296
0 0.3355784361115825 0.3148991476924705 0.33055454756994096 0.29811607387076383 0.3251771692708585 0.3032034521042193 0.33020105781250003 0.31998652592592597
0 0.3440541977752958 0.3057683929325842 0.33893346197916674 0.28999658518518523 0.33345157201637093 0.29562176169704557 0.33857230781250003 0.31139356944444446
0 0.3535624198081789 0.29701435950971594 0.34845804218750004 0.2804547657407407 0.34270945779598777 0.28605503586065445 0.34781383541666666 0.30261462962962976
0 0.3622503705592807 0.2882801583661952 0.35708215 0.2701837138888889 0.35119575708208534 0.2754968626909457 0.35636397764136607 0.293593307168252
0 0.3714170984375 0.27791096203703713 0.3662935890648116 0.26147837817822805 0.36055538177314495 0.26713286058563546 0.36567889114583335 0.28356544444444454
0 0.365175505545621 0.25786919943920383 0.3554794094424577 0.22676086536623322 0.3495394320218367 0.2326122668529553 0.359235528125 0.2637206009259259
0 0.35464030937500013 0.2237875472222222 0.3446720885416667 0.1926774574074073 0.3384694425841481 0.1989587398879265 0.3484376634174815 0.2300688297027414
0 0.34519871000763563 0.2331804095714676 0.3354613989583333 0.202369887037037 0.3292414754090311 0.20858258116927314 0.33897878645833335 0.2393931037037037
0 0.32796855989583323 0.1391876 0.31808565732440996 0.10834009193772302 0.3117830518545455 0.11472183766154466 0.3216659544259688 0.14556934572382163
0 0.28210338851310035 0.18455398414417545 0.27213865260416664 0.15303377777777782 0.2659215099243996 0.1592456501150839 0.27588624583333327 0.19076585648148153
0 0.2914432111210708 0.1760701828418236 0.281901422181317 0.14501866863981805 0.2759422975185795 0.15080608116836483 0.28548408645833334 0.18185759537037038
0 0.30023364770172034 0.16798630834478226 0.29049502083333334 0.1363148898148149 0.2843575110049631 0.14227943534288556 0.29409613787335015 0.17395085387285292
0 0.30936105661053476 0.15843788641331064 0.30006195989583323 0.12649405740740743 0.29385406093868827 0.13220559945167154 0.30315315765338974 0.16414942845757474
0 0.3181417761258379 0.14906521862915068 0.3084332734375 0.11790018148148146 0.30219979887416204 0.12403737396344192 0.31190830156249993 0.1552024111111111
0 0.3382845485535497 0.173012931003733 0.3288046005208333 0.14258199814814818 0.32316803217561696 0.1481315819592301 0.33264798020833336 0.17856251481481492
0 0.2924134033678441 0.2177112390969686 0.28259818593749997 0.18647416481481482 0.2764149419446558 0.19261462479192035 0.28623015937499996 0.22385169907407412
0 0.30167420851273913 0.20834839504362238 0.2925759528390967 0.17872312905115859 0.2863006880763576 0.18481404882235103 0.29539894375000003 0.21443931481481482
0 0.31503797047849985 0.21270521194619088 0.30122660208333335 0.1701850138888889 0.2951621438718549 0.17641071669282504 0.3089735122670214 0.21893091475012702
0 0.3242333192708334 0.20421022685185186 0.31070933958333335 0.16092232037037035 0.30466706274156086 0.1668884610987215 0.3181910424290609 0.210176367580203
0 0.332133989770082 0.19543084459366789 0.31876618229166664 0.15217864074074078 0.3126422801655064 0.158160485369602 0.32601008764392175 0.20141268922252908
0 0.29659358124999996 0.22998718055555556 0.2941884604166667 0.22135172777777776 0.28770060824124527 0.2270626688509203 0.2901057290745786 0.2356981216286981
0 0.305604903125 0.22049937777777784 0.30260455159102 0.21086195561680376 0.2969836276041667 0.21639257685185184 0.2999839791381466 0.22602999901282592
0 0.3096433531348122 0.26976904637962107 0.29963877447916665 0.23772778703703704 0.29309815624018776 0.2441822925092679 0.30310273489583334 0.27622355185185193
0 0.318921203125 0.2606933009259259 0.30927845729166664 0.22854039907407414 0.3032804019205673 0.23422560188234137 0.3129231477539007 0.2663785037341932
0 0.3272658212959158 0.25244901025920347 0.31752314635416673 0.22078459537037035 0.311570423495751 0.2265732462222779 0.32131309843750006 0.25823766111111107
0 0.33717822644680157 0.24244105195401486 0.32724493200203286 0.21061649814933597 0.3209043842010646 0.21687128786198764 0.33083767864583336 0.24869584166666653
0 0.3560066717738791 0.2681683926962103 0.34623540260416674 0.2359600787037037 0.3399699995802877 0.24196748415564165 0.34974126875000006 0.27417579814814824
0 0.34782130572916675 0.2768566601851852 0.3378949270833334 0.24546744444444452 0.3315701674881157 0.2517887872332214 0.34149654613394903 0.28317800297396206
0 0.33845819963616347 0.28608668053044706 0.32829715 0.2543747870370371 0.32179936546800314 0.26095495002510855 0.33196041510416663 0.2926668435185185
0 0.33009342499999994 0.2938741240740741 0.3205119107551077 0.26212703918242486 0.3140191722134411 0.26832021140464707 0.32360068645833334 0.3000672962962963
0 0.3207750740497726 0.3045040121869461 0.3109145145833334 0.27245646481481484 0.3043609707418941 0.2788293767019429 0.3142215302083333 0.3108769240740742
0 0.8716411123940201 0.30266719941600767 0.8385304781009649 0.294480306558263 0.8275290578533667 0.4351019259483175 0.860639692146422 0.44328881880606213
0 0.7555172989697881 0.18839891140940307 0.6854525116693115 0.16286651923719722 0.6643543273075153 0.3458485026963431 0.7344191146079918 0.37138089486854897
0 0.3469999174627366 0.8977172244890954 0.06881908516313866 0.8650555362402137 0.06646229461425363 0.9284957309587023 0.3446431269138516 0.9611574192075838
0 0.6905573549336115 0.9003769265343001 0.6000000000000001 0.8867355074074076 0.5960698928637527 0.9691917445750531 0.6866272477973641 0.9828331637019455
0 0.6925625147609756 0.6380151092517763 0.6054682182225374 0.6248953547708743 0.5938606996491137 0.8684286479464874 0.680954996187552 0.8815484024273894