0 0.3517322446803623 0.11880581440042585 0.29887032720610957 0.08715597795416992 0.2445228569368352 0.37403957813316835 0.29738477441108796 0.40568941457942426
0 0.2976828124078462 0.06977548164600011 0.20050895031740085 0.006272631540212346 0.18480221718750003 0.0822347481481482 0.2819760792779454 0.14573759825393595
0 0.254314406267476 0.3115376113539207 0.1545282083333334 0.25224157407407416 0.14089204449959442 0.32476727949102874 0.24067824243373703 0.38406331677087535
0 0.18981747760416673 0.02010807407407415 0.14271679417032015 -0.006048155112629219 0.09121918574525362 0.2870371754714681 0.13831986917910025 0.31319340465817147
0 1.0038721208201158 0.39235169414215093 0.9998981089124804 0.3243197561659765 0.5140352996359961 0.41401820336755585 0.5180093115436315 0.48205014134373014
0 0.4975330267347861 0.29322026960675596 0.48652790535420254 0.2660393047075833 0.46199175778608303 0.2974365313971237 0.47299687916666666 0.32461749629629644
0 1.0063263085981289 0.3107903672321257 0.9994991908850253 0.19391551363917323 0.5624325849817012 0.27460535898333394 0.5692597026948047 0.39148021257628646
0 0.5947369805812159 0.25629879091336816 0.588011728208072 0.14116778564922508 0.4454740863053774 0.16748263001528188 0.4521993386785213 0.2826136352794249
0 0.9942416114583332 0.1825435157407408 0.9874144676990205 0.06566821627514166 0.6543645495752062 0.1271548318765709 0.6611916933345189 0.24403013134217003
0 0.9579945859375 0.056993878703703815 0.9529780958351842 -0.028884462478685435 0.7539040588812524 0.007867952580473347 0.7589205489835682 0.0937462937628626
0 0.6861011915303893 0.10895307808694407 0.6798854463541666 0.002544437037037073 0.44378425482377726 0.04613268672787077 0.45 0.15254132777777776
0 0.11131225097381506 0.88492440260339 0.08802761713011659 0.63381992661614 0.029190881260468184 0.6510631508646015 0.052475515104166655 0.9021676268518517
0 0.18944259000130398 0.9156023495174515 0.17401578623550032 0.827343739689171 0.0676925468945713 0.8860794220902234 0.08311935066037497 0.9743380319185039
0 0.6727840104166667 0.7302686592592593 0.6701216210644374 0.6944842779839693 0.6098433264395855 0.7086583279222132 0.6125057157918147 0.7444427091975031
0 0.7970047885416667 0.7221405574074076 0.787193688857562 0.5993372629057315 0.6727125918585606 0.6282438220532982 0.6825236915426651 0.7510471165549744