0 0.22852884570096552 0.29553445334806405 0.22255331906357512 0.27093695064535916 0.20592125572916664 0.2837068138888889 0.211896782366557 0.3083043165915938
0 0.23616903802083336 0.32386059351851854 0.23070068413598718 0.3006310895436553 0.21359695572916668 0.313356225 0.21906530961401283 0.3365857289748632
0 0.2460739390625 0.28250138518518525 0.2436054543283455 0.27231936147668884 0.2275142208333333 0.28464872407407404 0.22998270556748782 0.2948307477825705
0 0.2499115328125 0.29732617037037046 0.24728608467872482 0.2866248417784001 0.23073964531250002 0.29945479999999997 0.23336509344627518 0.3101561285919704
0 0.25992838125 0.3382143324074075 0.2575061777139948 0.32814672865063854 0.2407512317708333 0.3408871120370371 0.24317343530683852 0.35095471579380594
0 0.2658339201568377 0.36181026690396967 0.2611141507384549 0.3431610637681996 0.24473686197916666 0.3562606462962964 0.24945663139754945 0.3749098494320664
0 0.2423340661458333 0.35128421203703714 0.23666224391050175 0.3271256055331283 0.2200822052083333 0.3394280444444445 0.22575402744366493 0.36358665094835335
0 0.25002080416666667 0.37984516018518527 0.2438202304857881 0.35609986450004905 0.2274461364583333 0.3696133231481482 0.23364671013921193 0.3933586188332844
0 0.21103279902626487 0.3080050859047123 0.2050266378253929 0.2839669680997256 0.18878641458333334 0.2967915574074074 0.19479257578420528 0.32082967521239414
0 0.21856903802083333 0.33747569537037037 0.21248845306693293 0.31324384036977815 0.19554067135416667 0.32668468333333334 0.20162125630806704 0.35091653833392555
0 0.2248905546875 0.36463213148148144 0.218647106486445 0.33971802071431184 0.20217870677083333 0.35276126018518517 0.2084221549718883 0.37767537095235476
0 0.23288596302083334 0.3929299037037038 0.22687179764282692 0.36944739318604364 0.20984664947916667 0.38322826481481487 0.21586081485717312 0.406710775332475
0 0.19420735572916667 0.3220132814814815 0.18796998545205915 0.2964382697759924 0.17057941666666665 0.30984288703703705 0.1768167869437742 0.3354178987425262
0 0.2011254359375 0.3508227037037038 0.19494412998349875 0.32639806410934996 0.17856171510416669 0.33950149259259255 0.18474302105816792 0.36392613218694636
0 0.20821819583333337 0.3774581351851851 0.20193770075411496 0.3526997301028389 0.18519457864583339 0.3661231324074074 0.1914750737250517 0.39088153748975374
0 0.21574327395833331 0.40683132870370364 0.20987874965447 0.38273818753402783 0.19225233437499997 0.3962981444444444 0.19811685867886328 0.42039128561412026
0 0.1978481359375 0.41934770277777783 0.19187693477957227 0.3964932694338061 0.1749537604166667 0.4104675037037038 0.18092496157459442 0.4333219370476755
0 0.19031211145833335 0.3910638824074074 0.1844326456297051 0.36657195437937545 0.16744437864583334 0.37946094537037034 0.17332384447446153 0.4039528733984023
0 0.1839931807291667 0.3636349157407408 0.17811367168895442 0.3394326566117487 0.16065821614583334 0.35283470833333336 0.16653772518604562 0.37703696746232546
0 0.1764656072916667 0.33453516481481477 0.17009943544216674 0.30987743389270395 0.15343931354166665 0.3234717814814814 0.15980548539116662 0.34812951240359225
0 0.7432340576263227 0.14313241393233608 0.7431973464844838 0.1329255564995175 0.62497974068603 0.13426938222281032 0.625016451827869 0.1444762396556289
0 0.6980856571996382 0.21569252323926028 0.69538567578013 0.11349684192846389 0.684660136133768 0.11439241769024587 0.6873601175532762 0.21658809900104228
0 0.693807207842688 0.13796931057223769 0.684788909375 0.13724901944444456 0.6822334252935472 0.23837079010726003 0.6912517237612351 0.23909108123505315
0 0.7691697074803275 0.1674177693892466 0.6897310078125 0.15965499907407424 0.6840939547803171 0.34197002231725526 0.7635326544481446 0.3497327926324277
0 0.6764455959135609 0.27387497749622625 0.667724639785977 0.27034141586485455 0.6564807270827158 0.3580463128315752 0.6652016832102997 0.36157987446294687
0 0.7075069100732825 0.40741981076506273 0.700728627657601 0.2712449021302829 0.6900673747121507 0.27292210563383734 0.6968456571278322 0.40909701426861717
0 0.7004085477329922 0.3032875557496118 0.6905368992602505 0.3013805506150496 0.6824042857036083 0.43443300858778616 0.6922759341763499 0.4363400137223484
0 0.7005063338530387 0.33216659487707767 0.6894574397421684 0.32897129691521954 0.6771259256236184 0.4637368195843058 0.6881748197344887 0.46693211754616404
0 0.2719947973958333 0.7412229685185185 0.2660959188468515 0.7122953294305367 0.17539645083089775 0.770749587210141 0.18129532937987963 0.7996772262981228
0 1.0107875246171074 0.9560947103708488 0.9986414623199038 0.712081867943019 0.8718432687235366 0.7320294763202078 0.8839893310207402 0.9760423187480376
0 0.9864023126079603 0.6713282256927663 0.9788735607614808 0.48216647882633595 0.8371009005208332 0.5 0.8446296523673127 0.6891617468664303