0 0.4695837792556243 0.15800238358161384 0.43056554669511143 0.08713755136257147 0.30888052487012274 0.2988902239947057 0.34789875743063553 0.3697550562137481
0 0.43394588826550073 0.07069542615096489 0.36855021603002985 -0.05478377459846929 0.33529040781249997 5.2632795241488905e-17 0.4006860800479709 0.12547920074943422
0 0.3335658703307201 0.2511033757336907 0.25979803385416667 0.11773316759259263 0.22912753613453266 0.1713478808388839 0.30289537261108607 0.304718088979982
0 0.3125908510416667 1.0526559048297781e-16 0.2782453309874981 -0.05652267445617172 0.19559585237874982 0.1022012739519645 0.22994137243291837 0.15872394840813633
0 0.8681086484110018 0.11941192329633037 0.8584309120319519 0.011861041303636192 0.6951851721987944 0.05828654393915221 0.7048629085778443 0.1658374259318464
0 0.7820652937499999 0.17895823148148154 0.7799922472150811 0.15702230823171678 0.6951689348958333 0.18235744814814814 0.6972419814307521 0.2042933713979129
0 0.3145999947916666 0.6615274148148149 0.31401571582966026 0.6379122847062726 0.2664931963541667 0.6416283583333334 0.267077475316173 0.6652434884418758
0 0.4134376245600052 0.6513257700384709 0.4131369515420801 0.6395771695724775 0.34719830771124144 0.644910558793266 0.3474989807291666 0.6566591592592594
0 0.4785790177083334 0.9501669472222221 0.43894273838051784 0.9443887552874445 0.4383792062093113 0.9566060366948075 0.47801548553712675 0.9623842286295853
0 0.5050549229166666 0.5662937592592593 0.5050209448615841 0.5586164126420295 0.4590625291666666 0.5592592592592592 0.45909650722174916 0.566936605876489
0 0.3619208760416667 0.8136784490740742 0.361823336813598 0.7916394187323825 0.304617403637638 0.7924395898149295 0.30471494286570666 0.8144786201566211
0 0.8931334513577046 0.78356445638908 0.7689783124688939 0.7802690714843116 0.7682892105204512 0.8623225461219263 0.8924443494092619 0.8656179310266947