0 0.27665174770885864 0.7608824362246237 0.27017343749999995 0.7464611111111112 0.2605466897911414 0.7601286748864877 0.267025 0.7745500000000002
0 0.2874027082280024 0.7470283930791967 0.2815057291666668 0.7322416666666669 0.27211187510533114 0.7440817921059889 0.27800885416666676 0.7588685185185187
0 0.3078650865792387 0.7439084919571148 0.29996007376384615 0.7245829366327754 0.29041790385127403 0.7369188891201051 0.2983229166666666 0.7562444444444445
0 0.28310537238028843 0.7770360375463289 0.27890101404563516 0.768059985940498 0.2697503291653468 0.7816063558015764 0.27395468750000007 0.7905824074074074
0 0.2940440541976242 0.7634234441334287 0.29007553982420636 0.7540633656596261 0.2814252356265821 0.7656547363410122 0.28539374999999995 0.7750148148148148
0 0.29873802083333334 0.7764231481481482 0.295271622950498 0.7673458472092234 0.28620964378383135 0.7782828842462605 0.28967604166666666 0.7873601851851852
0 0.28795869205716007 0.7901250882106136 0.283971875 0.7812592592592593 0.2748574537761732 0.7942128747523497 0.2788442708333333 0.8030787037037038
0 0.300607300949644 0.8224677013924792 0.29085937500000003 0.7978305555555558 0.2818281157170227 0.8091239652741877 0.2915760416666667 0.8337611111111111
0 0.311709375 0.8079898148148148 0.3020708526443739 0.7833030084210134 0.2931723958333333 0.7942833333333333 0.30281091818895944 0.8189701397271348
0 0.3194285626250662 0.7734595727052391 0.3102499999999999 0.7501490740740739 0.3008700529977901 0.7618219654166934 0.31004861562285646 0.7851324640478586
0 0.33086041666666666 0.7594240740740742 0.32164401455770847 0.7360174757295336 0.3126744791666667 0.7471796296296298 0.3218908812756249 0.7705862279741704
0 0.33195228187320325 0.8056936505434701 0.32206927083333337 0.7786777777777777 0.3124240441186009 0.7898293901496148 0.3223070551584708 0.8168452629153072
0 0.34298541666666665 0.7899537037037038 0.3334082961265052 0.7657482556253492 0.3246283634939401 0.776727386377186 0.3342054840341015 0.8009328344555404
0 0.3643516052098172 0.8423240622731702 0.3460260416666667 0.7964888888888889 0.3367624572901827 0.8081944562453481 0.35508802083333324 0.8540296296296295
0 0.33989393772356574 0.8224607056822679 0.3343944526286348 0.8106972621054784 0.32500363990506914 0.8245726675343218 0.33050312500000006 0.8363361111111114
0 0.31247864583333335 0.8510833333333334 0.30326614583333333 0.8287064814814815 0.29408621017082176 0.8406511223920716 0.3032987101708218 0.8630279742439235
0 0.3237677083333334 0.8374037037037039 0.3147539472935959 0.8143124271437991 0.3056711347935959 0.8255179826993548 0.3146848958333334 0.8486092592592596
0 0.3537248246066923 0.8592317230469065 0.3410414105689089 0.8272744395659782 0.33178217274946287 0.8388888321031157 0.34446558678724626 0.870846115584044
0 0.33847864583333337 0.8743555555555557 0.32636335932025445 0.8431734693839972 0.3173604166666666 0.8542287037037039 0.32947570317974545 0.8854107898752623
0 0.32697134550710977 0.8873804290442247 0.31519427083333335 0.8578120370370372 0.30601490271164256 0.8693672367158464 0.31779197738541903 0.8989356287230337
0 0.6091923297690407 0.19456265576335108 0.597853125 0.16504814814814822 0.5920860275950753 0.17205074765315068 0.6034252323641159 0.20156525526835353
0 0.6175515625 0.18195000000000003 0.6064015625 0.15461944444444442 0.6012837400243586 0.16121826883918697 0.6124337400243587 0.18854882439474258
0 0.6251778065844761 0.1710484148541896 0.6144432291666665 0.1443564814814816 0.6094810475821905 0.1506636221828477 0.6202156249999999 0.1773555555555557
0 0.6341869791666664 0.16068518518518526 0.6229661458333332 0.13216851851851869 0.6178959262354913 0.13847385211252736 0.6291167595688246 0.1669905187791939
0 0.6421288541070891 0.15055683587002622 0.6307791666666666 0.122725 0.6257555208929108 0.1291996456114552 0.6371052083333332 0.1570314814814814
0 0.651303125 0.1374953703703705 0.639877714306098 0.11053613748183085 0.6345471799709889 0.11767600216749025 0.6459725906648909 0.14463523505602988
0 0.6764905010118679 0.3539491931695734 0.6695233154846043 0.3382633434667753 0.6640890644727364 0.3458919280749799 0.6710562499999999 0.36157777777777805
0 0.6844744861302807 0.3422743863460259 0.6783375395397198 0.3267048696953416 0.673348990909439 0.3329193722382047 0.6794859374999999 0.348488888888889
0 0.6922611436044193 0.3313753613120558 0.6860973958333332 0.31683055555555567 0.6810419813955805 0.3236014905397964 0.6872057291666666 0.33814629629629656
0 0.7010983906571496 0.3206265602467203 0.6948968749999999 0.3052962962962965 0.6895750468428502 0.3121002916051321 0.6957765624999998 0.3274305555555559
0 0.7091228400199544 0.3100751602142832 0.7027526041666666 0.29323333333333346 0.6972743118154376 0.2997822047660376 0.7036445476687253 0.3166240316469874
0 0.7175104166666666 0.2977972222222223 0.7112986187505527 0.2825971663813878 0.7059908062505529 0.28945272193694327 0.7122026041666667 0.3046527777777778
0 0.7099414546399058 0.2792571300166043 0.6981851084494828 0.25048139585693013 0.6926905288095768 0.2575761176921777 0.704446875 0.28635185185185186
0 0.6971484375 0.24771203703703723 0.6851218749999999 0.21899351851851864 0.6793960538542746 0.2265718256904983 0.6914226163542747 0.2552903442090169
0 0.6884211091728003 0.259080470890782 0.6766442708333332 0.23060925925925935 0.6708965991605329 0.23812323281292205 0.6826734374999999 0.2665944444444447
0 0.6648760416666666 0.16952129629629628 0.6529521614597523 0.1410449168951982 0.6471340129766651 0.1487445952014022 0.6590578931835794 0.17722097460250025
0 0.6224626763282008 0.22448651874185596 0.6104114583333332 0.19536018518518522 0.6046664903384655 0.2028727405174035 0.6167177083333332 0.23199907407407425
0 0.6311513037494512 0.21404241971546173 0.6195520095976685 0.1852896510222583 0.6140340391815506 0.19232500908457442 0.6256333333333333 0.22107777777777785
0 0.6393220557262306 0.2041142957615751 0.6274848958333333 0.17478888888888894 0.6218020127787176 0.18203870737046457 0.6336391726716148 0.21136411424315074
0 0.6477268717417994 0.19265953185201345 0.6363072916666664 0.1629685185185186 0.6305372000782996 0.1699824701611776 0.6419567801534325 0.19967348349467248
0 0.6557996305568364 0.1814543262180661 0.6440270833333333 0.15262499999999993 0.6382607861098304 0.1600669700782303 0.6500333333333335 0.18889629629629642
0 0.677433913781882 0.20085947070009577 0.6659385416666666 0.1727092592592593 0.6607244195514511 0.17943867744805256 0.6722197916666665 0.20758888888888902
0 0.6349688212007458 0.2551628922985802 0.6230854166666668 0.22628518518518523 0.6173691996325877 0.2337195151088273 0.6292526041666667 0.2625972222222223
0 0.6435187604803175 0.24386342272627962 0.6324574657737763 0.2164301755489285 0.6266465177934585 0.2238352713411676 0.6377078124999997 0.2512685185185187
0 0.6570815788389062 0.24529241488259274 0.6404583333333334 0.20608148148148153 0.6348658601795132 0.21357468438476523 0.6514891056850859 0.25278561778587644
0 0.6656260416666664 0.23486851851851875 0.6492354166666665 0.1948333333333335 0.6436471657657233 0.20206410280474202 0.6600377907657234 0.24209928798992725
0 0.6728659819395097 0.22444284464509615 0.6566328124999999 0.1844092592592592 0.6509646212971841 0.19167330002697883 0.6671977907366939 0.23170688541281578
0 0.6399593749999999 0.2664416666666668 0.6369802083333332 0.2583916666666667 0.6309322092166383 0.26546567529534965 0.6339113758833049 0.2735156752953497
0 0.648253125 0.25507222222222226 0.6446144778756842 0.24615668150829206 0.6394145833333333 0.2528638888888889 0.6430532304576491 0.26177942960281914
0 0.655638982781371 0.3030996851742087 0.6435125000000002 0.27346481481481477 0.6374631005519624 0.28128827778875426 0.6495895833333333 0.3109231481481482
0 0.6642255208333334 0.29208148148148133 0.6524505208333333 0.26225740740740733 0.6468869034290469 0.26919975173255756 0.658661903429047 0.29902382580663156
0 0.6719427813263842 0.2820907259988017 0.6601020833333332 0.25277314814814833 0.654590552006949 0.2598083480752726 0.6664312499999999 0.289125925925926
0 0.6810952402249969 0.2700097778748947 0.6690543660331062 0.24057455255199234 0.6631898549747758 0.24815644134376447 0.6752307291666665 0.27759166666666685
0 0.7015469889988741 0.2914660432574012 0.6896406249999998 0.2616148148148148 0.6838337401677921 0.2689348826685248 0.6957401041666664 0.2987861111111112
0 0.6940182291666667 0.301862962962963 0.6820140625000001 0.27285833333333337 0.6761697841128407 0.28050285883577536 0.6881739507795075 0.30950748846540505
0 0.6853576460529013 0.31305276334035204 0.6730984374999999 0.28377870370370367 0.6671001664470982 0.29171760703001837 0.6793593749999997 0.32099166666666673
0 0.6775890625 0.3225944444444446 0.6659026577838071 0.2931598955169281 0.6598828661171403 0.3007135992206319 0.6715692708333333 0.33014814814814836
0 0.66906886386963 0.3351639812607951 0.6570848958333334 0.30549166666666666 0.6510170736303702 0.31323694466513086 0.6630010416666666 0.34290925925925936