0 0.4309817130208334 0.24934573055555553 0.4225869292172508 0.22711763480325792 0.4072716508245918 0.24539809392467987 0.4156664346281744 0.2676261896769775
0 0.42000618229166675 0.22318112314814811 0.4121187875239632 0.20228734422358927 0.39655169184481837 0.22086021871681316 0.4044390866125218 0.241753997641372
0 0.40975007343750003 0.2564052805555557 0.4061908933950088 0.24730234575816104 0.3917580344338879 0.2651374577055288 0.3953172144763791 0.27424039250292354
0 0.404863803125 0.2431151611111111 0.4012236927809404 0.2334299027923273 0.386048431476265 0.2514556993309276 0.3896885418203246 0.2611409576497114
0 0.39022570104166665 0.20628888981481477 0.3867029628153336 0.19730935019394083 0.371732478276903 0.21587102264079866 0.375255216503236 0.22485056226167263
0 0.384528853125 0.19272389351851849 0.3781095834775494 0.17580234332173855 0.362868582866368 0.19407551352208297 0.36928785251381846 0.2109970637188629
0 0.41061354583333326 0.2000757259259259 0.4022425694820122 0.17853821105162312 0.3874588051202656 0.1966984058512855 0.39582978147158665 0.21823592072558826
0 0.3998803145833333 0.17327254814814824 0.3907739141236148 0.15222749720261997 0.37660221510416664 0.17160838333333336 0.38570861556388514 0.19265343427886164
0 0.4462117552083334 0.23021322407407416 0.4372069987468635 0.2087937084884205 0.422986079401437 0.22768862366146314 0.4319908358629069 0.2491081392471168
0 0.4361092520833333 0.2034700240740741 0.42660372286182174 0.18170963104035534 0.4123218432291667 0.2014270416666666 0.4218273724506783 0.22318743470038538
0 0.42656598177083327 0.1804165972222223 0.4171246118974489 0.15818866791735192 0.40285596648500044 0.1773432948096964 0.4122973363583848 0.1995712241145668
0 0.41550278749999997 0.15345045925925938 0.4071383184970735 0.13239782339193568 0.39160454535459327 0.15190362496947268 0.3999690143575198 0.17295626083679638
0 0.4624941718749999 0.21071798055555552 0.45272237039662894 0.18772068468589684 0.43779823632942105 0.20776272590276085 0.4475700378077921 0.2307600217724195
0 0.4512178937500001 0.1846572814814815 0.4417779166015222 0.162840572975823 0.42777725661520855 0.1819868866218347 0.4372172337636864 0.2038035951274932
0 0.44161669583333335 0.16106916018518516 0.43246931673954175 0.13912575360132054 0.4177703182291667 0.15849154814814811 0.42691769732295837 0.18043495473201274
0 0.4311836911458334 0.1341621064814815 0.4227888049691325 0.11259597097266152 0.4068453508078488 0.13221058859796556 0.41524023698454954 0.15377672410678553
0 0.4464474890625 0.11390923055555567 0.4381788270928932 0.09346741727769449 0.422792971842161 0.11313687603730874 0.4310616338117678 0.13357868931516992
0 0.4574190182291667 0.14146196851851858 0.4488437247650156 0.11963463485178762 0.4336623390839679 0.13848477849728688 0.442237632548119 0.16031211216401783
0 0.4671708500000001 0.1649981194444444 0.459044454813996 0.14305278975515148 0.4427402293023925 0.1621342210770462 0.45086662448839654 0.1840795507663391
0 0.47766576614583334 0.19105081111111116 0.4691502019387298 0.168666684529238 0.45341135037019525 0.18759017565324543 0.4619269145772988 0.2099743022351186
0 0.8803565309093089 0.3006844277248962 0.8781792779470619 0.27394499239456294 0.8490117814127529 0.2814510304104076 0.851189034375 0.3081904657407408
0 0.20106842260314053 0.8161975200338478 0.0008383186177258158 0.7326124479662661 -0.021065114654466286 0.8984442393228486 0.1791649893309484 0.9820293113904303
0 0.31884671442347645 0.8237796338173125 0.3015904652868661 0.6298226251195678 0.061024496447890125 0.6974667467684511 0.07828074558450045 0.8914237554661957
0 0.10785406992666184 0.675790598921733 0.0006203409041350306 0.6369440978982257 -0.009410241237045088 0.7244546828246798 0.09782348778548172 0.763301183848187
0 0.8623905117089333 0.6993718404841286 0.8623331411458335 0.6660381157407409 0.8551421986280011 0.6660772309836215 0.855199569191101 0.6994109557270092
0 0.883298855520735 0.7417934164879394 0.8814384759805715 0.6784668537394529 0.859170079886176 0.6805344204104017 0.8610304594263395 0.7438609831588882
0 0.9304383835464578 0.7830282135950509 0.9206291235412608 0.7023168305652985 0.8546560667965076 0.7276577874597924 0.8644653268017046 0.8083691704895448