0 0.015444866666666683 0.2970400916666667 0.000006167755067535788 0.2433564801376457 -0.0059612384949324715 0.24878035328579387 0.009477460416666675 0.30246396481481486
0 0.022580930550063192 0.2929413375005652 0 0.2142865564814815 -0.0059252331542298435 0.21966277731424963 0.016655697395833346 0.29831755833333334
0 0.028029484375000014 0.28613156944444446 0 0.188050337962963 -0.005053402905567106 0.19261457373795615 0.022976081469432908 0.29069580521943766
0 0.03501801619699784 0.28019640536841695 0 0.15932755092592593 -0.005579177134497848 0.16443615481676827 0.029438839062499993 0.2853050092592593
0 0.04081949583333333 0.2733496972222222 7.401486830834377e-18 0.13250741296296295 -0.0052981100081774144 0.13736041523158318 0.03552138582515591 0.2782026994908424
0 0.04792546785329862 0.2691423679499973 1.1102230246251566e-17 0.10433233148148147 -0.0051356735824652534 0.10905225612407679 0.042789794270833355 0.2738622925925926
0 0.031886786458333344 0.1870258175925926 0.000253293229166666 0.07801402407407407 -0.005241226483394601 0.0830531864206757 0.026392266745772077 0.19206497993919422
0 0.05563387656249999 0.26733355555555555 0.036876539447187315 0.20286146290360987 0.030883894441890446 0.20837173335236203 0.04964123155720313 0.27284382600430773
0 0.06057275919673571 0.25719818050870613 0.006766857578680013 0.07238000850040154 0.001794431715277628 0.07695519188058439 0.05560033333333333 0.26177336388888894
0 0.06673454114583334 0.25030551481481483 0.012804240104166665 0.06595043611111111 0.007012591150605472 0.07130513328465123 0.06094289219227214 0.2556602119883549
0 0.03486235479831607 0.12086076608224187 0.01770906938075807 0.061377194892425165 0.013673664582442005 0.06505503066203513 0.030826950000000006 0.12453860185185188
0 0.8446840046874999 0.14612215092592581 0.813521678018157 0.11796019384025366 0.8057757469302257 0.14504935886658002 0.8369380735995687 0.17321131595225214
0 0.7982297927083333 0.10636773981481513 0.7584116326319261 0.0686640143205068 0.7509401443622442 0.09360186319480622 0.7907583044386512 0.13130558868911457
0 0.8262187765625001 0.26282202870370375 0.8148728113684948 0.2450876786240479 0.791043640615087 0.29327025798778633 0.8023896058090924 0.3110046080674422
0 0.7571454958333333 0.0727283972222224 0.729132575311066 0.045508883326945485 0.7225454203125001 0.06693437777777789 0.7505583408347676 0.0941538916730548
0 0.4505524295884464 0.8380471893488872 0.44387756672041545 0.6414324316253531 0.23888331637596133 0.6634273756920871 0.2455581792439922 0.8600421334156211
0 0.8482504135416665 0.6355402564814814 0.8465539579340782 0.6140558958028849 0.7823749090545958 0.6300724205104822 0.7840713646621842 0.6515567811890789
0 0.7744624957069772 0.7034871046960391 0.7667352664627812 0.6314660026946713 0.7201196598958334 0.6472730342592593 0.7278468891400294 0.7192941362606271