0 0.26529324238317703 0.357702123234633 0.25958748453858616 0.32713401659216024 0.2452832114262424 0.3355725220612309 0.25098896927083325 0.3661406287037037
0 0.28176616936481635 0.3474708364377172 0.2761261473958333 0.31607184814814815 0.26263267646851696 0.32373211263635693 0.2682726984375 0.355131100925926
0 0.2593196866213139 0.3244972845819161 0.2538134307291666 0.2949250925925926 0.24789294358701938 0.29840914967734317 0.2533991994791666 0.3279813416666667
0 0.2682023101360452 0.3198426238334916 0.2624550734375 0.2894198055555556 0.25622950861395494 0.29313681227761956 0.26197674531250004 0.3235596305555556
0 0.29191892504657296 0.3060273412393979 0.2862400838541667 0.2752435555555556 0.2803871900575937 0.2786559819087503 0.28606603124999996 0.3094397675925926
0 0.3058900820621229 0.29698789018490385 0.29997704620604054 0.26684134764644313 0.28911551101891764 0.273574511165243 0.295028546875 0.30372105370370367
0 0.2974793717696987 0.33797914492403563 0.2920304260416666 0.3075423768518518 0.27799891052196796 0.3154815171130013 0.28344785624999996 0.34591828518518514
0 0.3148500035109728 0.32659474616730727 0.30870464427083333 0.2964188990740741 0.29485819596819385 0.3053310214252854 0.3010035552083334 0.3355068685185186
0 0.2708210697471004 0.3890850095094424 0.2650502018555762 0.3592061536244583 0.2510569034626425 0.3677480089298307 0.2568277713541666 0.39762686481481485
0 0.288276363593282 0.37961366302502564 0.28222128125 0.3484271861111112 0.268112373906718 0.35708487678978923 0.27416745625 0.38827135370370375
0 0.30386325363273475 0.3699014134323343 0.297989796875 0.3395991824074074 0.283485383346432 0.3484845273084065 0.2893588401041667 0.3787867583333334
0 0.320781973350037 0.359257551374771 0.31454344583333327 0.32790513518518527 0.3008606771707962 0.33650991992152535 0.30709920468749996 0.367862336111111
0 0.2774296044627103 0.42219177990534956 0.2714338088541667 0.39022418703703704 0.2565587361622897 0.3990417978724281 0.2625545317708333 0.4310093907407406
0 0.2940951822545562 0.4106393412068218 0.2881801364583333 0.38048386296296294 0.2739550062871104 0.3893025328672523 0.2798700520833333 0.41945801111111114
0 0.3097867664877905 0.40106558835140366 0.3037241828125 0.37024398888888904 0.2893030553872095 0.37920912183378175 0.2953656390625 0.41003072129629636
0 0.32670594309470435 0.39002532437437265 0.31977492973694965 0.3601655161818945 0.3059585335172452 0.37030134921492935 0.312889546875 0.4001611574074075
0 0.31979166666666664 0.3972093212962964 0.3135845578125 0.3972093212962964 0.3135845578125 0.4320322064814816 0.31979166666666664 0.4320322064814816
0 0.31552894465445674 0.43435256445088255 0.30978752604166665 0.40314117870370364 0.29555128451220997 0.41141786425282106 0.301292703125 0.44262925
0 0.29985535192837925 0.4440229104409494 0.2938665786458333 0.4119413833333334 0.2797922621341206 0.4202449580775693 0.28578103541666666 0.45232648518518526
0 0.2830696378440031 0.45342624610158316 0.27690372187499995 0.42273748240740744 0.2625322095518302 0.43186338075026875 0.2686981255208334 0.46255214444444454
0 0.42959328157051274 0.3262708436050277 0.4245994018335362 0.2437545932039607 0.31495814427846386 0.26472599924098117 0.3199520240154404 0.34724224964204814
0 0.284854742030708 0.8036342435318048 0.2320150164673955 0.7779225985279351 0.22497372502041865 0.8236564689724968 0.27781345058373114 0.8493681139763666
0 0.27754727760416664 0.7613035824074074 0.25210319776827744 0.7560438686480704 0.2501873762348289 0.785334898163551 0.2756314560707181 0.7905946119228879
0 0.2764464461009065 0.7068146983858742 0.2470204159543412 0.6979284952951278 0.24240175700990924 0.7462662285935199 0.27182778715647454 0.7551524316842663
0 0.28859632681094743 0.6645060742664975 0.25556200410786817 0.6496580664979927 0.2498755535549669 0.6896427289750481 0.28290987625804626 0.7044907367435527
0 0.32198799435086195 0.5979342940421242 0.3001638754637907 0.5934228873027926 0.2978888301863302 0.6282061026529296 0.31971294907340153 0.6327175093922611
0 0.29721031635887 0.5928123378952749 0.2643983443056926 0.5860295588913709 0.26212329874979345 0.6208127729732018 0.2949352708029709 0.6275955519771058
0 0.32182722559628707 0.5607922366559824 0.2704034208738452 0.5501620811403294 0.2683678618356702 0.5812837757736696 0.31979166655811203 0.5919139312893228
0 1.0022595484578984 0.7019709719241638 0.4888834015933959 0.6464971866935655 0.4820679410866573 0.8458388314391297 0.9954440879511598 0.9013126166697281
0 1.004152593049406 0.5607750237565627 0.5695526206866989 0.5185382974172622 0.5654000276372929 0.6535818218088477 1 0.6958185481481485