0 0.46198518678615524 0.5556118780665803 0.45394193672372624 0.5267529702328579 0.44043747910423753 0.5386484995736851 0.4484807291666666 0.5675074074074073
0 0.47749684542037857 0.5414044491874949 0.46945364583333327 0.5117064814814815 0.45669117541295456 0.5226307359976904 0.46473437499999987 0.5523287037037037
0 0.45347032875247073 0.5242081576598671 0.4457026041666667 0.49628611111111104 0.44011248374752915 0.5012011015993924 0.44788020833333325 0.5291231481481483
0 0.4619021176923182 0.5174010673027793 0.4538291666666666 0.48869629629629635 0.44795517397434836 0.4939174512157393 0.45602812499999995 0.5226222222222223
0 0.4843063965818492 0.4978522966380903 0.47627291666666677 0.4687731481481482 0.4707441242514843 0.47360048113968745 0.47877760416666676 0.5026796296296296
0 0.4974339349431762 0.4854440887589935 0.48921842623433054 0.4570539269512338 0.47898969962448756 0.46640891226631453 0.4872052083333333 0.4947990740740742
0 0.49231407206534133 0.5281173874618399 0.4845354166666668 0.49932499999999996 0.4712619696013256 0.5106585384640862 0.47904062500000016 0.539450925925926
0 0.5086244278553723 0.5125459600083357 0.5001765625 0.48418425925925934 0.48716255131129443 0.49643552147314596 0.4956104166666667 0.5247972222222222
0 0.46991602294695417 0.5853216609123408 0.46186225486171845 0.557161405071177 0.4486738360814309 0.5690823367514288 0.45672760416666663 0.5972425925925927
0 0.4864599797717448 0.5716237186670978 0.4780223958333332 0.5422388888888892 0.4647285618949217 0.5543031331847544 0.4731661458333332 0.5836879629629632
0 0.5011348570445878 0.5581494985090834 0.4929463541666667 0.5295953703703704 0.4792786846220789 0.5419829088983241 0.4874671875 0.570537037037037
0 0.5170556717997019 0.5434232113144427 0.5084234375 0.5139194444444446 0.49554745320029786 0.5258258627596315 0.5041796875 0.5553296296296297
0 0.47905200290135624 0.6164711618838585 0.4706119791666667 0.5862981481481482 0.45657195543197704 0.598710319597623 0.4650119791666666 0.6288833333333333
0 0.4946510112502193 0.6009077724476735 0.4864328125 0.5725092592592592 0.47303648874978066 0.5847616719967709 0.4812546875 0.6131601851851851
0 0.5094404062481062 0.5875447973769249 0.5010239583333334 0.5585231481481483 0.48744501041856064 0.5709690915119643 0.4958614583333334 0.5999907407407409
0 0.5256690385258292 0.5742081987530132 0.5171291666666666 0.543625925925926 0.5039023156408373 0.5552992086543942 0.5124421874999999 0.5858814814814814
0 0.5338323345579419 0.6040537716578426 0.5250968749999999 0.574740740740741 0.5125713112753915 0.5865378950088243 0.5213067708333333 0.6158509259259259
0 0.517732568490617 0.6190871043263753 0.5096036458333333 0.5896 0.49615388984271613 0.6013184512291805 0.5042828124999998 0.6308055555555556
0 0.5029685516694478 0.6325412805096551 0.49452656249999993 0.6022537037037038 0.48123926083055213 0.613958719490345 0.48968124999999996 0.6442462962962963
0 0.48708233400900636 0.6460062050800578 0.4785739583333334 0.6171416666666665 0.4650567284909937 0.6297345356606827 0.4735651041666667 0.658599074074074