0 0.6159755859375001 0.5660788643533124 0.6130766601562501 0.5312515772870662 0.47595235697273075 0.5610266809500033 0.4788512827539808 0.5958539680162495
0 0.641260958188413 0.6466264714651161 0.6405283203124998 0.6364858044164039 0.5676246246920573 0.6502260275344519 0.5683572625679705 0.6603666945831641
0 0.6192167606759429 0.609223353334105 0.6184775390625 0.5994053627760253 0.5647725241119349 0.609953803957553 0.5655117457253778 0.6197717945156329
0 0.14725372940566156 0.6859848282956544 0.11846203244353687 0.6070839367556884 0.08023564678787533 0.6434729254947342 0.10902734375000002 0.7223738170347004
0 0.06941894531249998 0.7167208201892744 0.05241699218749998 0.6686451104100947 0.04739507418521932 0.6732781298714665 0.06439702731021932 0.7213538396506464
0 0.1893075201640167 0.7460151578282407 0.14402281550058682 0.7449458768665214 0.1439024134103779 0.7582478212992589 0.18918711807380778 0.7593171022609783
0 0.20056350404529955 0.7740969723629135 0.13553900553995937 0.7734298618639963 0.13547891892362565 0.7887082796500408 0.20050341742896582 0.789375390148958
0 0.11904931640625002 0.7891995268138803 0.08999256523729529 0.762548630188439 0.08707185676379814 0.770855642185758 0.11612860793275287 0.7975065388111993
0 0.11272171956581187 0.8120342901667219 0.057260480191519386 0.7410714343944993 0.05026887862027796 0.7553260842714098 0.10573011799457044 0.8262889400436325
0 0.5463912388061201 0.2727772399574241 0.52997607421875 0.2173690851735016 0.5095110927286032 0.23318536382695204 0.5259262573159731 0.28859351861087457
0 0.5077163858881313 0.22810335752901773 0.4936247707282071 0.20523953853566076 0.4662990098400759 0.249174035896233 0.48039062500000007 0.2720378548895899
0 0.46390234375000006 0.3872365930599369 0.42825381153444597 0.3541739241414083 0.42551123046875006 0.3618880126182965 0.46115976268430414 0.39495068153682517
0 0.4313256109973896 0.3960960628561943 0.4113876411899871 0.3711327046367576 0.40737890625000006 0.3794850157728706 0.42731687605740254 0.40444837399230726