0 0.39647698124632264 0.38875859179863437 0.38891582373046873 0.3648039999999999 0.36237630805168164 0.3914181347389118 0.36993746556753554 0.4153727265375462
0 0.7877160454101563 0.26930763011314196 0.741639808462721 0.26422628524612235 0.7412096839065697 0.27661745813455896 0.787285920854005 0.28169880300157857
0 0.7905697446289062 0.253195449086162 0.7295767439594627 0.24835178328886584 0.7292849952980249 0.26002349492178906 0.7902779959674684 0.26486716071908517
0 0.7935672783203125 0.24055842732811156 0.730355423828125 0.23108252306353366 0.7298349072875134 0.2421139641341729 0.7930467617797009 0.25158986839875086
0 0.7882101445001919 0.2227536288097054 0.7050184067382812 0.21162360574412548 0.7045332451482456 0.22314461139917222 0.7877249829101562 0.23427463446475216
0 0.7880783642729879 0.2074281351275842 0.7037151362304688 0.19442709051349014 0.7031574538748256 0.2059240153445231 0.7875206819173448 0.21892505995861714
0 0.8211182804430475 0.11206694256047565 0.7514434545898439 0.1012736327241081 0.7506012584896518 0.11854609770990653 0.8202760843428554 0.1293394075462741
0 0.7470524515259714 0.10191260586977677 0.6751648642578125 0.09213945865970424 0.674360615622492 0.11093390979207556 0.746248202890651 0.12070705700214807
0 0.821264576171875 0.09506856048738051 0.7504384785563648 0.08621079115413392 0.7500053056640625 0.0972147780678853 0.8208314032795727 0.10607254740113188
0 0.7472762598221859 0.08943117054489823 0.6778944799804687 0.0771967145343779 0.677377608299733 0.08650915175417234 0.7467593881414503 0.09874360776469267
0 0.21956867208610248 0.8374193414121823 0.21759296670876155 0.8011634069818667 0.08273998486328124 0.8245099982593559 0.08471569024062217 0.8607659326896715
0 0.8233996300330784 0.6685218021832894 0.8110434796006065 0.6373783954103629 0.7655604493118904 0.6947089717510317 0.7779165997443622 0.7258523785239582
0 0.6952049030118042 0.8182632615570719 0.6831716569970889 0.7846460314537117 0.6428589245430407 0.8304900788037416 0.654892170557756 0.8641073089071017
0 0.787011056640625 0.7440801879895561 0.7744731184178693 0.7086026094111121 0.7146453350805149 0.7757756356719027 0.7271832733032706 0.8112532142503467