0 0.34695725412844036 0.22434375066666673 0.34225037745758935 0.20926666781580056 0.2775505423870042 0.2519294467187862 0.2822574190578552 0.2670065295696524
0 0.37395272018348624 0.2506167213333333 0.37263955241305363 0.24622625327144085 0.3390186684586296 0.26746598317070336 0.34033183622906216 0.2718564512325958
0 0.356455323853211 0.2405649333333334 0.35516617980764575 0.23631467104869594 0.3303432534159428 0.2522173087288105 0.331632397461508 0.25646757101344797
0 0.13889094001249236 0.3705001296608948 0.10978797215166941 0.3452438788419767 0.09984274861852711 0.36944934305081667 0.1289457164793501 0.39470559386973475
0 0.10735104403669725 0.39990201333333336 0.08994745450480665 0.3844480747384775 0.08862748715596333 0.387587812 0.10603107668785393 0.40304175059485586
0 0.173267200118933 0.390895896501118 0.17205045874733726 0.3850129888142543 0.14978598988021627 0.39473931992147976 0.151002731251812 0.4006222276083435
0 0.18413178579366762 0.3999449639616614 0.18259551141687747 0.39295841856595604 0.15072910825688074 0.4077586946666667 0.1522653826336709 0.41474524006237207
0 0.14518597081384635 0.4177858279607182 0.12584185229357797 0.41348111866666676 0.12544482075610613 0.41724954986901736 0.1447889392763745 0.4215542591630688
0 0.11764038990825697 0.4200000000000001 0.10657257798165144 0.4123151946666668 0.10535210532209704 0.41602787385904016 0.11641991724870256 0.4237126791923735
0 0.2586807211009174 0.12380693866666664 0.2397633633202366 0.10486841320135526 0.23408212293577985 0.11685479066666664 0.25299948071646067 0.13579331613197804
0 0.23248792796433304 0.11523177273395886 0.22139348579717705 0.10927130405868625 0.21559973764935778 0.13204928065806076 0.22669417981651377 0.13800974933333338
0 0.23989096712565627 0.18669967628009196 0.21666009816513762 0.18140296266666675 0.21628179259454072 0.18490751192601887 0.2395126615550594 0.1902042255394441
0 0.22576986299686727 0.19720575508565877 0.21135450825688074 0.19164000400000009 0.2106215098681571 0.1956499178623266 0.22503686460814362 0.2012156689479853
0 0.8815176192137331 0.38764156527608923 0.8765962414264378 0.3179677441149645 0.5773898929011299 0.3626071441026507 0.5823112706884253 0.43228096526377546
0 1.0072019094326858 0.3467075251910598 1 0.2627747306666667 0.9181545390078216 0.27760814202913403 0.9253564484405072 0.36154093655352715
0 0.8666961779951353 0.3070415081650117 0.8595693836157628 0.2077739463096291 0.5633333092448136 0.25269555358152235 0.5704601036241861 0.35196311543690495
0 1.002120424092802 0.2379859907478485 0.9966694413499625 0.13616301265171166 0.8947538027843049 0.147686934679121 0.9002047855271447 0.24950991277525789
0 0.9880913110091742 0.14125466533333333 0.9807481640641619 0.05567582359144304 0.880813984711631 0.07378757023041878 0.8881571316566435 0.15936641197230908
0 0.34434363119266054 0.8787241280000001 0.34198201583663196 0.8456293646711501 0.27512752184112277 0.8557058936826385 0.2774891371971513 0.8888006570114885
0 0.33963290733944945 0.8225214453333333 0.3373036186594659 0.7921794797515785 0.2701722752293578 0.8030646546666667 0.2725015639093413 0.8334066202484214