0 0.09935372516899374 0.3898255779685356 0.014054539062500027 0.3327347859375001 0.002378748469350178 0.3501795506590007 0.0876779345758439 0.4072703426900362
0 0.02923944481298264 0.4215252919634455 8.881784197001253e-17 0.40238453124999995 -0.0031471331317468156 0.4071920949044676 0.026092311681235734 0.42633285561791306
0 0.03596044216683494 0.3964429576090306 0.002538432812500013 0.37441414687499996 -0.0007200959235625692 0.37935797154229406 0.032701913430772354 0.40138678227632474
0 0.1181306709747929 0.1643345425084504 0.10335870781250005 0.15582697812500002 0.08211489308770714 0.19271331061654967 0.09688685625000001 0.20122087500000005
0 0.14136044636655548 0.1981683821360166 0.12668241562500002 0.1582768234375 0.1130259473834446 0.1633016975514834 0.12770397812500003 0.20319325625
0 0.15210324110117862 0.2737401658697435 0.1499242953125 0.26877055781250003 0.12312922921132137 0.28051896850525665 0.12530817499999997 0.28548857656250004
0 0.16200626479708996 0.2888306078059042 0.15859937968750001 0.2838150421875 0.14148328832791007 0.2954413593815958 0.14489017343750002 0.30045692500000004
0 0.7780379589340154 0.39943449515191454 0.7154046155945245 0.2817145234735724 0.5993895019730091 0.34344079082165796 0.6620228453125 0.46116076250000004
0 0.8065063796875 0.509375 0.7672661376207492 0.44076417076761254 0.7027597297189029 0.47765699205026435 0.7419999717856536 0.5462678212826518
0 0.21656717968750008 0.7511620281250001 0.17180113920430515 0.7267478876431719 0.16427277010640204 0.7405519892481418 0.20903881058959697 0.7649661297299699
0 0.24855356406250012 0.6927423031250001 0.20378780438456912 0.66832679587786 0.19625931718750014 0.6821302546875001 0.24102507686543112 0.7065457619346404
0 0.23339204375000003 0.7219085796875 0.188628170544226 0.6974941021873169 0.18109943906249998 0.711298009375 0.225863312268274 0.735712486875183
0 0.19974239843749997 0.7804170374999999 0.15497602379500242 0.756002129440716 0.1474477599154113 0.7698057071737564 0.19221413455790884 0.7942206152330403
0 0.8347052796875001 0.575322221875 0.8296867309570874 0.5505657909001819 0.7144511140625001 0.57392600625 0.7194696627929128 0.5986824372248182