0 0.43309418993541904 0.5898365990123948 0.3704850744128084 0.5828899751312089 0.36707838447738944 0.6650475550325521 0.4296875 0.671994178913738
0 0.8704417885742188 0.5737080934504794 0.5940828583984374 0.5737080934504794 0.5940828583984374 0.7092651757188501 0.8704417885742188 0.7092651757188501
0 0.5289283801601723 0.54574280134022 0.4920112870232197 0.526768552551252 0.4570524376575499 0.7087685086411033 0.49396953079450245 0.7277427574300714
0 1.0147676231722573 0.5652337152393014 0.627103348030329 0.42794464753315564 0.6108394144892639 0.5508290219262796 0.9985036896311923 0.6881180896324253
0 1.015288646881996 0.4131293491972648 0.6588503219485996 0.2780380731525231 0.6419420897025293 0.3974111921936559 0.9983804146359256 0.5325024682383975
0 1.0126574375404178 0.21096566382284634 0.681568086320689 0.13359445557897068 0.6681945846135926 0.2867251380980612 0.9992839358333214 0.3640963463419368
0 0.6154404239169279 0.15568621596973403 0.5547923106685863 0.12450821647919105 0.48214627506978996 0.5026304504115013 0.5427943883181315 0.5338084499020443
0 0.9858278184448045 0.0012007215167417718 0.7087923547757871 -0.002487394433717772 0.707998286550618 0.15711517020108123 0.9850337502196355 0.1608032861515408
0 0.63481663498082 0.06575680093645579 0.6324522244911773 0.007609939181657043 0.5759735836620656 0.01375508341437311 0.5783379941517083 0.07190194516917187
0 0.26307771191406254 0.8471536461661342 0.1588112968750001 0.844078535942492 0.1582816570221453 0.8921309994445532 0.2625480720612077 0.8952061096681955
0 0.8870588482020172 0.9262662609678154 0.8866694666387156 0.89424545794645 0.7311289819091543 0.899306475694751 0.7315183634724559 0.9313272787161163