0 0.3226493140796031 0.2774628655744075 0.32208518017578125 0.20638716861979164 0.24540981251516225 0.2074690867896983 0.24597394641898412 0.2785447837443142
0 0.4906881225585937 0.1290867363281251 0.4614798782413658 0.12533893129546889 0.4539906694335937 0.22910177734375006 0.4831989137508215 0.2328495823764063
0 0.7728010733293351 0.4729160884643766 0.7091325002101689 0.3557680925499023 0.660794585137749 0.4024722606874172 0.7244631582569154 0.5196202566018915
0 0.42330782861328137 0.8680050312500002 0.128988157396852 0.7928265636341081 0.12596042822265635 0.8138992701822917 0.42028009943908573 0.8890777377981838
0 0.43760248876953123 0.8412733528645835 0.139243478414719 0.7669568301757658 0.13614259912109383 0.7890885983072916 0.434501609475906 0.8634051209961093
0 0.44767443750000013 0.8205788274739585 0.15081142923207827 0.7452175793281525 0.14834303271484384 0.7625038138020833 0.44520604098276567 0.8378650619478893
0 0.464505703125 0.7880789576822917 0.16824926038599403 0.7110179800560434 0.16555411962890632 0.7294380898437501 0.4618105623679123 0.8064990674699984
0 0.47441976562500004 0.7680020097656249 0.17922652918390658 0.6935276087602894 0.17685543481757965 0.7102356560404854 0.4720486712586731 0.784710057045821
0 0.4879354213867188 0.747900234375 0.19053986250004307 0.6722729927112571 0.18803949902343753 0.6897528079427083 0.48543505791011327 0.7653800496064513
0 0.5717581049804688 0.5696614583333334 0.23794196826171882 0.5696614583333334 0.23794196826171882 0.6820398170572917 0.5717581049804688 0.6820398170572917
0 0.6513671875 0.6027975644531252 0.61962890625 0.6027975644531252 0.61962890625 0.814453125 0.6513671875 0.814453125