0 0.7410614301757812 0.09872789215686299 0.7297527243659189 0.08927410169460431 0.7172190185546875 0.13922699197860985 0.7285277243645498 0.14868078244086855
0 0.7142218369140625 0.09670081996434951 0.7035175170171178 0.08779715092272265 0.6911276056209271 0.13742580100299653 0.7018319255178718 0.1463294700446234
0 0.646252244938548 0.14769876701489368 0.5074108760865568 0.14102147307988966 0.5069933847656249 0.1699442531194297 0.6458347536176162 0.17662154705443373
0 0.14936442463925803 0.7187470820464649 4.85722573273506e-17 0.6924645401069518 -0.009654384760870618 0.8752655530500618 0.13971003987838737 0.9015480949895749
0 0.06887160937500005 0.5049600080213904 0.00645938669195683 0.4919053912328663 -0.0054899337773899465 0.6822422602041256 0.05692228890565327 0.6952968769926496
0 0.23570604833984377 0.49499713190730843 0.0744288312587062 0.4666183892003378 0.06224214805461174 0.6973672591187551 0.22351936513574933 0.7257460018257257
0 0.4664868610642839 0.38753546787227444 0.2658103047147335 0.3480941378180666 0.2502779057464211 0.6113983556443947 0.4509544620959715 0.6508396856986025
0 0.4656586122876111 0.2692962063564512 0.24944208970018367 0.23125020562312726 0.24374441486240617 0.3391328834607606 0.4599609374498336 0.3771788841940845
0 0.6834634350740086 0.7208446590881331 0.6679719655710682 0.7119124739449978 0.6564921717104867 0.7782475422077502 0.6719836412134271 0.7871797273508854
0 0.7554851109215899 0.6547327317502236 0.703334925196338 0.6372156297923759 0.7004512690429687 0.6658186087344032 0.7526014547682206 0.6833357106922509
0 0.7651106328125001 0.605746259358289 0.7103358091626851 0.5887998482062134 0.7074724829101562 0.619635155080214 0.7622473065599712 0.6365815662322895
0 0.7666220957031248 0.5557906390374333 0.7162134355255758 0.5403218223005389 0.7131696938476563 0.5733686702317292 0.7635783540252052 0.5888374869686236
0 0.8796848779296876 0.6093636613190734 0.8381582608780008 0.5980642611271576 0.8341726870166248 0.6468661032139665 0.8756993040683116 0.6581655034058824
0 0.8840468251953125 0.5810706622103389 0.8431685252975123 0.5624609365487309 0.8396044829101562 0.5885446791443851 0.8804827828079564 0.6071544048059931
0 0.9065284487304688 0.4821120508021392 0.8715960092949382 0.4641347332935498 0.86005258203125 0.5388678315508024 0.8949850214667806 0.5568451490593918