0 0.42399111523128963 0.4676827192744316 0.32500112019230765 0.42251816796874997 0.25960333763688354 0.5171426172069509 0.3585933326758655 0.5623071685126326
0 0.25463012500000004 0.41584398828125013 0.22149767803136733 0.3994130094050498 0.19339589256758785 0.4368215467163128 0.22652833953622056 0.45325252559251317
0 0.20928216105769243 0.3958003730468751 0.1731006182631024 0.3794837458636574 0.14864380576310243 0.41528541578553235 0.18482534855769245 0.4316020429687501
0 0.2809900793269231 0.36836407031250007 0.24861679326923078 0.3521827421875 0.22263528183769418 0.3864977238652519 0.2550085678953865 0.4026790519902519
0 0.23630459122947586 0.3451798861635733 0.20017779445451056 0.3286978832553266 0.17757511187888092 0.3614037900605033 0.21370190865384625 0.37788579296875
0 1.0465145841461054 0.2748701943065355 0.9161533100961539 0.2200257695312499 0.8124435815899049 0.38276128620014593 0.9428048556398563 0.43760571097543155
0 0.9046202648391138 0.2139291090760167 0.8371021295079437 0.18444407391860884 0.7289235521688299 0.3479775976550922 0.7964416875 0.37746263281250003
0 0.829633792622966 0.1812562436273862 0.7359176711441372 0.14285174402966286 0.6580949783653847 0.26821930859375004 0.7518110998442135 0.3066238081914734
0 0.7330000067747618 0.13571957633254264 0.6081730769230769 0.08256241406250006 0.5259955821675458 0.20995558187058252 0.6508225120192308 0.2631127441406251
0 1.0422789039525802 0.11634466068451926 1 0.09637520703125013 0.9260315864320352 0.199758552206106 0.9683104903846154 0.21972800585937513
0 1.0171313167120446 0.04654061833164014 0.9737431394230767 0.025879523437500107 0.8660520823264167 0.17517424494961004 0.9094402596153845 0.19583533984375007
0 0.8960132475961539 0 0.8527681578188061 -0.019236358075746696 0.7577833140688062 0.12172984504925335 0.8010284038461539 0.14096620312500005
0 0.7963431826923077 0.04350574609375002 0.7513940149331432 0.022651116587367237 0.6984609404139123 0.09796812049361728 0.7434101081730767 0.11882275000000006
0 0.6709466754807691 5.551115123125783e-17 0.6305892997673155 -0.01753759830669152 0.586608525728854 0.04927562239643349 0.6269659014423077 0.06681322070312506
0 0.35441829911229183 0.8834838658300863 0.3493052524038462 0.8415059238281252 0.3110291613132328 0.8445836709628776 0.31614220802167853 0.8865616129648387
0 0.4096758076923077 0.9031206425781251 0.4040537276155027 0.8697739588315655 0.3493311122308872 0.8758645291440654 0.3549531923076923 0.909211212890625
0 0.9193616562500003 0.9635951933593749 0.7723333990384619 0.9635951933593749 0.7723333990384619 1 0.9193616562500003 1
0 0.6755995600961539 0.833965326171875 0.6081730769230771 0.833965326171875 0.6081730769230771 1 0.675599560096154 1