0 0.4676426258406191 0.5576221337722829 0.46277783260657795 0.5118192342120559 0.419406701171875 0.5277870936363636 0.42427149440591616 0.5735899931965907
0 0.544438351267872 0.5345185121438559 0.5316973623046873 0.4287516027272728 0.4606010950211903 0.4584391733106897 0.47334208398437494 0.5642060827272729
0 0.7736197254956892 0.4816470515444433 0.7682604926757811 0.42006821272727274 0.6607766187425917 0.45249388391010215 0.6661358515624999 0.5140727227272728
0 0.006758229003906312 0.9176795354545456 6.071532165918825e-17 0.9176044290909092 -0.00007364806220218519 0.9405760704268885 0.006684580941704066 0.9406511767905249
0 0.3156949578383949 0.93867750503734 0.31546577861740366 0.8870992965017049 0.21057613488373533 0.8887148306031226 0.21080531410472655 0.9402930391387578
0 0.1850518213397242 0.9441143120697942 0.18451537502481904 0.8846912577296207 0.09245659789474112 0.8875720439527629 0.09299304420964626 0.9469950982929367
0 0.5257459013671875 0.8824254645454546 0.453010033123914 0.8816171238561693 0.4529311245117188 0.9062294763636364 0.5256669927549923 0.9070378170529216
0 0.5260607070312499 0.8709427345454545 0.5259289178480285 0.847133555633091 0.43313875152303644 0.8489139320600438 0.4332705407062578 0.8727231109724073
0 0.18357765610355956 0.878612270400304 0.1834075192071684 0.8202327770472649 0.07005136307480822 0.821377915055551 0.07022149997119936 0.8797574084085902
0 0.29729519195949883 0.8716155432449098 0.2958083450355865 0.8172188143755031 0.2736728619975231 0.8193160972577436 0.27515970892143543 0.8737128261271502
0 0.263786828791878 0.8729298131901383 0.2634618202073371 0.8185067015676183 0.20405062172155589 0.8197365577004553 0.20437563030609673 0.8741596693229753
0 0.3490058605874704 0.8181078330579938 0.31024002537730255 0.8176770143889318 0.31006642769223924 0.8718238516510103 0.3488322629024071 0.8722546703200724
0 0.17998309228202902 0.8096603395354126 0.17979815194116286 0.7810181918766937 0.08942000523705258 0.7830410435550719 0.08960494557791875 0.8116831912137907
0 0.39144818348858607 0.8054500114450555 0.3914312446176093 0.7813000478118937 0.23661597112399635 0.7816764536211903 0.2366329099949731 0.8058264172543521
0 0.5225382901112396 0.8347125828622245 0.519204477934315 0.7470097431431001 0.48930932373592806 0.7509488957404995 0.4926431359128527 0.838651735459624
0 0.17658885688576245 0.7292254344529389 0.06572267906733395 0.7279933383676283 0.06558590414753226 0.7706547773849757 0.17645208196596077 0.7718868734702863
0 0.29306269293841875 0.7124701221690992 0.26706040504478884 0.7121811486167008 0.26689206711650276 0.7646872748031979 0.29289435501013267 0.7649762483555962
0 0.2614306692699751 0.7121185837668527 0.1976553261211443 0.7114098246130789 0.19748698844486878 0.7639159516876931 0.2612623315936996 0.7646247108414669
0 0.1760817599602952 0.7193142713321872 0.1757262812270613 0.6762982410368753 0.08546345935732723 0.6788838731648603 0.08581893809056113 0.7218999034601723
0 0.29171407080078127 0.6763560963636364 0.19571103018911548 0.6752891780912151 0.19562160107421878 0.7031829536363636 0.2916246416858846 0.704249871908785
0 0.400001103515625 0.58 0.1677624624023438 0.58 0.1677624624023438 0.6374534172727273 0.400001103515625 0.6374534172727273
0 0.879308396484375 0.5800000000000002 0.7579025561523438 0.5800000000000002 0.7579025561523438 0.6010607490909093 0.879308396484375 0.6010607490909093