0 0.18266006787109376 0.2040156653386454 0.17805020530420992 -0.002740600320973715 0.13189252734375 0 0.13650238991063385 0.20675626565961913
0 0.12982220556640622 0.12659958087649403 0.12766467493597278 -0.0027419668831161963 0.0657097273242559 0.000010153098766089372 0.06786725795468936 0.1293517008583763
0 0.7957984829101565 0.051858717131474094 0.7951542630844921 0.03891162056963063 0.7421912197675611 0.04592951909173117 0.7428354395932255 0.05887661565357464
0 0.8613260551757813 0.029107857370518096 0.8225931431302129 0.02479830164630487 0.8214658786921211 0.051778547850287314 0.8601987907376895 0.056088103574500545
0 0.8925768500976563 0.06828017529880497 0.8527657008756813 0.061422796912052983 0.8509666077554717 0.08923738904786493 0.8907777569774468 0.09609476743461691
0 0.9269771235351563 0.10635238725099619 0.884545200036745 0.09754464958863097 0.8824049336749192 0.12500263231272357 0.9248368571733305 0.1338103699750888
0 0.9638234189453125 0.14301902948207187 0.9237125581461259 0.13754147664969146 0.9223115705512246 0.16486156817367623 0.9624224313504113 0.17033912100605667
0 0.9646783208007812 0.1868834278884464 0.9230662743899164 0.180102366062666 0.9213671840820312 0.20786817211155395 0.962979230492896 0.21464923393733434
0 0.9107109839195684 0.2541148434867028 0.9103864619063718 0.22937377689648059 0.8715473505453973 0.23073042584005662 0.8718718725585939 0.2554714924302789
0 0.8227176401367187 0.17336031314741038 0.8209594257316858 0.15043694852925824 0.7495349765625 0.1650255219123506 0.7512931909675329 0.1879488865305027
0 0.7974025092773438 0.1435515920318725 0.7955158597352043 0.12094312728905764 0.7244578647718558 0.13673397933431453 0.7263445143139953 0.1593424440771294
0 0.7702068842773436 0.11446861912350596 0.7682578438461465 0.09148082735741703 0.7010610595703125 0.10665288685258965 0.7030101000015097 0.1296406786186786
0 0.7495860708007814 0.08515598884462151 0.7478986841274186 0.06273347759608855 0.6745148523789037 0.07743977017743513 0.6762022390522666 0.09986228142596809
0 0.24375688287912636 0.8740962138636916 0.24075704195060543 0.7221428670795588 0.15583452348529914 0.7266074744756346 0.15883436441382007 0.8785608212597674
0 0.8295113923105112 0.7383929207587435 0.7884868702832541 0.7294360708064485 0.7843727037378677 0.7796174452577435 0.8253972257651248 0.7885742952100386
0 0.8736680688908827 0.5517309956149946 0.8108958084023502 0.5451317850610775 0.8029614821671259 0.7461143060763687 0.8657337426556584 0.7527135166302857
0 0.8421468500884964 0.540261458790097 0.7873669927445458 0.4210694685185111 0.6162703997343768 0.6304747542979546 0.6710502570783274 0.7496667445695404