0 0.2499528225942833 0.06750342221228098 0.22772445563634625 -0.030393219334586774 0.19176631701285854 2.7119951746568708e-17 0.21399468397079557 0.09789664154686778
0 0.19284036911404967 0.11836988643693111 0.1628489324893687 -0.01983119744717645 0.1269374971449606 0.009179510121473826 0.1569289337696416 0.14738059400558137
0 0.13730600223330997 0.18432444127621808 0.13258729313989995 0.16466321006056805 0.10139324287971908 0.1925323777244424 0.1061119519731291 0.2121936089400924
0 0.13375102282210563 0.16021087245169183 0.12948081297025898 0.14306397892124859 0.09699621052401881 0.17317885360696136 0.10126642037586547 0.1903257471374046
0 0.12846856697325038 0.1392458637627411 0.12410298215385113 0.11537576285924149 0.09018147604240359 0.13846996908235293 0.09454706086180288 0.16234006998585254
0 0.12382098930613543 0.10950117923195213 0.10477802769535112 0.027664653625954216 0.07027299831474074 0.057553520292413125 0.08931595992552507 0.13939004589841103
0 0.023994075173095944 0.059904630725190845 0.01473593252201461 0.01871471410350049 -0.00789307781138795 0.03764853450720848 0.0013650648396933817 0.07883845112889884
0 0.027424938547760506 0.08227758846224725 0.02244688148294256 0.06356076731056427 -0.0020849842469187335 0.08784912200526665 0.0028930728178992115 0.1065659431569496
0 0.03180033780591739 0.110483718324903 0.028597865479723046 0.08493782919847327 -0.003202472326194354 0.09977789522471531 0 0.12532378435114505
0 0.03847446901903264 0.1266623098912127 0.03392774444736352 0.10528590658113038 -0.0007435178436590885 0.1327378694357383 0.00380320672801004 0.1541142727458206
0 0.04226966806425484 0.14399683612156555 0.03715408500409249 0.12176352207904059 0.0024745449762132487 0.15146677436707806 0.007590128036375606 0.173700088409603
0 0.04568241708092075 0.16488553684493878 0.0417982547739744 0.14943200361631295 0.010280043422774934 0.17892173928404886 0.014164205729721286 0.19437527251267467
0 0.05149844992689938 0.18768738821071976 0.04783163550939664 0.16985224713740457 0.01453782646504297 0.19533319639007718 0.018204640882545704 0.21316833746339237
0 0.05640794302413314 0.21235554128920908 0.052720342709907816 0.18996552908617514 0.017869351778945712 0.21133256998555291 0.02155695209317104 0.23372258218858685
0 0.06031209742828883 0.2260205152671756 0.054883219182806114 0.2070696037370644 0.023801543472978245 0.24021507206342613 0.029230421718460957 0.2591659835935373
0 0.06563171216617211 0.24803724618320616 0.06007147255343092 0.224976333255677 0.02748541419536959 0.25422382180529535 0.033045653808110795 0.2772847347328245
0 0.6822203793558633 0.24293050117576537 0.6666411788081403 0.13053430654926212 0.6334789393470339 0.14764537578051318 0.6490581398947568 0.2600415704070164
0 0.7383389104846685 0.21201749522900776 0.7258015823782271 0.11941995438327084 0.6988036122650839 0.13302739312977105 0.7113409403715253 0.22562493397550798
0 0.6912261466473427 0.3625174895288935 0.6746854356730959 0.26847231014070516 0.6446924948315125 0.2881093681002712 0.6612332058057594 0.38215454748845956
0 0.7219101543026705 0.4989434704198474 0.7061967265999959 0.3890321558101 0.6753629643916914 0.4054416345419849 0.691076392094366 0.5153529491517322
0 0.8081757066914182 0.4829266637108784 0.8038947758260682 0.39905211108945887 0.7431620974282889 0.41059116412213736 0.7474430282936391 0.4944657167435569
0 0.256320049950544 0.766003733778626 0.22160804591386096 0.7412011434284913 0.21783732529035357 0.7608459040334097 0.2525493293270366 0.7856484943835442
0 0.2803242106824926 0.9261527776717557 0.23843488293603576 0.8942792177590596 0.23287775948650613 0.9214662999788821 0.27476708723296295 0.9533398598915782
0 0.4067612067260139 0.9307280820610688 0.38084173326416054 0.9119559038698276 0.3798290697329377 0.9171608520992368 0.40574854319479103 0.9359330302904779
0 0.3727169925816024 0.9054304150763359 0.34679608328327216 0.8866585429854223 0.34578350791295753 0.8918634112595422 0.3717044172112877 0.9106352833504558
0 0.366160075173096 0.942732723282443 0.34023935504799047 0.92396208291728 0.3392266841719588 0.9291677456955213 0.3651474042970643 0.9479383860606843
0 0.8610790791295746 0.7519884589694656 0.8427125302488353 0.6791241902159434 0.831829474777448 0.6893360190839696 0.8501960236581872 0.7622002878374917
0 0.8348260479723048 0.7568403015267176 0.8139201837365677 0.6811686100535186 0.8028279599406528 0.692576177480916 0.82373382417639 0.768247868954115
0 0.7952777922848665 0.8295561898854963 0.7937556934223791 0.7797130241624406 0.6475805520958194 0.796329943160823 0.6491026509583069 0.8461731088838785