0 0.41819535149700604 0.19009038636363645 0.15051797724550903 0.14307604758522732 0.14413764768172654 0.19417971589453922 0.41181502193322356 0.2411940546729484
0 0.8210415467065868 0.07441571803977275 0.8209784161570064 0.05230120981392023 0.7706443422655448 0.05250334969178487 0.7707074728151252 0.07461785791763739
0 0.7440989119760479 0.17624769176136362 0.7428724577729809 0.14188258236212242 0.7020720939466429 0.14393103191747858 0.7032985481497099 0.17829614131671978
0 0.7961084880239522 0.24639341122159086 0.7955677385861193 0.2372900647369027 0.7656483467065869 0.23979026846590906 0.7661890961444198 0.24889361495059725
0 0.31873645949165125 0.6824500816546656 0.29071502474117994 0.6356642819472363 0.18255574668665445 0.7267956150652981 0.21057718143712573 0.7735814147727272
0 0.14615081950692 0.46131442596760563 0.13170038632761244 0.4371237279688789 0.09381010394644097 0.4689648190467279 0.10826053712574851 0.49315551704545446
0 0.1596390766467066 0.4948598018465909 0.147217768532586 0.4712997978731401 0.10855964550898207 0.4999719552556819 0.12098095362310265 0.5235319592291328
0 0.17031055329341319 0.514151453125 0.16090830390552613 0.4984273892638988 0.12670367396540638 0.527200014974126 0.13610592335329338 0.5429240788352273
0 0.8430932245508984 0.9877385071022728 0.8413328870013447 0.9687984917518311 0.7632195858037397 0.9790118426041037 0.7649799233532935 0.9979518579545453
0 0.6900290149700599 0.8800302954545455 0.5241402778443115 0.8800302954545455 0.5241402778443115 1 0.6900290149700599 1
0 0.678968993643531 0.8462966634761653 0.6669694419896273 0.7042707196118468 0.5105874139006757 0.7228578270465641 0.5225869655545796 0.8648837709108825
0 0.9977856019790343 0.6679778877570307 0.9907442520464755 0.5922178275942109 0.9793127748502994 0.5937124985795456 0.9863541247828582 0.6694725587423652
0 0.6824226801733746 0.6684752624485507 0.6681199495397235 0.5145877949188834 0.49549813595459197 0.5371581823810901 0.509800866588243 0.6910456499107576
0 0.9865713389431 0.5428274636172726 0.9751251544910181 0.40735108948863635 0.9427045604580978 0.4112045044225002 0.9541507449101798 0.5466808785511365
0 0.633388990615638 0.44005192766329243 0.6300883550898202 0.40453936647727284 0.5062802027975355 0.42072733867193507 0.5095808383233533 0.45623989985795466