0 0.9749395454101561 0.6695697461607951 0.9698402748816961 0.6518752255834735 0.9420225092773437 0.6793134598012648 0.9471217798058038 0.6970079803785864
0 0.9871176209429416 0.6499830076227842 0.9837180722656249 0.6381865302619691 0.9735347412775841 0.6482309175152077 0.9769342899549007 0.6600273948760227
0 0.8587959301757813 0.5114404001806685 0.844631478641201 0.46228960655296886 0.7779544545898438 0.5280569196025294 0.792118906124424 0.5772077132302291
0 0.9153701057185313 0.4581634691080102 0.9012055091359704 0.4090121721028966 0.8363807988224472 0.4729524434638213 0.850545395405008 0.5221037404689349
0 0.37293734082031255 0.9317976305329719 0.3480051151294957 0.9264998956737375 0.34409530517578124 0.9894782258355916 0.36902753086659806 0.9947759606948261
0 0.338918743966161 0.9252750156878802 0.16851605211485948 0.9177361831666696 0.1676733881835938 0.9829277506775066 0.33807608003489537 0.9904665831987172
0 0.37371397412109386 0.9192878193315268 0.3482147505338489 0.9181597029424236 0.34811751815410363 0.925681967897316 0.37361674174134857 0.9268100842864193
0 0.3410078075062899 0.9179190549770062 0.17359929736978552 0.905933982879152 0.17341051984512118 0.9149590788839188 0.34081902998162555 0.9269441509817732
0 0.3813099964087511 0.7969328638527148 0.3622438239202135 0.792881578433177 0.3549928431475272 0.9096786874192772 0.3740590156360648 0.913729972838815
0 0.34279569921875 0.7949888292682928 0.1737590822481683 0.7875104484959935 0.1722682182715231 0.9028493742679387 0.34130483524210486 0.9103277550402378
0 0.2133028979492188 0.6793134598012647 0.1017673959960938 0.6793134598012647 0.1017673959960938 0.7096874787714544 0.2133028979492188 0.7096874787714544
0 0.6547356264648437 0.6793134598012649 0.5352258232421875 0.6793134598012649 0.5352258232421875 0.6999526467931348 0.6547356264648437 0.6999526467931348
0 0.48809769921875 0.6793134598012648 0.38943554345703124 0.6793134598012647 0.38943554345703124 0.7418511318879856 0.48809769921875 0.7418511318879857