0 0.3713501153846154 0.22580490144230772 0.22463827537075412 0.2020549389057176 0.2113458125000001 0.284167139423077 0.35805765251386135 0.3079171019596671
0 0.19579981009615388 0.2038931105769231 0.04324705400372915 0.17936551182970903 0.030357459134615412 0.25953411057692305 0.18291021522704012 0.28406170932413716
0 1.0104187232421895 0.3819742342776399 0.9086235401453501 0.3640249948054811 0.8812565712464291 0.5192307690775491 0.9830517543432684 0.5371800085497078
0 0.9034710793269232 0.08276544230769242 0.48094415865384615 0.0827654423076924 0.48094415865384615 0.5192307692307693 0.9034710793269232 0.5192307692307694
0 0.18759794951923084 0.5192307692307693 6.358742995572795e-17 0.5192307692307693 6.666363732490868e-17 0.5694690480769231 0.18759794951923084 0.5694690480769231
0 0.2437425391545107 0.6139072356882618 0.2187298476510908 0.5182023767884245 -0.025012691503419893 0.5819050665809319 3.416070845000482e-17 0.6776099254807691
0 0.7716192566246308 0.62249516228373 0.6890252293080781 0.6043571593838138 0.682564265127641 0.6337780970115594 0.7651582924441936 0.6519160999114756
0 0.7497792493621928 0.5917768799438371 0.6929634161490099 0.5817587161475574 0.691293721939134 0.5912280230659132 0.7481095551523167 0.6012461868621929
0 0.7531186362073016 0.57283827110887 0.696302804489544 0.5628201057265488 0.6946331104811954 0.5722894097536003 0.751448942198953 0.5823075751359214
0 0.8003218931824552 0.5543110987967093 0.7032616634615386 0.5371967620192308 0.7011744658901071 0.5490338479893195 0.7982346956110238 0.566148184766798
0 0.8084049347407192 0.538669825015113 0.707420710358089 0.5160927162117098 0.7051582483282727 0.5262123898716832 0.8061424727109029 0.5487894986750863