0 0.05978744091796876 0.07529087971130713 5.204170427930421e-18 0.06622097032878908 -0.0018699361277197193 0.09946860751715314 0.057917504790249034 0.10853851689967121
0 0.8155594326447904 0.1393263013073653 0.8097233253401905 0.0773760344499328 0.783132583984375 0.08413277947072974 0.7889686912889748 0.14608304632816227
0 0.9077994849194567 0.11158127928040842 0.8520681808986967 0.07983052095450945 0.8450048532827121 0.1132716899633887 0.9007361573034721 0.14502244828928768
0 0.9264847857094165 0.20964205933091667 0.8714189821644017 0.1728218453093517 0.863402443359375 0.20515957818765057 0.9184682469043898 0.2419797922092155
0 0.944784576171875 0.3009663592622296 0.8908233016181022 0.26070457053925183 0.8808294936871738 0.29683283753289946 0.9347907682409465 0.3370946262558772
0 0.9650750156526531 0.3748818895457783 0.9381931536412694 0.34849363809161327 0.9155540175781248 0.4107001114675223 0.9424358795895085 0.4370883629216873
0 0.9509948626761071 0.5011932677917142 0.8971514151516691 0.46087831750475355 0.8871274111001918 0.496988938908243 0.9409708586246298 0.5373038891952037
0 0.87250909765625 0.5705316166800322 0.8291899533487879 0.5537191189211386 0.82441065670971 0.5869344521997393 0.8677298010171721 0.603746949958633
0 0.8019139289168437 0.4077465613734367 0.7973482700415444 0.3587455280283572 0.7294924809299435 0.37579897300629783 0.7340581398052428 0.42480000635137727
0 0.7813114597040098 0.34938259186223347 0.7648996281405712 0.26888528949147206 0.7228475874023436 0.29201071852445876 0.7392594189657822 0.37250802089522017
0 0.7679825849929495 0.2753389578034203 0.7605014540127791 0.19971717456178065 0.7112551147460936 0.21285795910184438 0.7187362457262639 0.2884797423434841
0 0.7500866360815035 0.20950500780735254 0.7392966632615472 0.12940242651867748 0.6959716297881544 0.14514369563984025 0.7067616026081107 0.2252462769285153
0 0.28567008805052874 0.9696408249496228 0.21984219593175205 0.9169129320004294 0.2158288731322231 0.9304274518903638 0.2816567652509998 0.9831553448395571
0 0.4308822558593752 0.8277576696070571 0.3972155161613156 0.8013682662953812 0.39470579600710515 0.8100044880745361 0.4283725357051647 0.836393891386212
0 0.6462392250976563 0.5894145950280676 0.4894819072265625 0.5894145950280676 0.4894819072265625 0.613624261427426 0.6462392250976563 0.613624261427426