0 0.29739427001953117 0.34537619242902223 0.2859752001953124 0.31546408911671936 0.24186828469924637 0.35938909835314764 0.2532873545234652 0.3893012016654505
0 0.15996437591521181 0.12314490972401447 0.13101521630859378 0.08330993769716089 0.11630196779174806 0.1112033349642613 0.1452511273983661 0.15103830699111487
0 0.11338266289152248 0.10773902448191698 0.09475109620784655 0.09610945558842063 0.0808523376131991 0.15419702022322293 0.09948390429687501 0.16582658911671927
0 0.11343091845703128 0.281898119873817 0.07253872395617703 0.2751127384834482 0.07197586474609377 0.2839615985804416 0.11286805924694802 0.2907469799708105
0 0.08590165401754898 0.3113927561234304 0.06140131409409522 0.3016852672755905 0.059842389648437515 0.31194914984227134 0.08434272957189129 0.3216566386901113
0 0.980945427734375 0.33448436829653005 0.9790810109052407 0.2977517175945173 0.8348189472477411 0.3168530773139873 0.8366833640768754 0.3535857280160001
0 1.002509786162536 0.33162908696123816 0.9999999999555036 0.28218144234100107 0.9579548870343192 0.2877485297423025 0.9604646732413518 0.33719617436253957
0 0.9445441620192415 0.28587210908446725 0.7904581461603665 0.11603489322707324 0.7413462014594188 0.23227042129406875 0.8954322173182938 0.40210763715146275
0 1.0215361073575697 0.21983267981467708 0.8936363398134802 0.07885855758332345 0.8514439405786547 0.17871727309180044 0.9793437081227442 0.31969139532315405
0 0.9836003500976562 1.8146210315881397e-16 0.8512235361328124 1.683701790500244e-16 0.8512235361328124 0.10605919164037873 0.9836003500976562 0.10605919164037873
0 0.9305807006367367 0.11580646114880609 0.7164115094970915 -0.10731721797463925 0.6666320086463394 0.01733019493804901 0.8808011997859846 0.24045387406149435
0 0.8113094147220155 0.1746515089714124 0.6365977839971945 -0.012787805908246646 0.6225828078458941 0.02129025617447113 0.797294438570715 0.20872957105413018
0 0.6751112669267325 0.753495926519878 0.5529618304360762 0.5645549117598898 0.32843751981288505 0.9432154024951471 0.4505869563035415 1.1321564172551355
0 0.7372177261732167 0.999082738658437 0.6923610636587325 0.5774782924305505 0.5601593706283282 0.6141710363266918 0.6050160331428123 1.0357754825545784