0 0.591710238396474 0.2962538921612834 0.4433849182547751 0.29129911171954775 0.4415184298583011 0.436143560753233 0.5898437499999999 0.44109834119496866
0 0.420813731225405 0.2889390143652152 0.36419879554697293 0.28707267086310073 0.3618809589843751 0.4693396226415094 0.4184958946628072 0.47120596614362387
0 0.34179064724708036 0.282410838239728 0.269758044921875 0.2783315856918239 0.2656048460107253 0.4684468224963125 0.3376374483359307 0.4725260750442165
0 0.25973964174280045 0.2775121160976324 0.18874999755859379 0.2741980416666667 0.18523582221194881 0.46933604233841414 0.25622546639615545 0.47265011676937985
0 0.82266534165202 0.1992021538766819 0.817644802912572 0.14921374900254497 0.6924181362304688 0.18181719811320754 0.6974386749699167 0.23180560298734446
0 0.3160818640442217 0.8486838591591986 0.31039935632435645 0.7931996634055853 0.15102493811612316 0.8355127818312788 0.15670744583598842 0.890996977584892
0 0.9200434677734374 0.6261402578616353 0.9193171527749682 0.6178870119800924 0.909463485759902 0.6201349472048142 0.9101898007583712 0.6283881930863571
0 0.9167224120976835 0.6110895930257647 0.8985398644613556 0.5543749469437211 0.8896264033255322 0.5617827864560817 0.9078089509618601 0.6184974325381253
0 0.7321533659586392 0.7216590837694934 0.6680707768520572 0.5357790429749831 0.628388050394834 0.5712435948273747 0.692470639501416 0.757123635621885
0 0.7786824482421874 0.7110113710691826 0.713936701476608 0.5136135236757904 0.6806825029777424 0.5418884185367835 0.7454282497433216 0.7392862659301757
0 0.8314821842486211 0.6835521997184913 0.7703054605091566 0.4959482708309883 0.7614967800695471 0.5033945758613432 0.8226735038090117 0.6909985047488462
0 0.8161806337890625 0.6877226132075474 0.7543343843272445 0.4941451376268145 0.7201214715848792 0.5224808592740389 0.7819677210466971 0.7160583348547718
0 0.8742919491271868 0.6632431355479634 0.809061279388132 0.4643691782862589 0.7758073870623714 0.49264414421034075 0.8410380568014262 0.6915181014720452
0 0.9112061706343166 0.6381730939014034 0.8467231193451643 0.4415796371187028 0.8131632856659314 0.470114908187476 0.8776463369550838 0.6667083649701766
0 0.9772227529296875 0.556264754716981 0.963358221827502 0.45453365673646495 0.9214499638671875 0.4693396226415094 0.935314494969373 0.5710707206220256
0 0.96458440222198 0.611198175855173 0.9088608737039657 0.4413110438928578 0.875199147990458 0.46993305745728714 0.9309226765084722 0.6398201894196024
0 0.8948720168572439 0.5430339969192157 0.8682855765233578 0.4619785610940836 0.8589010730813793 0.46995804913277417 0.8854875134152654 0.5510134849579063
0 0.7654350981445313 0.4824976745283019 0.764527148191175 0.47218048381792915 0.7529991030273439 0.4748103993710692 0.7539070529807002 0.485127590081442
0 0.7503662138553873 0.5090889513426533 0.7474607642628207 0.47607385685341636 0.6677963647460937 0.49424786713836466 0.6707018143386603 0.5272629616276016
0 0.6646316451891372 0.5437648351616057 0.6584616602688108 0.49173775290374855 0.5999494760742188 0.509725908018868 0.6061194609945452 0.5617529902767251