0 0.35736480102842033 0.5010619512637018 0.3375389577591469 0.392429727331132 0.2804552177336598 0.42017301151901965 0.3002810610029332 0.5288052354515895
0 0.4062351311164934 0.47943349704297755 0.38831080810546875 0.3818134334661354 0.34543217894210043 0.4027795029570224 0.363356501953125 0.5003995665338645
0 0.44050656109863057 0.6699959576725969 0.4109276420898437 0.5025845107569722 0.366545383950428 0.5234668427637265 0.39612430295921486 0.690878289679351
0 0.38382283593749994 0.6500458494023904 0.36264049959803274 0.5251752167128972 0.3028405451149039 0.552189089714975 0.3240228814543711 0.6770597224044682
0 0.8147446752929689 0.37575844701195205 0.7750439726620664 0.34590608390266203 0.7678434921875 0.37140686055776884 0.8075441948184026 0.40125922366705885
0 0.7685373617425193 0.36220432613318726 0.7460083597935039 0.33216913209970816 0.6690766655273437 0.48583919203187265 0.6916056674763591 0.5158743860653517
0 0.41892686364525894 0.7719279425862212 0.2699762084960939 0.7706961410358567 0.2699132305930226 0.7909758781309106 0.41886388574218764 0.792207679681275
0 0.3436558935546876 0.8092274366533866 0.229705638952993 0.7993299960739179 0.22824200565602343 0.8442042385884003 0.34219226025771804 0.8541016791678689
0 0.42091397336653186 0.8158514455287036 0.363531400915997 0.8098967560345304 0.36248531542968754 0.8367415776892431 0.4198678878802224 0.8426962671834164
0 0.3711680991210939 0.9103104964143427 0.2211016523437501 0.8984266796812748 0.22090812362072296 0.9049346496149056 0.37097457039806675 0.9168184663479735
0 0.3723237895507814 0.8996168589641435 0.2222560087890626 0.8877320589641434 0.2220624656247594 0.8942400339137098 0.3721302463864782 0.9061248339137098
0 0.3700124306640626 0.9210051354581673 0.21994596191406254 0.909120317131474 0.21975242034127085 0.9156281716330477 0.36981888909127086 0.927512989959741
0 0.7693088447265626 0.8336444581673308 0.7678315686478209 0.8019111133410808 0.6220725043945312 0.8199809338645421 0.6235497804732729 0.8517142786907921
0 0.7474382734374999 0.8531905195219123 0.7468354393488297 0.8390294003966807 0.6569733877429821 0.8492164637947055 0.6575762218316523 0.863377582919937