0 0.07463337812500001 0.1533362015625 0.05219165156250001 0.15219906093749996 0.050719694714252105 0.1812484611382698 0.07316142127675211 0.18238560176326984
0 0.07291953635940021 0.19517858785132258 0.049157778125000016 0.194902009375 0.04856654480956758 0.24569679025680274 0.07232830304396777 0.2459733687331253
0 0.02677643593750001 0.33772477968750003 0.01943807217867608 0.3248888088913187 -0.007338363758823907 0.34019697920381875 2.2204460492503132e-17 0.35303295000000007
0 0.18166124062500003 0.3845730062500001 0.06348785018463683 0.3087926687376314 0.03071470240102705 0.35989977799747225 0.14888809284139023 0.435680115509841
0 0.791329506206683 0.17767212447900466 0.7161250480055327 0.1138810104672658 0.5597776285959165 0.2982017132799566 0.6349820867970668 0.36199282729169546
0 0.9473801473060469 0.05149316990160271 0.8490926964200207 -0.040178967046764755 0.6886529959859644 0.13183850414475712 0.7869404468719904 0.2235106410931246
0 1.0008062433697609 0.2924350659209238 0.8138053086994562 0.2865627605589035 0.8102430906250001 0.4000000000000001 0.9972440252953048 0.40587230536202046
0 0.1442758205454645 0.7726856483357889 0.12874239687500008 0.7705820843750002 0.12502195289203566 0.7980550938517114 0.14055537656250008 0.8001586578125
0 0.173390406892257 0.7812435656924924 0.12377347500000013 0.7527593718750001 0.11031794461715431 0.7761977089000017 0.15993487650941116 0.8046819027174941
0 0.39854969687499997 0.4903097406249999 0.39801553301442205 0.4644827193819441 0.38968706090519767 0.4646549718756681 0.3902212247657756 0.4904819931187239
0 0.4313366765625 0.46404141875000005 0.4311640583548783 0.4523236964912691 0.4088809343723997 0.4526519576359811 0.4090535525800214 0.464369679894712