0 0.40648913460714464 0.34967179481600935 0.40109082291666676 0.34956648697916676 0.39989393570535553 0.41092156195482404 0.4052922473958334 0.41102686979166664
0 0.4285739523522849 0.351218216889901 0.41063611067708344 0.35080564973958334 0.40926996555546924 0.4102037256115838 0.4272078072306707 0.4106162927619015
0 0.45139848946794675 0.35163705638493736 0.43390425390625004 0.35082383854166665 0.4311985877650693 0.4090291044698598 0.448692823326766 0.4098423223131305
0 0.42195177083333335 0.30151227734375 0.41351978818307217 0.30130112676565524 0.41273364365182214 0.3326946332760719 0.4211656263020833 0.3329057838541667
0 0.4312429118147956 0.30075608444174234 0.42267244910454155 0.3006786549416472 0.4223839695814126 0.33260967596865487 0.4309544322916667 0.33268710546875
0 0.44526348567708335 0.3014408971354167 0.4366833889989444 0.30140643487104657 0.43655787988436107 0.3326545364335466 0.44513797656250004 0.33268899869791674
0 0.45583670476814125 0.3018259903645464 0.4475807317708334 0.3014813450520834 0.44625160252352564 0.33332061510420385 0.45450757552083343 0.3336652604166668
0 0.43439842838541676 0.27036981119791664 0.43291048140701216 0.2080480401219461 0.4144661417497733 0.20848840307999172 0.4159540887281779 0.27081017415596226
0 0.41068708203125 0.2688961458333333 0.40898129985290793 0.2082692891900159 0.40026200370113457 0.2085146131406024 0.40196778587947657 0.26914146978391984
0 0.4031909869791667 0.11789176432291666 0.39946071188602117 0.05615378149215485 0.3942950136551802 0.056465898515835944 0.39802528874832577 0.11820388134659776
0 0.4259663619791667 0.11785740494791667 0.42303290883542566 0.05668903023499059 0.4049575403645833 0.057555871093749995 0.40789099350832436 0.11872424580667608
0 0.45002328515625 0.12013051432291666 0.44596218914892716 0.05320897015558209 0.42792358203124997 0.0543036328125 0.4319846780385728 0.12122517697983458
0 0.4596354166666667 0.055669940104166725 0.45109097135416665 0.055669940104166725 0.45109097135416665 0.11957459765625006 0.4596354166666667 0.11957459765625007
0 0.4304606383690164 0.1748683493248937 0.4291303946672522 0.14027698026416605 0.4106484257695559 0.14098772179854127 0.41197866947132006 0.17557909085926893
0 0.4544494626128563 0.175473197038608 0.4532854498194572 0.1409413501020961 0.4350379453125 0.14155644401041667 0.4362019581058991 0.17608829094692857
0 0.7211593463541667 0.2170542669270833 0.7199922419882915 0.2013800505541182 0.6676695232382914 0.2052760075853682 0.6688366276041666 0.2209502239583333
0 0.39642783534121845 0.8561975696755862 0.3373369891618032 0.8152962805438272 0.3155503723958332 0.8467718072916667 0.3746412185752484 0.8876730964234257
0 0.32381268294326476 0.8247533515272024 0.2774028007812501 0.7940146718750002 0.1422896958433831 0.9980111788707412 0.18869957800539772 1.0287498585229435
0 0.9094655015111185 0.9595377254113373 0.7933878636726486 0.9575457597983427 0.7926757316198704 0.9990437685874038 0.9087533694583403 1.0010357342003984
0 1.0118611893519576 0.8829053534855523 0.9116070425006025 0.8457529875649193 0.8941081504442722 0.8929730353459698 0.9943622972956273 0.9301254012666028