0 0.30588727031250007 0.2739638328125001 0.2291240305135302 0.22845757759071894 0.22052808906250004 0.24295783281250002 0.2972913288614699 0.28846408803428114
0 0.23236474614710662 0.29139292585445153 0.19152737968750003 0.26767922187500004 0.18907041565835353 0.27191035930183444 0.22990778211796012 0.2956240632812858
0 0.2423455790532362 0.27435661754851487 0.21228224668562873 0.2567878952717376 0.2098889078125 0.260883340625 0.23995224018010747 0.27845206290177715
0 0.5299551752665801 0.4000955155276976 0.5112224710736504 0.37804308759525973 0.47633400205707027 0.40767952363006216 0.49506670625 0.42973195156250005
0 0.5425021582852629 0.4226599866137833 0.5400598343749999 0.41976399999999997 0.519963837027237 0.4367119149487168 0.5224061609375 0.4396079015625001
0 0.46912926515944803 0.4311870070508892 0.44156969434466625 0.42100871114163263 0.4393756875477937 0.4269493800144577 0.4669352583625755 0.43712767592371415
0 0.46853152633230355 0.445518359568253 0.4291119273852674 0.4305188877488352 0.426523504125311 0.437321434401216 0.46594310307234715 0.4523209062206338
0 0.49925253097892314 0.45584455667751067 0.49844218125 0.45160613281249995 0.4750306480080015 0.45608221406830446 0.47584099773692473 0.4603206379333152
0 0.5240215542804153 0.45401155342100613 0.5217197859375 0.4502974703125001 0.5073682333903232 0.45919171106040413 0.5096700017332385 0.46290579416891015
0 0.35265150850440014 0.12308126021241525 0.3426688390625 0.11215449218750004 0.3203855586830998 0.13251244447508487 0.330368228125 0.14343921250000008
0 0.3753624713239444 0.14277424192323548 0.36617930625000006 0.11588181093750002 0.3524075005510557 0.12058457526426455 0.361590665625 0.14747700625000001
0 0.37684941558863144 0.19923154519205116 0.3760591515624999 0.19539086250000004 0.3480352781613684 0.20115709230794893 0.3488255421875 0.20499777500000005
0 0.3845431019049387 0.2109751627338897 0.38303159999999997 0.20669118437499998 0.36543392934506136 0.21290011226611033 0.36694543125 0.21718409062500005
0 0.8315782389287852 0.0013242945564016172 0.720914749976571 -0.01777699447033465 0.6846900706266472 0.19209100959089448 0.7953535595788614 0.21119229861763075
0 0.7162461281249999 8.881784197001253e-17 0.680019237021335 -0.0018266465130893027 0.6766749499533913 0.0644987878616696 0.7129018410570561 0.06632543437475899
0 0.518972298187442 0.7246994413633716 0.04265989979131788 0.6322222792169889 0.007566265625000091 0.8129753718749999 0.4838786640211242 0.9054525340213825
0 0.950709480368826 0.958895813336669 0.8217405710498085 0.9441771255570959 0.8157782096215875 0.9964208623547897 0.944747118940605 1.0111395501343627
0 0.9639579537967741 0.8698933558666507 0.8276434451413597 0.8479364539902697 0.81420790922314 0.9313479702199071 0.9505224178785545 0.953304872096288
0 0.8348174048564265 0.7080132973091431 0.6886251023942569 0.6967298003315067 0.6663931897253306 0.9847729936473636 0.8125854921875003 0.9960564906249999
0 1.004165176940366 0.6116405728769162 0.9705020760255548 0.6101982663392738 0.9538008936164323 0.9999999999942772 0.9874639945312434 1.0014423065319196
0 0.9714308816529933 0.6090360845530355 0.8414278201895578 0.6011413642177141 0.8267246718329119 0.8432594150577277 0.9567277332963474 0.8511541353930492