0 0.028051399414062546 0.10411580065359478 0.009175449206204556 0.10141650006158477 -0.0038106265255314024 0.3556498812133679 0.01506532368232659 0.3583491818053779
0 0.6043476918945312 0.3657426021241831 0.569367607421875 0.3657426021241831 0.569367607421875 0.3897058823529413 0.6043476918945312 0.3897058823529413
0 0.26902847338391384 0.6455360914513111 0.15841185055223334 0.6039843178937113 0.14392434821673314 0.7119588715860325 0.2545409710484136 0.7535106451436323
0 0.21440733051795507 0.8567014718392088 0.18742689331748863 0.8429630588906833 0.18015258300781253 0.882957654411765 0.20713302020827898 0.8966960673602905
0 0.1730027734375001 0.9529666176470589 0.14216937375977967 0.9390511176748401 0.13562190256837342 0.9796667541127485 0.16645530224609384 0.9935822540849674
0 0.7788897495117187 0.6789115326797386 0.7783652430369097 0.6724964556753534 0.6862372373046874 0.693584568627451 0.6867617437794965 0.6999996456318361
0 0.768495740234375 0.6395666013071896 0.7679860205312679 0.6331541802064844 0.6881423369140625 0.6509225269607841 0.6886520566171696 0.6573349480614892
0 0.7745131528320313 0.6603083986928104 0.7733338876975413 0.6455063287285471 0.6857773835820903 0.6650350806297621 0.6869566487165802 0.6798371505940256
0 0.7597204643554688 0.48624395833333334 0.7579205046880472 0.45879109668143037 0.7225886015402567 0.46527653379559225 0.7243885612076784 0.49272939544749517
0 0.6964964213867186 0.5027270130718954 0.6954702423099542 0.48596944632104183 0.6602705839839973 0.4920040355640973 0.6612967630607617 0.5087616023149508
0 0.812193044921875 0.9437464852941176 0.7531076132224119 0.9401123950128114 0.752884159177711 0.9502835433906283 0.8119695908771741 0.9539176336719346
0 0.8045363520507813 0.9208680310457518 0.7454509203613694 0.9172339406444656 0.7452274663085938 0.9274050890522878 0.8043128979980058 0.9310391794535741