0 0.3082620418044982 0.21711434627141177 0.29334140240261874 0.1082168819086914 0.272517244140625 0.11591286527666399 0.2874378835425045 0.22481032963938435
0 0.9997460810546873 0.1511752301523659 0.9950549351828181 0.15103089141524026 0.9947887960226619 0.1743618088170045 0.9994799418945312 0.1745061475541301
0 0.9874970943852392 0.14103058907431695 0.9432951313596919 0.11509018477196263 0.937876350511438 0.13999557788683256 0.9820783135369854 0.16593598218918687
0 0.943103082205829 0.10170411806243787 0.7645582168898133 -0.00934393642080896 0.7546356769997344 0.03368754146925313 0.9331805423157501 0.14473559595249996
0 0.7433669848632812 1.4538316283312647e-16 0.7022684282226562 1.4125011030548686e-16 0.7022684282226562 0.023916297514033825 0.7433669848632812 0.02391629751403383
0 0.38786292070716366 0.6205459397635787 0.3578102009584083 0.6195013801627298 0.35596017726970697 0.7630684522071522 0.3860128970184623 0.7641130118080011
0 0.643462819884855 0.7563508583054243 0.3842665967801368 0.7508921503347897 0.38371070693278614 0.8220879787481249 0.6429069300375043 0.8275466867187594
0 0.7011864810351227 0.6666377631500118 0.6643330045443314 0.6643915564802649 0.6610985210175393 0.8075314504337987 0.6979519975083306 0.8097776571035455
0 0.7374334602549237 0.6044970192979823 0.7244287704383234 0.5548875120133909 0.6986176462583511 0.5731377697551747 0.7116223360749513 0.622747277039766
0 0.9200008919600093 0.7141942521433674 0.8993574013392576 0.6474285180530347 0.8354246802237778 0.7007472353401013 0.8560681708445297 0.7675129694304341
0 0.94970756289171 0.8202680843864341 0.9482974637720593 0.7806585899239467 0.9235617329728298 0.7830338003196252 0.9249718320924806 0.8226432947821127