0 0.9926769887695313 0.49196752909090935 0.8817823619856787 0.49037077082168223 0.8816616184050425 0.5194384203114972 0.9925562451888951 0.5210351785807245
0 1.0016995256772974 0.0655704124658081 0.8959646989415709 0.05781496183432097 0.8871541084633864 0.4741956417871314 0.9928889351991128 0.48195109241861844
0 0.2490081955642613 0.9492360921943729 0.2488357040246056 0.9364033319978514 0.20243027900633717 0.9385655078309895 0.20260277054599285 0.9513982680275109
0 0.17104734324825172 0.9247476005607623 0.15661573794589062 0.9240751876920469 0.1562335766601563 0.9525066927272727 0.1706651819625174 0.9531791055959883
0 0.14642111121939452 0.9539993870870546 0.14618141262835563 0.9235169781147454 0.06665239040666383 0.9256847639438468 0.06689208899770273 0.9561671729161559
0 0.24901697447389837 0.9246052504968656 0.20136354113322152 0.9235250935180196 0.20130223754704685 0.9329000170805701 0.24895567088772372 0.9339801740594161
0 0.27650925341796884 0.9214776154545457 0.25178628013352333 0.9209172216276822 0.2516146264403857 0.947167568285736 0.2763375997248312 0.9477279621125995
0 0.30389771639898056 0.9164724580458538 0.28073473974982516 0.9159474197035999 0.2805630844681483 0.9421977670530144 0.3037260611173037 0.942722805395268
0 0.3663888959851169 0.9414534319965777 0.36613422352353425 0.9133524713782976 0.31228137764684444 0.9150442518702453 0.3125360501084271 0.9431452124885255
0 0.14436217609371485 0.9180168591505009 0.14406493278374266 0.8896654699491533 0.10357825892204783 0.8911368483563612 0.10387550223202001 0.9194882375577088
0 0.10391788097055499 0.9193038982196183 0.10357002508542225 0.890745330063545 0.06539300892161004 0.8923572350620081 0.06574086480674278 0.9209158032180814
0 0.23639986497240545 0.8905638814062367 0.21040153828800748 0.889974572290245 0.21022988255677488 0.9162249211777539 0.23622820924117285 0.9168142302937454
0 0.17026684108949064 0.9171687704093792 0.17008303759765625 0.8890606672727274 0.15557579195424764 0.8893895050608766 0.15575959544608203 0.9174976081975283
0 0.19641985702957862 0.8596530790979778 0.18478014779370414 0.8593892395372671 0.18464527587852547 0.8800144446036942 0.19628498511439996 0.8802782841644049
0 0.17040791265799768 0.8571882958066065 0.15460537352124074 0.8568300988890163 0.15443372203660605 0.8830799671783287 0.170236261173363 0.8834381640959189
0 0.1446359617737187 0.884713714225505 0.1444883630028531 0.8561337522387584 0.06500027357453765 0.8575567286040742 0.06514787234540328 0.8861366905908208
0 0.2456053770148648 0.8551419965533413 0.21233680652454986 0.8543878944030063 0.21215289130016082 0.8825131304878442 0.24542146179047575 0.8832672326381792
0 0.16926945703125007 0.8421602072727274 0.15478109150356692 0.8418317960547358 0.1547320473632813 0.8493318272727275 0.16922041289096446 0.849660238490719
0 0.19966146582031255 0.837223129090909 0.18518603657728575 0.8368950132469598 0.18513699276065917 0.8443950439814377 0.19961242200368598 0.844723159825387
0 0.19836873632812502 0.8259423527272727 0.18535016728174947 0.825647260026844 0.18530112352219055 0.8331472912775578 0.1983196925685661 0.8334423839779865
0 0.14361511097007074 0.8509401576882164 0.14353357269571204 0.8220740816049652 0.06251401044265395 0.8228673829500929 0.06259554871701267 0.8517334590333441
0 0.1681027260742188 0.8215054972727273 0.15504533882102123 0.8212095245099498 0.15498403173629127 0.8305849230315983 0.16804141898948885 0.8308808957943756
0 0.2751142653625266 0.8459964903214099 0.2749377358562385 0.819000812198536 0.21132391158102942 0.8204427585565779 0.21150044108731753 0.8474384366794516
0 0.24690704807327257 0.7752872855227718 0.24682469586539 0.7626936013057726 0.1888713732574686 0.7640072381547608 0.1889537254653512 0.77660092237176
0 0.16761673046875006 0.7502338690909092 0.15310248896605713 0.749904871324927 0.15291857578557327 0.7780296287443415 0.1674328172882662 0.7783586265103237
0 0.1431904839633319 0.7788104474423532 0.14299613947629305 0.749090329816546 0.06058279229493893 0.7509584025825712 0.06077713678197778 0.7806785202083785
0 0.24700289677528287 0.7482825235762719 0.1878132567386726 0.746940848267378 0.1877274280580821 0.760066027479201 0.24691706809469235 0.7614077027880949
0 0.27435457967584553 0.7489024999812304 0.2470028961654787 0.7482825151271543 0.24683124073642423 0.7745328628420666 0.274182924246791 0.7751528476961428
0 0.209919529816356 0.7424684603469116 0.20975275803050383 0.7300612463532301 0.1834389778091064 0.7312872904310805 0.18360574959495857 0.743694504424762
0 0.24443569729886155 0.7409865653345047 0.2442742980659775 0.7289790497312175 0.21234240747876887 0.7304668597311346 0.21250380671165292 0.7424743753344217
0 0.1679926830834357 0.7164870096744018 0.15207370728480157 0.7161261724667337 0.15188979199638925 0.7442514085070123 0.16780876779502338 0.7446122457146804
0 0.14231688234093348 0.7454454274130523 0.14207775546737203 0.7150350736958407 0.06082622362229674 0.7172497640081025 0.06106535049585821 0.747660117725314
0 0.2431390726919221 0.7163151983780635 0.2113269875679386 0.7155941076713482 0.2112534199214735 0.726844395515947 0.243065505045457 0.7275654862226624
0 0.20559159873280025 0.7154641051989099 0.18244155878608753 0.7149393589480749 0.18235573095703128 0.7280645327272727 0.205505770903744 0.7285892789781075
0 0.20296973144531252 0.6985272227272729 0.18125030399164324 0.6980349064227864 0.18118899999659832 0.7074098241565699 0.2029084274502676 0.7079021404610565
0 0.24197338183593756 0.6975361581818181 0.20875656243908963 0.696783228549868 0.20870752169386997 0.7042827793484684 0.2419243410907179 0.7050357089804186
0 0.14124917887928815 0.7114922588708463 0.1410586858101781 0.6823610840947227 0.06252601690584746 0.6841411909450051 0.06271650997495751 0.7132723657211287
0 0.16708033984375004 0.6827114272727273 0.15246259483342128 0.6823800852203081 0.1522909428710214 0.7086299536474299 0.1669086878813502 0.708961295699849
0 0.24357588425588506 0.693364452815976 0.24348609046670905 0.6792778776767652 0.18127848337302402 0.6806524225191424 0.18136827716220003 0.6947389976583532
0 0.14040673682891 0.6770929241345257 0.14004747650334487 0.6475980630382739 0.06138400834170446 0.6509193815654922 0.061743268667269605 0.680414242661744
0 0.16609000146484382 0.6489335990909092 0.1501972658002646 0.6485733557609034 0.15002561026087755 0.674823703971545 0.16591834592545676 0.6751839473015508
0 0.33342222638952473 0.6489762119151032 0.30614817183800414 0.6483579853477032 0.3059274751090864 0.6821078838467146 0.333201529660607 0.6827261104141147
0 0.27207943356605835 0.6700054403593374 0.2714997440268183 0.6432991676698923 0.18001948391866618 0.6501822681478667 0.18059917345790621 0.6768885408373119
0 0.23963628067578968 0.5924328078169381 0.23936859538492855 0.5668905446258974 0.14834071634786744 0.5701973915378366 0.14860840163872857 0.5957396547288772
0 0.13378944931818126 0.59539529324166 0.13345739194642617 0.5531668510332963 0.0716046714147781 0.5548527882823844 0.07193672878653318 0.5970812304907479
0 0.3670009138300279 0.5877203011967841 0.36662704698345155 0.552046325867651 0.2910660579948311 0.5547912959483826 0.29143992484140746 0.5904652712775157
0 0.23829032031250005 0.52 0.14868347314453131 0.52 0.14868347314453131 0.5477318927272727 0.23829032031250005 0.5477318927272727
0 0.13292930273437506 0.52 0.07090332714843753 0.52 0.07090332714843753 0.5436646936363636 0.13292930273437506 0.5436646936363636
0 0.9006382851562499 0.7044566336363638 0.8596432263010126 0.6997936862065575 0.8581033350598876 0.7467220679039955 0.8990983939151248 0.751385015333802
0 0.9296011943359372 0.6610326345454547 0.92739677607948 0.6330449118335693 0.8594995644531247 0.6515824863636365 0.8617039827095819 0.6795702090755218
0 0.8374391459960935 0.6379032072727274 0.8352968598761997 0.6104489359168371 0.7639998139623996 0.629733668555604 0.7661421000822933 0.6571879399114942
0 0.7446177070312501 0.6086804381818183 0.7414987232072919 0.5785370738524299 0.6720219868164062 0.6034563454545454 0.6751409706403644 0.6335997097839338
0 0.6493997822265624 0.5794258172727272 0.6470294126966376 0.5494880292757812 0.5769295561523438 0.5687272736363636 0.5792999256822685 0.5986650616333096
0 0.5438848032226563 0.5810656781818183 0.5410614841801914 0.5508372570748565 0.4713448583984375 0.5734084954545454 0.47416817744090245 0.6036369165615071
0 0.4323358798828125 0.6367780736363637 0.4304449846317029 0.6081675254790783 0.37019825709264037 0.6219697563881691 0.37208915234375 0.6505803045454546
0 0.621861349609375 0.7001428772727274 0.5541107001399861 0.6828100150460564 0.5497430004395318 0.7419894048810018 0.6174936499089207 0.7593222671076728
0 0.6956643017578125 0.7224198318181818 0.6263120241100817 0.7020041869575745 0.6212518735351562 0.7615890027272727 0.690604151182887 0.7820046475878801
0 0.7664392680664063 0.7373550481818184 0.6973392587651885 0.7273346293690847 0.6948610314056792 0.7865736559736181 0.763961040706897 0.7965940747863519
0 0.8402003911132812 0.7614568200000001 0.7735149363405639 0.7409684719768945 0.7681705034179688 0.8012661154545456 0.834855958190686 0.8217544634776512