0 0.27970201654908106 0.4960697185713348 0.2169935478515625 0.10943938827838831 0.18487881691027175 0.12776038896224431 0.2475872856077903 0.514390719255191
0 0.5413045462037399 0.3181153846441912 0.48001919948183114 0.24035687120081833 0.3924392900608338 0.483145206697602 0.4537246367827425 0.5609037201409749
0 0.5180013725585937 0.1997770586080587 0.5038938957012278 0.18446799694823962 0.4861167018781776 0.24208870751912406 0.5002241787355435 0.2573977691789432
0 0.541544861328125 0.21063781868131884 0.5302086101774359 0.19353569492721628 0.5055128402940646 0.2511136997601673 0.5168490914447536 0.26821582351426987
0 0.5609401087423673 0.21832046843391054 0.5487706287732669 0.20133011858554659 0.49617718847656245 0.3338301272893774 0.5083466684456629 0.35082047713774134
0 0.5793503481445312 0.22225660897435906 0.5654823925424395 0.2041733330401917 0.5156001475891198 0.338727128234142 0.5294681031912115 0.3568104041683094
0 0.13002783740234375 0.8938284734432234 0.11428734529634016 0.8679800056248402 0.10653616541910724 0.8845822171966397 0.12227665752511083 0.9104306850150228
0 0.19087290673828122 0.8853414862637364 0.18987861638933076 0.8700990841085242 0.1658983483613863 0.8756011839756782 0.16689263871033677 0.8908435861308904
0 0.1271413410883007 0.8648717159079101 0.1262440843656944 0.8523341033314439 0.09577808972722728 0.860002981960532 0.09667534644983358 0.8725405945369983
0 0.9815635205876341 0.834746259637521 0.9142009548079985 0.8173965684718448 0.9122422596172594 0.8441456181330693 0.979604825396895 0.8614953092987455
0 0.9486914146804457 0.8251879290816276 0.9463917115692896 0.7861443291384081 0.8382266482265558 0.808553384802885 0.8405263513377119 0.8475969847461045