0 0.3848972593456697 0.4080621792857218 0.3240868183593751 0.3959071796875001 0.31795213025399005 0.42659850846849134 0.3787625712402847 0.43875350806671304
0 0.38052205785386 0.38541026919524407 0.3349477375052764 0.37617921787765557 0.33329860937500005 0.38432107421875 0.37887292972358366 0.3935521255363385
0 0.20752760156250002 0.13048377148437504 0.1069739378092744 0.10731126893310951 0.10295151953125001 0.12476596093750003 0.20350518328447564 0.14793846348876558
0 0.1393994426816785 0.15431557447602293 0.10022829767596418 0.14710153085039393 0.09720652686928571 0.16350928059312106 0.13637767187500005 0.17072332421875006
0 0.240082533203125 0.11282011718750004 0.16473768891818927 0.05172120485703622 0.15268034785300955 0.06658985718480231 0.22802519213794528 0.12768876951526614
0 0.288312625 0.09817962304687496 0.2216186384265508 0.03203562776383946 0.20597952196126215 0.04780478442111935 0.2726735085347113 0.11394877970415485
0 0.344364048828125 0.15023158203124998 0.28261249895624574 0.09587293593724848 0.25821631810495527 0.12358705478996386 0.3199678679768345 0.17794570088396533
0 0.36210754296875003 0.27056386132812504 0.3338405347984911 0.26582764773684064 0.32371550195312504 0.32625659179687505 0.351982510123384 0.33099280538815945
0 0.3071399450900358 0.2676993816210036 0.17025214665173238 0.14284306372373445 0.12929134394127761 0.1877509562495518 0.266179142379581 0.31260727414682093
0 0.7899323828125001 0.23588147265625015 0.3886113344826495 0.16538422899113203 0.37331271396295335 0.2524749875196519 0.774633762292804 0.32297223118477003
0 0.8136672730995869 0.5449009275463417 0.509992031839532 0.4824172788090583 0.4745610022460999 0.6546147525052058 0.7782362435061547 0.7170984012424891