0 0.8471711630859373 0.11469350483870981 0.7840160401234303 0.06837247630720887 0.7698748603515623 0.12096603629032263 0.8330299833140693 0.16728706482182357
0 0.350857173828125 0.9803273983870968 0.33644134383657365 0.8813864180147958 0.2900135884174292 0.899839022147015 0.3044294184089805 0.9987800025193161
0 0.2993938369140625 0.9891879258064517 0.2849780040399893 0.8902469405966803 0.23855024864206797 0.908699547507967 0.2529660815161412 1.0076405327177382
0 0.20637499316406255 0.9105510629032257 0.02531698681640632 0.9105510629032257 0.025316986816406324 1 0.20637499316406255 1
0 0.4634838941770415 0.9609362726089915 0.4565695783660062 0.851388348462714 0.37092450708985336 0.8661340000819316 0.37783882290088855 0.9756819242282091
0 0.4605782787466656 0.8388330864349708 0.45996093750000006 0.8290521467741936 0.4509239447508365 0.8306080593212278 0.4515412859975021 0.840388998982005
0 0.46107215971344945 0.818973596654454 0.4599609374358664 0.8013678054355053 0.44698901123046875 0.8036012048387096 0.4481002335080518 0.8212069960576582
0 0.4610721569841728 0.7912887524432962 0.45996093750000006 0.7736829612903227 0.44305400422196695 0.7765938504917557 0.4441652237061397 0.7941996416447293
0 0.4612713064245327 0.7635701247038615 0.4597896724201609 0.7400955669661312 0.43827584288091775 0.7437996249402034 0.43975747688528954 0.7672741826779337
0 0.10217073486328127 0.8965860056451612 0.09537988166662503 0.7889941687218331 0.005079995605468748 0.8045412459677421 0.011870848802124974 0.9121330828910703
0 0.4581656650390624 0.7304874411290323 0.4577952790896285 0.7246191786928188 0.4360272905273437 0.728367008064516 0.4363976764767775 0.7342352705007295
0 0.4481296318359375 0.8488862733870967 0.4404745120273267 0.7276013208625174 0.34729697363281253 0.74364385 0.35495209344142337 0.8649288025245793
0 0.20154843457031252 0.8794759862903225 0.19463411995131052 0.7699280622349991 0.09546133816058086 0.7870027989093428 0.10237565277958285 0.8965507229646661
0 0.23131631607918587 0.7477926612801972 0.22687139900891629 0.6773689944828734 0.1539207694730461 0.6899290224649354 0.15836568654331568 0.7603526892622591
0 0.14585433877388543 0.7605294432268138 0.14153288389040308 0.6920618646315765 0.06873988468344844 0.7045947527302823 0.0730613395669308 0.7730623313255196
0 0.02748298779296876 0.7710218967741935 0.007838244870462072 0.636193026157257 -0.01795491358923157 0.6464444576474238 0.0016898293332751196 0.7812733282643601
0 0.7694967847453746 0.9134714529839001 0.7633331162685961 0.8565224699512782 0.6015278657226563 0.9042932620967742 0.6076915341994349 0.961242245129396