0 0.282147560546875 0.383589505859375 0.24693070574131454 0.3756224757696507 0.243799880859375 0.389461736328125 0.27901673566493546 0.3974287664178493
0 0.31590090625 0.394604513671875 0.2878023068084273 0.3890966819007217 0.28440610212204875 0.4064226640783076 0.3125047015636215 0.4119304958494609
0 0.35437979296875005 0.3947154902343751 0.3316148285755235 0.38912508532380696 0.32917099804687505 0.39907672851562503 0.3519359624401016 0.40466713342619315
0 0.3113302271384047 0.47463552202421994 0.3105383671875 0.43052032226562503 0.1537405494772127 0.43333481506886423 0.15453240942811736 0.47745001482745913
0 0.316399391548674 0.5507650133466134 0.3157156422310364 0.5071251612191859 0.16669508984375 0.5094600156249999 0.16737883916138765 0.5530998677524274
0 0.319449416015625 0.6263204218750001 0.31726371639640427 0.5835439543541211 0.173563048828125 0.5908864609375001 0.17574874844734573 0.6336629284583791
0 0.32390679296875 0.70193398828125 0.32292578690218243 0.6574583682301482 0.17993055859375004 0.6606124375 0.18091156466031758 0.7050880575511017
0 0.3291335625 0.7707986230468751 0.3263197641433176 0.7246986638463814 0.17975990618639137 0.7336442224678386 0.18257370454307376 0.7797441816683323
0 0.609375 0.71593366796875 0.5568664609375 0.71593366796875 0.5568664609375 0.761887271484375 0.609375 0.761887271484375
0 0.6108599753159992 0.688858748944515 0.608165040359244 0.6439412942487515 0.5530435585937501 0.6472484453125001 0.5557384935505054 0.6921659000082638
0 0.6004641953125 0.6089794628906251 0.5943221418493083 0.5636764842995838 0.5541888313024333 0.5691176483620837 0.5603308847656249 0.6144206269531249
0 0.588996353515625 0.5341598378906249 0.5872855980161621 0.49154394853121425 0.5506670159849121 0.4930139504843392 0.552377771484375 0.5356298398437499
0 0.58084525 0.4588721035156251 0.576206087535471 0.42586275033754006 0.5486623218000345 0.4297337745118777 0.5533014842645635 0.46274312768996273