0 0.1403725986328125 0.539873579652997 0.09156360462311014 0.33077246118278925 0.07120537464264139 0.3431691275865747 0.12001436865234374 0.5522702460567824
0 0.08136243505859378 0.5993690851735016 0.057434108329138256 0.4955330663224632 0.05159884975856585 0.4990409550127965 0.07552717648802137 0.602876973863835
0 0.10047239111328127 0.5637048115141956 0.08146382041563678 0.4817925351045234 0.07573039259145063 0.48526338805348584 0.09473896328909512 0.5671756644631581
0 0.3110357060546875 0.33848618611987386 0.29643330126953127 0.31042557807570986 0.26775776673842105 0.3493534107921395 0.2823601715235773 0.3774140188363035
0 0.3101761014332211 0.27854913673622 0.2775243601070478 0.24542925097633675 0.26690134326171877 0.27274963406940067 0.2995530845878921 0.30586951982928395
0 0.20562254723977363 0.20917584500520583 0.20035218701171875 0.20659514432176665 0.18842557434225768 0.2701342614616713 0.19369593457031253 0.27271496214511043
0 0.1915978079440281 0.186447429919952 0.18565719189453125 0.18201740536277608 0.1750824499228892 0.2190101476766862 0.18102306597238604 0.22344017223386212
0 0.9953991640624998 0.35592046845425884 0.9761971417943147 0.3526287194964189 0.968158295540375 0.47495939741495924 0.9873603178085602 0.47825114637279914
0 1.0357964130267834 0.05270936384420317 0.9508889813961208 -0.012839833384201521 0.8303949427569172 0.3943203350015187 0.9153023743875799 0.4598695322299234
0 0.2686899021523687 0.8299932619629629 0.26853615869140623 0.8220674100946372 0.23225582636325634 0.8239032861442929 0.2324095698242188 0.8318291380126184
0 0.9389219755859376 0.7653260757097794 0.8910885195808509 0.7616019263945758 0.8908546289060577 0.7694387302903589 0.9386880849111445 0.7731628796055625
0 1.0029936866760332 0.6682033239267787 0.894980928616613 0.6597938169032431 0.8919872418991266 0.7601010535136764 0.9999999999585467 0.7685105605372121
0 0.9197152348632814 0.6554357776025239 0.90198362308227 0.6540552555612132 0.9018432911280251 0.6587572578908939 0.9195749029090365 0.6601377799322045
0 0.8999403680382826 0.6509508069856443 0.7668175594280375 0.6128064652830765 0.747667153455998 0.7871563763201254 0.880789962066243 0.8253007180226932