0 0.441743231223648 0.40025916407985995 0.4283687911011756 0.3066321158314575 0.39481434044890007 0.3133364682541234 0.4081887805713725 0.40696351650252593
0 0.4049770863504674 0.4088569829958624 0.39328056662942407 0.3270835617090067 0.3688925086551265 0.33196282362204727 0.3805890283761699 0.4137362449089029
0 0.4327440409970229 0.6052613538517126 0.40908157957418917 0.42832593625621895 0.383914487796346 0.4330336559888471 0.4075769492191798 0.6099690735843407
0 0.4597165358190516 0.5291599281795488 0.4444917320837619 0.42001572508849055 0.41186283274939745 0.4263820071451622 0.42708763648468717 0.5355262102362205
0 0.7922312742087315 0.45547133313795457 0.6922705652463383 0.4528627228346459 0.6920032467866725 0.4671905883269191 0.7919639557490655 0.46979919863022784
0 0.7942094858035131 0.4108408422852859 0.6933236271637817 0.4073240700787402 0.6925927325719864 0.4366514474784938 0.7934785912117178 0.44016821968503955
0 0.7931793435419441 0.3769245393700788 0.6939565992010651 0.3735506913385827 0.6935818134430677 0.3889677391986802 0.7928045577839467 0.3923415872301763
0 0.36293870140804885 0.9005885654009851 0.3614533638322673 0.8819592628359013 0.21176022436750994 0.8986533582677165 0.21324556194329153 0.9172826608328005
0 0.8614683049267642 0.9334573826771654 0.8522499436653111 0.8624520281129673 0.6759334760319574 0.8944695653543306 0.6851518372934103 0.9654749199185287
0 1.0043125203609409 0.9806454105033259 1 0.9188548897637795 0.7694474083309848 0.9413615852631781 0.7737599286919256 1.0031521060027246
0 0.7664057143808256 0.9227624251968505 0.5721075213049269 0.9227624251968505 0.5721075213049269 1 0.7664057143808256 1