0 0.5062717307431576 0.04748516566967173 0.4909932547121336 -0.01341996164966608 0.4701046486349849 -4.598982108479613e-17 0.48538312466600897 0.06090512731933777
0 0.4789008346814965 0.06742867799352749 0.45824498314730455 -0.015529067858086752 0.43378886645379044 0.00006607263655303564 0.4544447179879824 0.08302381848816727
0 0.9342321897301492 0.15121152234731028 0.9338898349631231 0.13344282728974435 0.8669304115812069 0.13674688925359035 0.867272766348233 0.1545155843111563
0 0.8438828412175533 0.1567147674620108 0.8429542428259482 0.12045655648648247 0.784765659521174 0.12427314177719316 0.7856942579127791 0.16053135275272148
0 0.7708142868374538 0.18236536119179048 0.7705246586614811 0.14449452695114426 0.7126738217734291 0.14562760862653154 0.7129634499494018 0.18349844286717773
0 0.37665574693056275 0.45553725529703915 0.37467145300679977 0.44779403391865175 0.36113244558565794 0.4566796344720267 0.3631167395094209 0.4644228558504141
0 0.39639281066248805 0.4554436328158595 0.39594339063133394 0.443128395590529 0.3818354590267195 0.44444692135990044 0.3822848790578736 0.4567621585852309
0 0.3497388259929047 0.44197598882946454 0.33932475674084944 0.416309111156135 0.33038464768054326 0.42559890059307565 0.3407987169325986 0.4512657782664052
0 0.39730560233915474 0.4221736076227169 0.3866117266599989 0.39581765174571837 0.3804655800083941 0.4022043281292169 0.39115945568754995 0.42856028400621543
0 0.7389194554841274 0.5307776143456746 0.7147770833035436 0.4939337970638175 0.6029758949001465 0.6815530376955388 0.6271182670807302 0.718396854977396
0 0.6862125297690979 0.4383519668165701 0.6504238758949187 0.38446845194450247 0.5542012349023628 0.5481434527654727 0.5899898887765418 0.6020269676375405