0 0.5507019673817627 0.12045953121867153 0.49086886197766033 0.10163985068514132 0.47086516913946586 0.33838397614503823 0.5306982745435683 0.35720365667856846
0 0.5297402270029675 0.3802828272900765 0.4879185918282528 0.37087457463733176 0.4850551790817625 0.4182568299682753 0.5268768142564771 0.42766508262102004
0 0.4360855609758721 0.3361744334486876 0.3593941122329374 0.3139302647432052 0.3535119681710119 0.38942317289757117 0.4302034169139466 0.4116673416030535
0 0.44558746192569243 0.21992445873538777 0.3687794782393669 0.1967888187022901 0.3627703476687684 0.2710524572951467 0.43957833135509394 0.29418809732824436
0 0.3793119070227498 0.0786155000000001 0.3682944419045817 0.075843589070936 0.3638668763012998 0.1413535221001212 0.37488434141946786 0.1441254330291853
0 0.3905020401617663 0.08287483081486834 0.3807667665677548 0.07973036068702302 0.3748207417952556 0.1482582158727247 0.38455601538926715 0.15140268600057
0 0.40702589762611274 0.08895678721374056 0.39468114353503747 0.08498122189527958 0.38886051082862394 0.1522623837243548 0.4012052649196992 0.15623794904281577
0 0.4552804559841741 0.10186846183206115 0.4092457270029674 0.09024983874045811 0.4043409621855039 0.16259156240744163 0.4503756911667106 0.17421018549904466
0 0.5041072817616609 0.00006857434624828047 0.4804791527973287 -0.002814886383158364 0.4794534381612783 0.028473385827993403 0.5030815671256105 0.031356846557400044
0 0.47845468298714144 1.1195322717928013e-16 0.4685084915924827 1.1077817395970162e-16 0.4685084915924827 0.02072719751908408 0.47845468298714144 0.020727197519084084
0 0.46665294460929774 1.15259794922917e-16 0.4569239659527348 -0.0009226099077370929 0.45642611679348655 0.018620183985392672 0.46615509545004946 0.019542793893129882
0 0.45566476508407516 1.066063566780233e-16 0.44670051483679524 1.0554731098945649e-16 0.44670051483679524 0.016107741412213848 0.45566476508407516 0.016107741412213848
0 0.9989372224620876 0.07909807864736837 0.8494059727195319 -0.024413803165299355 0.7560484540404326 0.4776174987513731 0.9055797037829884 0.5811293805640408
0 0.8717727359050444 0.5431545830152674 0.7436162527032072 0.48830687911042575 0.7307730816023739 0.600017415076336 0.8589295648042111 0.6548651189811776
0 0.6991747279920869 0.5673066545801527 0.6170355672850368 0.5323876337142208 0.6134919535113749 0.5634171011450383 0.6956311142184249 0.5983361220109702
0 0.7056316577645895 0.5432383291984736 0.6218219382745269 0.5090642720213696 0.6200887749752719 0.5248868435114507 0.7038984944653345 0.5590609006885545
0 0.710699403066271 0.5084214055343513 0.6244132845601656 0.4756879540889763 0.6216968728981207 0.502343308206107 0.707982991404226 0.5350767596514818
0 0.7137019940652818 0.4835875515267177 0.6240833183882165 0.44937152488996535 0.6225134040553907 0.4646783330152673 0.7121320797324561 0.4988943596520197
0 0.80725649950544 2.1695961397254967e-16 0.7184547419353692 -0.06104352719158645 0.6268831329501134 0.43484324534581614 0.7156848905201842 0.49588677253740276
0 0.2720889927786905 0.7705106825038538 0.13489419139465877 0.7659165896946565 0.13457477233357087 0.801425590908937 0.2717695737176026 0.8060196837181344
0 0.4252775400593472 0.7717648272900763 0.29262232146389716 0.7676725095419847 0.2923560163160964 0.7998072126106394 0.42501123491154646 0.803899530358731
0 0.26992027002967356 0.802502731870229 0.1411831241345203 0.7996631087786258 0.14101816206811243 0.8275029659478821 0.26975530796326574 0.8303425890394853
0 0.43118550247279924 0.8041301898854963 0.29853468144836276 0.8041163614251472 0.29853398365949035 0.8290335988423485 0.4311848046839269 0.8290474273026976
0 0.25883914836795263 0.8311659379770993 0.13041508654797235 0.8285237356870229 0.13030973336308427 0.8475857040069349 0.2587337951830645 0.8502279062970113
0 0.41374853412462914 0.8343330019083971 0.27714097164420815 0.829636856898318 0.2769707522255193 0.8480692652671757 0.41357831470594036 0.8527654102772548
0 0.9206679622867807 0.8342091372639823 0.6849137942466869 0.6599603608780387 0.6519188996847036 0.826139354536373 0.8876730677247975 1.0003881309223166