0 0.37612769341898844 0.14476833688676688 0.3707334168977973 0.09645464551918845 0.27332956156993543 0.10732989257640611 0.27872383809112655 0.15564358394398453
0 0.3874168359375 0.18289820312500002 0.38282197030634746 0.1479980312482579 0.297908171875 0.15917756054687504 0.30250303750615254 0.19407773242361714
0 0.5795749263929594 0.15841714220328318 0.5750694089229873 0.12259555072507519 0.3992852139799005 0.14470508658260064 0.4037907314498727 0.18052667806080863
0 0.507321162109375 0.12717701757812502 0.5019382775433847 0.08080115645876637 0.3866765106410054 0.09417968509698929 0.39205939520699573 0.14055554621634794
0 0.8959328982406138 0.6461511902853666 0.8870293164062498 0.622213888671875 0.7833688147237875 0.6607708561456372 0.7922723965581515 0.6847081577591289
0 0.8662621279996552 0.5860081786108198 0.8358091415097451 0.514706871361414 0.7230894137584624 0.5628497803595484 0.7535424002483724 0.6341510876089541
0 0.9874506255559805 0.41830095648969634 0.9745679333389576 0.38990342030070235 0.8709742584338281 0.4368992378445616 0.8838569506508509 0.46529677403355557
0 0.8551471269086014 0.49448005031853143 0.8220476131612435 0.42252717283097657 0.705058169545333 0.47634425190373963 0.7381576832926908 0.5482971293912945
0 0.7761272264765781 0.4155012868636304 0.7654432936049136 0.3867775075844456 0.7334229089252106 0.3986876269708153 0.744106841796875 0.42741140625000007
0 0.8303614525967508 0.368387176459444 0.82512974609375 0.331877767578125 0.8118716142542467 0.33377762453795273 0.8171033207572475 0.37028703341927177
0 0.6362805031249075 0.5011368980323657 0.621697728515625 0.39937110546875 0.5819233317884964 0.4050706735463957 0.5965061063977789 0.5068364661100113
0 0.8254885084624461 0.31499849498370824 0.8156271286904733 0.2926097781971875 0.7691388872944533 0.3130860836374935 0.7790002670664262 0.3354748004240143
0 0.7383310277599271 0.3450893781197102 0.728537158203125 0.31875853125 0.6955236792713231 0.3310380339896648 0.7053175488281251 0.357368880859375
0 0.21250465763276888 0.734191856351456 0.14295800781250012 0.6974376328125002 0.05862606139078702 0.8570112486239245 0.12817271121105578 0.8937654721628803
0 1 0.8951313222656252 0.6962036835937501 0.8951313222656251 0.6962036835937502 1 1 1