0 0.4568512030014218 0.07617195854406567 0.45573388490667144 -0.005311537166169133 0.16685361305759333 0.005287741510212493 0.16797093115234374 0.08677123722044729
0 0.31623124850506407 0.36177222136646603 0.31560448583984374 0.27845728993610225 0.17068833889727966 0.28137436968784707 0.17131510156250002 0.36468930111821085
0 0.497682029296875 0.3605755758785943 0.49749085193574794 0.2792739693635876 0.3471040887521542 0.28022020259042474 0.34729526611328126 0.36152180910543136
0 0.7972844118662736 0.3130099827243261 0.7877907188012714 0.23178086757039273 0.7682866728831016 0.23788044040956233 0.7777803659481038 0.31910955556349574
0 0.7756946728455861 0.31698273276140326 0.7592530541863924 0.1993982970832978 0.7414588203056499 0.20605601320368366 0.7579004389648436 0.3236404488817891
0 0.8900604741210937 0.2872243833865815 0.8852799680825769 0.1838977639865705 0.8381417970496761 0.18973336545983624 0.8429223030881928 0.29305998485984724
0 0.8571239067382812 0.14297438258785944 0.8440066061482789 0.0386879372363918 0.7986790942382813 0.05394355271565495 0.8117963948282836 0.1582299980671226
0 0.36193981933593755 0.7823715495207669 0.2229544817747484 0.7711106294000107 0.22183252205508558 0.8081636502237705 0.36081785961627477 0.8194245703445266
0 0.3320457412109376 0.8204640519169331 0.24605957016290264 0.8106809626450915 0.24534764306640633 0.8274241972843451 0.3313338141144413 0.8372072865561865
0 0.7537029516601562 0.8161606861022366 0.7508479045890731 0.80333528411 0.7088683550145608 0.8283405402666371 0.7117234020856439 0.8411659422588736
0 0.7871030991210939 0.8577963969648561 0.7842479704251877 0.844971346024968 0.7422686674804688 0.8699778546325878 0.7451237961763748 0.8828029055724759
0 0.771135611328125 0.8369453993610222 0.7682803893984732 0.8241199300874478 0.7263024814453125 0.8491256086261981 0.7291577033749643 0.8619510778997725
0 0.7362702211914063 0.7953747859424921 0.7334151999927889 0.7825497762045829 0.6914356409701592 0.8075555761728243 0.6942906621687767 0.8203805859107335