0 0.41066368422226524 0.4105078414758624 0.3987794848380163 0.4078539075705631 0.39347189375 0.4316210671875001 0.4053560931342489 0.4342750010927993
0 0.5289963573807094 0.4140553890351738 0.41466014544448404 0.3924869413201309 0.41004177459198166 0.41696932575355083 0.524377986528207 0.4385377734685937
0 0.5425759109375 0.33407057500000015 0.4026873593750001 0.3086396593750001 0.3982088657229772 0.33327463514234806 0.5380974172854771 0.35870555076734806
0 0.549723125 0.3182761406250001 0.4110993322022483 0.29270805430152014 0.4098939062500001 0.2992435734375 0.5485176990477518 0.32481165976098
0 0.163078714721513 0.35855202167701156 0.07214997710373094 0.34114419843936933 0.06763017831027919 0.3647531007681942 0.15855891592806123 0.3821609240058364
0 0.305748365625 0.09796066562500005 0.22499415473135032 0.08082940861248158 0.2220204109375 0.09484719687500004 0.30277462183114967 0.11197845388751852
0 0.2515868768998306 0.11797440378041635 0.22015401149832298 0.11275095296040849 0.21796604709849238 0.12591734292999218 0.24939891250000001 0.13114079375000004
0 0.3315417265625 0.08337736406249999 0.27042197355686526 0.03555763825135694 0.2609851637052191 0.0476190935924361 0.3221049167108539 0.09543881940357915
0 0.3699155140625 0.07099336875000009 0.3156449544128798 0.019017406840236516 0.3033557342027525 0.0318491627896295 0.3576262938523727 0.08382512469939307
0 0.41547656875000005 0.11184600781249998 0.3653239018102303 0.06922788448132733 0.3461968729360441 0.091736419200705 0.39634953987581384 0.13435454253187765
0 0.4936437937499999 0.1799649937500001 0.4482876153633858 0.14128461413338675 0.4295627309883505 0.16324120309142404 0.4749189093749647 0.2019215827080374
0 0.5131324515624998 0.24679933281250013 0.4595418468761718 0.1953342352334278 0.44743672187499983 0.20793930156250018 0.501027326561328 0.25940439914157254
0 0.431349271875 0.2078494359375001 0.40867298266602525 0.20445570432143428 0.40141789531249994 0.25293286093750006 0.42409418452147474 0.2563265925535659
0 0.3873418973849762 0.206325653965709 0.2761051028037175 0.10836703021276657 0.24396845323442098 0.14485976305970344 0.35520524781567975 0.24281838681264584
0 0.5560552221284146 0.22624993202012433 0.49840326836376725 0.18076750144882686 0.4873903738393971 0.19472706512998597 0.5450423276040446 0.24020949570128342
0 0.960625361771004 0.24724522594883952 0.9037072342215847 0.16126979236974912 0.729797194498482 0.2764030741807468 0.7867153220479012 0.3623785077598372
0 0.5025398582940221 0.5982904747019866 0.4436019328228918 0.558915303439734 0.3731988218750001 0.6642967703125 0.43213674734613045 0.7036719415747527
0 0.55 0.646329896875 0.4629752640625001 0.646329896875 0.46297526406250017 0.8503390828124999 0.5500000000000002 0.8503390828124999
0 0.9022962058010828 0.6374084786955458 0.7658252640625001 0.5956818203125002 0.7600284973239173 0.6146406884919544 0.8964994390625 0.6563673468750001
0 0.8929835543294182 0.6716433089671984 0.7535645406444873 0.6293331487327078 0.7475407066275693 0.6491826835155097 0.8869597203125001 0.6914928437500002
0 0.8830481984374998 0.7041877187500001 0.7465992649406621 0.6635573332242009 0.740445868065662 0.6842222722867008 0.8768948015624998 0.7248526578125001
0 0.8712175984375001 0.7380727359375001 0.734456836410759 0.6985586894002913 0.7280173301607591 0.7208462519002914 0.8647780921875 0.7603602984375002
0 0.8658774968749998 0.7731022 0.7256616250000001 0.7333207031250002 0.7193067529645047 0.7557194058663995 0.8595226248395047 0.7955009027413995
0 0.85228121875 0.807512415625 0.7162649593749999 0.7676348875000001 0.710864344187119 0.7860555748073172 0.846880603562119 0.8259331029323173
0 0.8445071781250004 0.8421127125000002 0.7044232108322148 0.8014240661625924 0.6990448789181196 0.8199407321066049 0.8391288462109052 0.8606293784440128
0 0.8336309484375002 0.875329471875 0.6960623753559385 0.8358589159835053 0.690520561857723 0.8551740575621902 0.8280891349392847 0.8946446134536853
0 0.8196055031249999 0.9121736234375 0.6880142454531071 0.869459391156667 0.681253321875 0.8902880093750001 0.8128445795468929 0.9330022416558332
0 0.66052353125 0.7611523140625001 0.55 0.7309094515625001 0.5342510591219122 0.7884644716699307 0.644774590371912 0.8187073341699307
0 0.6352906984375 0.8520682468749999 0.5500000000000002 0.8263027656250002 0.5335752034493381 0.8806732761505819 0.618865901886838 0.9064387574005819