0 0.39559050585937494 0.34637538390611905 0.39470672132810386 0.3232943246163621 0.3671187810183442 0.3264073951036227 0.3680025655496153 0.34948845439337967
0 0.10244495117187502 0.15141376110645435 0.09336865262231082 0.042305905260432854 0.06345212686832306 0.04963993937532661 0.07252842541788726 0.1587477952213481
0 0.20082115771484377 0.14659801844090528 0.1941394606257038 0.060709561783502765 0.16042732656178446 0.06843845393029 0.16710902365092442 0.15432691058769252
0 0.194023865234375 0.05037672673931266 0.19382148381390085 0.006797704588452784 0.15592854851531363 0.007316302094969971 0.15613092993578778 0.05089532424582985
0 1.000637575891269 0.33631834523836057 0.7791425746940287 0.2544957994621194 0.7784054204101564 0.260376490360436 0.9999004216073966 0.3421990361366771
0 1.0008549642293596 0.4069280378506629 0.7542577782889165 0.31465245602760733 0.7534028140595569 0.32138576101013827 1 0.4136613428331938
0 0.1748167215555544 0.9427524815998264 0.17418726568339127 0.9225124407039498 0.14915184530312453 0.9248069393682617 0.14978130117528765 0.9450469802641384
0 0.30927417168787347 0.8706376494476038 0.2892097521476739 0.8704761115053284 0.28913016677684883 0.8996077099728255 0.3091945863170484 0.8997692479151008
0 0.11864482506165563 0.8253755263306837 0.11492709511205915 0.7479313639192527 0.07649883815564339 0.7533678572086332 0.08021656810523987 0.8308120196200641
0 0.2609696666394573 0.8597132026245345 0.26015205183625695 0.7873343001889724 0.2067952603477866 0.7891105558549418 0.20761287515098698 0.8614894582905039
0 0.2732914054416892 0.9002852920673655 0.1761139239403993 0.897903681934634 0.17573361706157342 0.943634415525789 0.27291109856286333 0.9460160256585204
0 0.20067952375874115 0.84816364642635 0.18144332626538068 0.7958076238259085 0.10022191018911078 0.8837508016982852 0.11945810768247125 0.9361068242987268
0 0.5248482617187501 0.755162308466052 0.4532749136515935 0.7504009876599859 0.4483087585793521 0.970401242004817 0.5198821066465087 0.9751625628108833
0 0.6875226352539062 0.5498742665549038 0.6599369739660345 0.5462256991417622 0.6474420966796876 0.8246274979044426 0.6750277579675593 0.8282760653175842