0 1 0.25799790600522216 0.906318771484375 0.25799790600522216 0.906318771484375 0.3198218381201047 1 0.3198218381201047
0 0.6825745957031251 0.28632874499564853 0.565370265625 0.28632874499564853 0.565370265625 0.3498694516971281 0.6825745957031251 0.34986945169712813
0 0.56818006640625 0.2973606205395997 0.522819685546875 0.2973606205395997 0.522819685546875 0.349869451697128 0.56818006640625 0.349869451697128
0 1.0019591534944137 0.2522844538652629 0.9999999999999999 0.18899229590948657 0.8949334823020602 0.1993247324217098 0.8968926357964738 0.26261689037748615
0 0.8781535917968749 0.2630797040905135 0.8759814884685834 0.1929080361659116 0.7720405819127857 0.20312978085217173 0.7742126852410772 0.2733014487767736
0 0.7773076874999999 0.27161706092254134 0.7751781716855246 0.20282122397684094 0.6708789667875774 0.21307820509563402 0.6730084826020527 0.2818740420413344
0 0.67259379296875 0.2805348015665797 0.6704642662867261 0.2117386134535306 0.5081412363174151 0.22770176727803468 0.5102707629994391 0.2964979553910837
0 0.86374701953125 0.19135080243690167 0.8619582161919287 0.13356197487699628 0.7589342371301268 0.1436935479298889 0.760723040469448 0.20148237548979425
0 1.0000773653177928 0.18641474846797032 0.9983387225438194 0.12027879632684914 0.8810645038552539 0.1300735866846756 0.8828031466292272 0.1962095388257968
0 0.7629011132812499 0.19988815839860752 0.7611123099202063 0.14209933172880046 0.658646904296875 0.15217597389033938 0.6604357076579186 0.20996480056014646
0 0.6461975825620175 0.20170415441276152 0.642619986354344 0.08612685295001371 0.515741734375 0.09860430200174064 0.5193193305826735 0.21418160346448845
0 0.9888374785156248 0.11694436814621414 0.9867931373626038 0.050900192835526874 0.869413423828125 0.06244353959965187 0.871457764981146 0.12848771491033914
0 0.851515025390625 0.1304489181897302 0.8494706852174418 0.06440474730671636 0.7456299160156251 0.07461664403829417 0.7476742561888082 0.14066081492130802
0 0.7526031132812501 0.13879608181026984 0.7505587731029395 0.07275191076161003 0.6467180039011224 0.08296380749318777 0.648762344079433 0.14900797854184758
0 0.531925642578125 0.21846230809399478 0.511707506906643 0.107194686414031 0.48795948929580235 0.12090411996336194 0.5081776249672844 0.2321717416433257
0 0.9727999375000002 0.03709503046127061 0.9644532622638695 -0.0044622401645707886 0.9574602127186839 1.0971512026906303e-10 0.9658068879548145 0.04155727073555652
0 0.94079798828125 1.9598551701695404e-16 0.854899599609375 1.8661041943465106e-16 0.854899599609375 0.04639320626631872 0.94079798828125 0.04639320626631874
0 0.5174667578125001 0.07773294255874676 0.5157205534329339 0.021320299420414072 0.49825379562043387 0.02303801308446977 0.5000000000000001 0.07945065622280247
0 0.4022546528320313 0.8609591157528287 0.34143334135406156 0.7910082237038754 0.26577674023437503 1.0000000000000002 0.3265980517123448 1.0699508920489536
0 0.303600953125 0.7475167040905135 0.29749804093767834 0.6235195206137675 0.2141738798828125 0.6365486710182767 0.22027679207013415 0.7605458544950228
0 0.29527660107421877 0.5876122506527415 0.2938527437698415 0.535785285835907 0.2563716490449113 0.5390567548114897 0.2577955063492886 0.5908837196283242
0 1.0201714070688699 0.6342061629836685 0.8902312310031781 0.5681372253062903 0.8693247139581709 0.6987686493225065 0.9992648900238627 0.7648375869998848
0 0.6093571825653424 0.6414888747842703 0.5000719141935376 0.553366037898768 0.4767750094769587 0.6451551616764466 0.5860602778487636 0.7332779985619488
0 0.64496159375 0.5607738459530026 0.5000601536467765 0.44099190972718194 0.4811673823146006 0.513601985187825 0.626068822417824 0.6333839214136457
0 0.8484119439820309 0.5551431989676653 0.51335992299385 0.32937074172134523 0.4898343059236688 0.4402887731267532 0.8248863269118496 0.6660612303730732