0 0.4956009388826194 0.15896489976793649 0.47337659062500004 0.15700149531250004 0.4706378236173806 0.18800239866956364 0.492862171875 0.18996580312500005
0 0.4929410225864378 0.2019984766126933 0.4694493078125001 0.19907020781250012 0.46294363366356245 0.2512612640123069 0.4864353484375001 0.25418953281250006
0 0.567439340625 0.3946595640625001 0.5049327645961211 0.33951086330546676 0.49556442656250005 0.35012911406250014 0.5580710025913789 0.4052778148195334
0 0.256460703125 0.45602381718750007 0.23417356790641475 0.3971944957186093 0.10572906783533102 0.44585492337085775 0.12801620305391626 0.5046842448397485
0 0.3451032203125 0.4087625015625 0.33445420118794994 0.3806232201927665 0.2669388470190522 0.40617370559068744 0.2775878661436023 0.4343129869604209
0 0.4888516138774154 0.3714554668860862 0.4671569381803552 0.3123861344891076 0.3376026365152027 0.35996816133335136 0.3592973122122629 0.41903749373033
0 0.9002486994758738 0.23783130597647326 0.8592549984375 0.22585599687500008 0.8505341044348604 0.255709232269782 0.8915278054732344 0.2676845413712552
0 0.8538456148952269 0.2710226177340047 0.7930921794735454 0.14614191035123697 0.7333875935388603 0.17518769958466382 0.7941410289605418 0.3000684069674316
0 0.615707684375 0.5 0.5137845450008595 0.4779858853290787 0.48881121522139565 0.5936098933711037 0.5907343545955361 0.615624008042025
0 0.5449504407160183 0.5084892769655097 0.448107386584645 0.4768300377966618 0.37127104527252974 0.711866196475665 0.4681140994039031 0.7435254356445128
0 0.44343845000000004 0.6383972984375001 0.3403413185648977 0.6202185224262651 0.29919491093750006 0.8535717796875 0.4022920423726024 0.8717505556987352
0 0.3430342254837845 0.7780130438062188 0.24522815486402014 0.7484265273575713 0.17081675585379555 0.994413125987441 0.2686228264735599 1.0239996424360887
0 0.9637558703124999 0.8410194859375 0.9403037715016715 0.7372055390840428 0.8113601355641714 0.7663345625215428 0.8348122343749997 0.870148509375