0 0.3326646543026706 0.003133105916030611 0.29664150749119106 -0.002718265079093725 0.2957220025355232 0.018354320432894464 0.33174514934700283 0.0242056914280188
0 0.3320865989119684 0.04051982824427481 0.33112213401099905 0.01894697834051651 0.2957401781029144 0.024835421397839574 0.2967046430038838 0.046408271301597866
0 0.33230493768545993 0.06480769847328247 0.33208690203184926 0.03937708986132978 0.29615236197250205 0.0405239820369023 0.2963703976261128 0.06595459064885498
0 0.506868078140455 0.3213152118320612 0.3949090196928955 0.30174881697047307 0.38930005103772 0.4212222034939155 0.5012591094852794 0.44078859835550366
0 0.510866775469832 0.29190063072519096 0.40281574010021953 0.2730172176825375 0.40167642394746467 0.2972851308278091 0.509727459317077 0.3161685438704625
0 0.5153199302490596 0.22680568160954437 0.40619273642090853 0.2077341914784411 0.40338825147557356 0.26747088912236344 0.5125154453037247 0.28654237925346676
0 0.650378918359317 0.22533426959592223 0.5267520590020066 0.1861249201179933 0.5049996068766258 0.4414368792657516 0.6286264662339363 0.4806462287436805
0 0.3999706148806684 0.15007591341365908 0.39812378867285103 0.14797918516805153 0.3926741236399605 0.16584790458015283 0.39452094984777786 0.1679446328257604
0 0.25100192175509684 0.8718181830950212 0.21230176778856458 0.8480068797225285 0.19089563916258617 0.9775180991326847 0.22959579312911843 1.0013294025051773
0 0.35849002670623153 0.8848064627862596 0.34190424572259115 0.8746016195594447 0.32117790652818995 1 0.3377636875118302 1.010204843226815
0 0.3382507011508884 0.8782797629301201 0.2774361737047231 0.8408620064451595 0.2515257140126468 0.9976253246154404 0.312340241458812 1.035043081100401
0 0.27008944955489617 0.7563349131679392 0.134485062446576 0.7002155764048178 0.12151348664688431 0.8168948416030536 0.25711787375520456 0.873014178366175
0 0.0770393278931751 0.6898267643129771 0.036957113670026145 0.6651651160381824 -0.0034419799781321664 0.9095874936388474 0.036640234245016785 0.9342491419136421
0 0.032224179525222586 0.6753749503816794 0.0073455098845072045 0.6600676869745479 -0.023496503748877514 0.8466678675341585 0.0013821658918378695 0.8619751309412901
0 0.1368515570998363 0.7056700178243294 0.08571215877476378 0.6742051395041031 0.06486271386193021 0.8003483243127054 0.11600211218700272 0.8318132026329317
0 0.36339282100023435 0.7353771215065076 0.3011962327814424 0.697109018073013 0.2763107270029675 0.8476711765267176 0.3385073152217595 0.8859392799602122
0 0.3827209418202187 0.7382047051706432 0.36613516065814794 0.7279998626009329 0.34254071213298026 0.8707508726581507 0.35912649329505103 0.880955715227861
0 0.3871296395236072 0.579259121808879 0.3133763493028158 0.5554754469146685 0.3002916491907754 0.7065203067275242 0.3740449394115667 0.7303039816217347
0 0.15457465133531162 0.46946564885496184 0.08623276261127599 0.46946564885496184 0.08623276261127599 0.49038905534351146 0.15457465133531162 0.49038905534351146
0 0.7005507329376853 0.7653701135496185 0.6791997111935995 0.7138263724337803 0.6705741963616169 0.7271268577879552 0.6919252181057026 0.7786705989037933
0 0.6818885469831849 0.7182482480916031 0.6689581342322106 0.6667202827340812 0.6558672373887239 0.6789489332061068 0.6687976501396982 0.7304768985636287
0 0.7009776864490603 0.7206898005725193 0.6901451998693023 0.6938886484737754 0.6821502230343351 0.7059177071468216 0.6929827096140929 0.7327188592455655
0 0.7173764910979229 0.761282338740458 0.7139672359200588 0.7382049742767443 0.697322387240356 0.7473585944656488 0.7007316424182202 0.7704359589293625
0 0.7340230850642926 0.7575806345419848 0.7312996331582929 0.7361289689245621 0.7137605014836795 0.7444180524809162 0.7164839533896791 0.7658697180983388
0 0.7201637294757666 0.7188547814885499 0.7167274351656596 0.6915545648951713 0.6980778981206724 0.700292967557252 0.7015141924307794 0.7275931841506306