0 0.21043254567307704 0.7185288918269231 0.19170389653503742 0.7180663177889238 0.19076736538461547 0.7559844927884616 0.2094960145226551 0.7564470668264609
0 0.19591863013207536 0.7284233413819039 0.1955204734897598 0.6900586365498765 0.01609283459960239 0.6919207727647101 0.01649099124191798 0.7302854775967375
0 0.25146789903846156 0.56724496875 0.031169769484775935 0.5671304587997494 0.031149749563750693 0.6056454624830585 0.2514478791174363 0.605759972433309
0 0.24504828365384615 0.5510387596153846 0.24503226008431633 0.5408192469198533 0.02946071678794741 0.5411572498868801 0.02947674035747722 0.5513767625824115
0 0.7237581607090579 0.7446175097065697 0.7237377374989542 0.7077819957991642 0.5797222996652049 0.7078618442180686 0.5797427228753086 0.7446973581254741
0 0.6179060698974861 0.2935183760601105 0.6172830721153846 0.2715591778846154 0.4889966320255909 0.27519875374758185 0.48961962980769236 0.2971579519230769
0 0.6090600793269231 0.32117325961538473 0.5589431650662501 0.32038569663895894 0.5586200072115385 0.3409499879807693 0.6087369214722115 0.34173755095719505
0 0.5790548197115385 0.21094367307692302 0.5689781398791953 0.19080198420262434 0.4586212403846155 0.24601240625 0.46869792021695866 0.26615409512429866
0 0.5234370168269231 0.1754453269230769 0.5097678273727585 0.1533543960904007 0.4074169759615385 0.21668595913461533 0.4210861654157031 0.23877688996729154
0 0.43282763461538465 0.25392120673076923 0.411686096404677 0.21585190948934477 0.32150577403846153 0.26593296874999994 0.34264731224916906 0.30400226599142444
0 0.27754653938330925 0.3358664442173095 0.25506500890974176 0.29883594430244936 0.17500218749999996 0.3474427620192308 0.19748371797356745 0.3844732619340909
0 0.23075342788461542 0.40252129086538463 0.21808928909718592 0.3807694160581212 0.11465349370801942 0.44099067422567717 0.12731763249544892 0.46274254903294054
0 0.2878635985576924 0.40876616346153855 0.2531666079368743 0.4044220468575068 0.24343363701923088 0.4821604759615385 0.278130627640049 0.48650459256557027
0 0.5617252835517762 0.3602615384114468 0.5249162439720817 0.29726703910905716 0.3195102031350079 0.4172902025726867 0.3563192427147024 0.4802847018750763
0 0.17676427884615384 0.36952086778846166 0.16452182956189204 0.3461613221440448 0.05318109615384614 0.404513625 0.06542354543810795 0.4278731706444168