0 0.2826373701923077 0.24254133894230773 0.26389661788731644 0.24234713031319843 0.26350942317577797 0.27971066156319846 0.28225017548076925 0.27990487019230775
0 0.26654289692851163 0.27008318465431835 0.08736545629935785 0.2692655489821924 0.08719026124178868 0.3076579566232461 0.26636770187094244 0.30847559229537197
0 0.31798834375 0.4310218221153847 0.31774413621609326 0.39249861969535493 0.09817390210137572 0.3938905264430812 0.09841810963528239 0.43241372886311097
0 0.31103766510939096 0.45749603221419133 0.3109990649038462 0.4472730985576924 0.09498611854445525 0.44808872980503955 0.09502471874999999 0.45831166346153857
0 0.7961026268697644 0.28770447533234533 0.7959925206915217 0.2508277591781166 0.6525465077015971 0.25125605903563175 0.6526566138798398 0.2881327751898604
0 0.6740050438210271 0.7027253368222696 0.5467166634615385 0.6998509831730769 0.5462200186789729 0.7218444876969611 0.6735083990384615 0.7247188413461537
0 0.667023704326923 0.6751290504807691 0.6665812506252689 0.6545749611125433 0.6172669134615384 0.6556365168269233 0.6177093671631926 0.676190606195149
0 0.6331465504807692 0.7855856586538461 0.524216166667401 0.7307460682790745 0.513918266826923 0.7512012572115386 0.6228486506402912 0.8060408475863104
0 0.5762724663461538 0.8214245985576922 0.4757300723171506 0.7584132014768701 0.46167506971153843 0.7808396778846153 0.5622174637405416 0.8438510749654373
0 0.4883967596153846 0.7434388341346154 0.3991474455745899 0.6934065161321754 0.37747344230769236 0.7320693245192307 0.4667227563484871 0.7821016425216706
0 0.335727794326124 0.6621440331803107 0.25685933075751255 0.6137730769465823 0.23379852403846155 0.6513735408653845 0.312666987607073 0.6997444970991129
0 0.2914927548076924 0.5959443365384617 0.18976225772666605 0.5360695929391047 0.1767618079021701 0.5581580753845998 0.27849230498319644 0.6180328189839568
0 0.3488335865384615 0.5893640817307694 0.34195059430131913 0.5130388318628473 0.3069685144230769 0.5161935072115386 0.3138515066602192 0.5925187570794607
0 0.6205182516669591 0.635983525047815 0.41881923294964696 0.5168269979926104 0.3810289179279183 0.5807955412631727 0.5827279366452303 0.6999520683183772
0 0.23633526201923089 0.6292746875000002 0.12648328724859514 0.5712602149639527 0.11395406730769239 0.5949846322115385 0.22380604207832813 0.6529991047475859