0 0.41221638085937506 0.034437910112359645 0.391203614247905 0.022488057911187995 0.3656780502830612 0.14374870157089903 0.3866908168945313 0.15569855377207067
0 0.663221640625 0.3086208290529697 0.5999963007535307 0.30365354319538057 0.5988509279318159 0.34303961902170066 0.6620762678032852 0.34800690487928976
0 0.8269556811523437 0.3200744253611558 0.7384950540136813 0.31312453649920424 0.737308767526844 0.3539175282481586 0.8257693946655065 0.3608674171101101
0 0.7365875717773439 0.31297467576244 0.6652654617368693 0.3073712706585714 0.6640791752929689 0.3481642616372393 0.7354012853334435 0.3537676667411078
0 0.9911371582031249 0.2624805192616374 0.8578730833139548 0.252010659167819 0.8548460331912389 0.3561022492048736 0.9881101080804089 0.366572109298692
0 1.0004901379927138 0.15465625797904145 0.9212481416456875 0.14843062890860384 0.9181801772034617 0.2539291346923224 0.9974221735504881 0.26015476376276003
0 0.9677172882572438 0.11167475508538686 0.9356876906921001 0.0555177511025662 0.8520086586395669 0.18445785626130948 0.8840382562047107 0.24061486024413015
0 0.6713909082669437 0.0797381093464717 0.6101610396289499 0.06362190465325623 0.5875012125145558 0.29620650964109624 0.6487310811525496 0.3123227143343117
0 0.8909648162434255 0.08205907328570397 0.8220813121545243 0.06392836485018963 0.7980341278032835 0.3107530037225313 0.8669176318921847 0.3288837121580456
0 0.8191260094525389 0.06203053995285989 0.7502425060243373 0.04389983180481365 0.7248318627604436 0.3047192605911607 0.7937153661886452 0.322849968739207
0 0.7470426421423685 0.04451635234344045 0.6796893951238958 0.026788420886244477 0.6527239707031249 0.3035664125200643 0.7200772177215976 0.32129434397726025
0 0.7099491155545281 0.034549763773404595 0.6466080255176091 0.029573388979457268 0.6453399432621995 0.07317913255507356 0.7086810332991185 0.0781555073490209
0 0.645435379754126 0.02385505363529136 0.6148204448242187 0.015796947833065924 0.6096405179650762 0.0689646416423448 0.6402554528949835 0.07702274744457023
0 0.7372493969726562 1.411321813084485e-16 0.6648929301757812 1.3384985528666244e-16 0.6648929301757812 0.01798191974317831 0.7372493969726562 0.017981919743178316
0 0.34524036589168056 0.6196676135354706 0.05963139566860991 0.5856438793521891 0.055461664649290664 0.680206985033065 0.34107063487236133 0.7142307192163465
0 0.8516507456054689 0.8226419654895667 0.5996093750335125 0.7873704134782429 0.5908272425776449 0.9569099789636903 0.8428686131496013 0.9921815309750139
0 0.9567732554548924 0.6515157734060159 0.6029141299669061 0.6019954878210816 0.594261105637709 0.7690426122471321 0.9481202311256953 0.8185628978320663
0 1.0060252699347194 0.4725708708782292 0.6127046853801932 0.41752820827695514 0.6039224864015033 0.5870690498413994 0.9972430709560296 0.6421117124426734
0 1.0034870443624002 0.3868313776236933 0.6176259115130818 0.332832621512647 0.6141388671102224 0.400150214172428 0.9999999999595408 0.4541489702834744