0 0.207134329588015 0.5 0.14251647893226588 0.1542710212062476 0.08504917386812826 0.16692391506011567 0.14966702452387737 0.512652893853868
0 0.48418303081961456 0.13120829203105613 0.47553535895033083 -0.0024463441304032113 0.3108212635239747 0.010108121968621984 0.3194689353932584 0.14376275813008135
0 0.7184372268110045 0.4081745918525565 0.6514886380041639 0.04660316620290926 0.5967589102304774 0.0585409283589789 0.6637074990373181 0.4201123540086261
0 1 0.38945112296747975 0.9343475983146068 0.38945112296747975 0.9343475983146068 0.48625857012195134 1 0.48625857012195134
0 0.7894846853932583 0.49999999999999994 0.7862784775280898 0.40159911890243905 0.719483710439349 0.4041629383428856 0.7226899183045177 0.5025638194404465
0 0.7189584906367041 0.5 0.7159454578651685 0.4075278008130082 0.6940853563069953 0.40836686880229933 0.6970983890785308 0.5008390679892911
0 1.0021643311473085 0.38451157103031514 0.9991413136704119 0.291732987804878 0.9323464825231033 0.29429681108350586 0.9353694999999999 0.387075394308943
0 0.9171960163764997 0.3891049241204402 0.9139168463806024 0.28846475730798027 0.854408873273213 0.2907488832703899 0.8576880432691103 0.39138905008284985
0 0.8540843380783355 0.39274798583379256 0.8508179868913858 0.292501237804878 0.7913100138233184 0.29478536376577835 0.7945763650102681 0.39503211179469283
0 0.788574713862951 0.39742954359779536 0.7852866051470809 0.29651504036301585 0.6905593476016748 0.30015100670552414 0.6938474563175447 0.4010655099403037
0 0.9138024181495669 0.28495284220977646 0.9111078743980189 0.20225530214645762 0.8515999005705291 0.20453942847788134 0.8542944443220771 0.2872369685412002
0 1.000264670436563 0.288893121266218 0.997176283808814 0.194108111712864 0.9279527125803319 0.1967651530704535 0.9310410992080808 0.29155016262380745
0 0.8519286585402004 0.2892721420807053 0.8492304974849346 0.2064634032055299 0.7897225233557648 0.2087475245536058 0.7924206844110305 0.2915562634287812
0 0.7799525597571588 0.28209460737841 0.7745562383676159 0.11647763213001819 0.7053327226179478 0.11913467719063259 0.7107290440074907 0.2847516524390244
0 0.9970235494789846 0.18942062878303242 0.9939351586510059 0.09463562091917199 0.9259259564529495 0.09724605416768571 0.9290143472809284 0.19203106203154616
0 0.9121913910035768 0.19819264369972245 0.9090503239700372 0.10179094105691057 0.8483279782378739 0.10412167847811453 0.8514690452714135 0.2005233811209264
0 0.8490688427978431 0.20150208726699134 0.8459803142227523 0.10671289462498827 0.7864723394024373 0.10899702178889126 0.7895608679775281 0.20378621443089434
0 0.7061540450200252 0.29383769307933993 0.7017542395215275 0.11341151192760442 0.6856594157491708 0.1138738636239672 0.6900592212476685 0.29430004477570276
0 0.9932433331314091 0.07340297948831734 0.9913295355805243 0.014667114837398364 0.9864717352206507 0.014853574373471259 0.9883855327715354 0.07358943902439023
0 0.9847727738688994 0.07467035504403165 0.9822653509820903 -0.0022841315417743797 0.9227573720570112 2.0281186666847784e-10 0.9252647949438204 0.0769544867886179
0 0.7081036474368471 0.09221880762305754 0.7054697397003745 0.011382232723577234 0.6865046690425537 0.012110179165560356 0.6891385767790262 0.09294675406504065
0 0.6953176941773487 0.9850505058755774 0.6891385767599435 0.7936162849779106 0.44768309700207043 0.8027974173137152 0.45386221441947555 0.994231638211382
0 0.6885141928838953 0.7721260426829268 0.6882324400749065 0.7682253963414634 0.6855534369215128 0.7684533555874383 0.6858351897305016 0.7723540019289017
0 0.7793730605019015 0.6354807960552403 0.5818140617075945 0.39329283161265943 -0.011916998510767666 0.9638331459665298 0.18564200028353922 1.2060211104091105
0 1.0610746667738549 0.7928079204978904 0.993966697436014 0.5909013405408169 0.767874735718339 0.6794253458559347 0.8349827050561799 0.8813319258130081
0 0.8949836727721564 0.6221889604093519 0.8781385425288191 0.49163193052239107 0.7848112790262173 0.5058171138211383 0.8016564092695545 0.6363741437080991
0 0.8364142667089619 0.9498441253418352 0.769882827715356 0.5417552388211382 0.6297820900326111 0.5686622140890591 0.6963135290262171 0.9767511006097561