0 0.7991720423415896 0.07166759325602005 0.7016160277884954 0.07144292773039872 0.7008680285457837 0.3962449853931556 0.7984240430988778 0.39646965091877695
0 0.2550408804319601 0.5180193381394734 0.20255102943579115 0.5173560857237441 0.20108602986320614 0.6332962729748957 0.2535758808593751 0.633959525390625
0 0.19928132631951023 0.5164677685989548 0.14679147656250002 0.5158045156249998 0.14529523422736487 0.63421715522917 0.19778508398437508 0.634880408203125
0 0.1418787733569003 0.5150836600599943 0.08938891992187506 0.5144204042968751 0.0886083614087248 0.5761935606431308 0.14109821484375004 0.57685681640625
0 0.08484195068265762 0.48475520814562345 0.06351805441284629 0.4844857628632829 0.06271530099581372 0.5480156582332845 0.08403919726562506 0.5482851035156251
0 0.14316425511089156 0.43186472287643185 0.09060405832735437 0.4305973710164943 0.09005792273125088 0.4532469565886566 0.14261811951478806 0.45451430844859414
0 0.2874321094404324 0.42144450211500284 0.2611871633175522 0.4211128786253668 0.2586379110923254 0.6228627226371407 0.2848828572152056 0.6231943461267767
0 0.2562733216056311 0.4204839182552717 0.20378347028886032 0.4198206643510522 0.2026319182144793 0.5109543867207805 0.2551217695312501 0.511617640625
0 0.20050125976562505 0.41992187500000006 0.1463712086913542 0.41923789830587443 0.1452295485351042 0.5095891092433743 0.19935959960937505 0.5102730859374999
0 0.1464129084129252 0.45913835877818776 0.09010461132812504 0.4577806328125 0.08890311440222447 0.5076097202423853 0.14521141148702463 0.5089674462080731
0 0.9983231211240823 0.6787339123247631 0.4387234621647155 0.668966066799199 0.43306839268061265 0.9929448752696338 0.9926680516399794 1.0027127207951978
0 1.0660625506374521 0.5870614558810893 0.8862854789760944 0.2641531108561084 0.24952433376510708 0.6186656398677319 0.4293014054264649 0.9415739848927129