0 0.7728418235919234 0.17683823163418302 0.7132381344978556 0.16567362479450584 0.7111848579079999 0.18749111256900772 0.7707885470020679 0.19865571940868493
0 0.8095194098522722 0.24220363513752977 0.7391429349545432 0.22749636801848666 0.736518932525263 0.2524875813082772 0.806895407422992 0.26719484842732033
0 0.8532399283812122 0.18484649162999203 0.8202021311379972 0.15571821028315042 0.7907468184649169 0.22221297275672272 0.8237846157081319 0.25134125410356434
0 0.445928816654793 0.6348120369310919 0.35107748494136043 0.5956349082174008 0.3368518316084078 0.664185408629968 0.43170316332184044 0.7033625373436591
0 0.478147759586092 0.4109535024792525 0.24271941945410774 0.30978866561151863 0.21338354062820775 0.4456687591675368 0.44881188076019196 0.5468335960352707
0 0.9146641390693375 0.8327990400494172 0.9115654606801278 0.8323407301349326 0.9059500798467096 0.9079063145232968 0.9090487582359194 0.9083646244377814
0 0.9271797426553903 0.8370596559578066 0.9168817183846971 0.8355025262368818 0.9113178529875428 0.908739992467981 0.9216158772582359 0.9102971221889058
0 0.9401373215859121 0.8412761653321716 0.9300803198724763 0.8395313253373313 0.9238969308530817 0.9104673858687781 0.9339539325665175 0.9122122258636184
0 0.9536083910733263 0.8480952788605698 0.9434339612518279 0.8461643772197787 0.9368843108798831 0.9148547108029867 0.9470587407013815 0.916785612443778
0 0.9674763123657805 0.8518561416710266 0.9562280662711984 0.8498366041541254 0.9496600509298601 0.9226472061112846 0.9609082970244422 0.9246667436281858
0 0.972889252738617 0.8557133427589331 0.9701579452709885 0.8552385817091457 0.9639553689404481 0.926260959340018 0.9666866764080768 0.9267357203898052
0 0.9272312221041448 0.7770573613193406 0.9223900082278259 0.7763159846324957 0.9194410533925443 0.8146435333581328 0.9242822672688632 0.8153849100449778
0 0.9325978315242651 0.7772196259582138 0.9276801225026091 0.7765408702965205 0.9249351974608094 0.8161237540834345 0.9298529064824654 0.8168025097451276
0 0.9404706552733068 0.78084994151166 0.9355480740748662 0.7801937698971432 0.9329765192266393 0.8185909048472524 0.9378991004250798 0.8192470764617693
0 0.9465176557747098 0.7822342513831096 0.9417730340063762 0.7814324827586209 0.9383920286036112 0.821254750116141 0.9431366503719447 0.8220565187406298
0 0.9540088426756991 0.7867238900939039 0.9494113603988676 0.7860200931872514 0.946544405608397 0.8232953919988949 0.9511418878852285 0.8239991889055474
0 0.9598960237042468 0.7880296217989382 0.9550624638682256 0.7871763215892058 0.9515991750205146 0.8262227702550352 0.9564327348565359 0.8270760704647677
0 0.9676794188835793 0.7907514265106153 0.9627557738678233 0.7900211135962403 0.9597864538152747 0.8298650596493434 0.9647100988310308 0.8305953725637184
0 0.9729132358206605 0.7923993077716825 0.9684774126530796 0.7917703146405907 0.9655472623797093 0.8328990915765546 0.9699830855472902 0.8335280847076465
0 0.9809046765588817 0.6784621854123739 0.970915345908608 0.6773438680659672 0.9665851263104065 0.7543293490703852 0.9765744569606802 0.7554476664167918
0 0.9678863534435671 0.6749489769565284 0.9597681748380855 0.6740062197638371 0.9553204637962189 0.7502356880846702 0.9634386424017004 0.7511784452773614
0 0.9409792607167572 0.662959630212325 0.9303997457840645 0.6618259437578369 0.9261956715710268 0.7399115076984357 0.9367751865037195 0.7410451941529238
0 0.9273386704828727 0.6599773736638045 0.9223371433158175 0.6594612975278143 0.9184396726204052 0.7346407731893474 0.9234411997874603 0.7351568493253376
0 0.9340422221221569 0.47235663965494 0.9310761652359889 0.4721394766089147 0.9282620281297725 0.5486403481983527 0.9312280850159406 0.548857511244378
0 0.9474139416396059 0.4761181052580203 0.9370407747077577 0.4752389445277363 0.9337781609108722 0.551857918729986 0.9441513278427205 0.55273707946027
0 0.9606863412258947 0.4759646627088338 0.9503287417640808 0.4752088403298351 0.9472600227486007 0.5589085726734753 0.9576176222104146 0.5596643950524739
0 0.9740902753838161 0.48179608657187556 0.9633617242295434 0.48088698950524755 0.959895370737332 0.5623070176260258 0.9706239218916047 0.5632161146926539
0 0.9866505173813866 0.48489466888604554 0.9765555683323454 0.48434147352189033 0.9743144234270481 0.5657412319222017 0.9844093724760894 0.5662944272863569
0 0.9920975214804292 0.4885604765078628 0.9898261934112647 0.48841427211394317 0.9872767420689863 0.5672446756660505 0.9895480701381508 0.5673908800599701
0 0.9442189602263105 0.5794703859446352 0.9336154163136728 0.5784781596730089 0.9315671523271071 0.6220447754481965 0.9421706962397448 0.6230370017198228
0 0.9578761131334467 0.5843606315265695 0.9474081487778958 0.5833348568215895 0.9452639591896786 0.6268861456336106 0.9557319235452296 0.6279119203385906
0 0.9710508814685329 0.5901909034340215 0.9607843502004647 0.5892708122139294 0.9589001940462768 0.6311152098005812 0.969166725314345 0.6320353010206733
0 0.9841429029842593 0.5942329946569032 0.9741037444208289 0.5932360382308848 0.9719749841001046 0.6359014048950524 0.9820141426635349 0.6368983613210708