0 0.7568408526251716 0.5396692171088787 0.7553508707524272 0.5289507359780845 0.7198034565352901 0.5412086583911144 0.7212934384080345 0.5519271395219085
0 0.7492778672095121 0.5229584074978876 0.7479070257702649 0.5130972856627833 0.7124224029998184 0.5253339263751511 0.7137932444390656 0.5351950482102553
0 0.7419600688995792 0.507061700283668 0.738086094689164 0.4791943409833209 0.6998194491313707 0.4923903443649171 0.7036934233417861 0.5202577036652644
0 0.8790025940568932 0.2290844688627452 0.8775916082104784 0.20997468398546992 0.7900671929160953 0.22600555772649972 0.79147817876251 0.24511534260377493
0 0.9865143869047619 0.18775500625 0.9852816844721477 0.17304422969057323 0.929997075107375 0.1845360285370558 0.9312297775399893 0.19924680509648257
0 0.8730055406746031 0.20668138281250004 0.8713876170403991 0.18687730334481464 0.784124643963924 0.204561872369382 0.785742567598128 0.2243659518370674
0 0.8362986190476192 0.15554253515625 0.8354901682361139 0.14542825302743592 0.7714135132176303 0.15813339393846423 0.7722219640291356 0.16824767606727833
0 0.8143529937522386 0.023917963641456753 0.8130701785060918 0.0023550977017624763 0.755903289207672 0.01079161705780134 0.757186104453819 0.03235448299749562
0 0.31482874801587296 0.70447744921875 0.0978784872120516 0.6303007280235328 0.07408384975889484 0.802937279607716 0.2910341105627162 0.8771140008029332
0 0.6898122361111112 0.8801343164062502 0.6626048219350853 0.8763776094532393 0.6621597286706351 0.8843739648437502 0.689367142846661 0.8881306717967611
0 0.7143634851190479 0.8853959171875003 0.6922440783836531 0.882851791135638 0.6917842134993674 0.8927698393085152 0.7139036202347621 0.8953139653603772
0 0.7421891413690476 0.8844778046875001 0.7243742281859205 0.8817551943816608 0.7240176354166666 0.8875432390625002 0.7418325485997939 0.8902658493683397