0 0.4293472435515873 0.36841324843750006 0.4238224893458098 0.3657203493034267 0.41297514639945165 0.4209252155100474 0.41849990060522924 0.4236181146441208
0 0.45346150297619053 0.37184641093750015 0.4351646725168508 0.3627290405436807 0.4233382381857312 0.42160272370987445 0.4416350686450709 0.4307200941036939
0 0.47854940327380957 0.3744244703125001 0.4611231372970653 0.3644615390630873 0.44761260974287137 0.4230821889340234 0.4650388757196156 0.43304512018343616
0 0.5050374513888889 0.37739389843750015 0.48775472626604877 0.36658641832401023 0.4730964901052549 0.4247338595288016 0.490379215228095 0.4355413396422915
0 0.5313276527777778 0.3822320734375001 0.511977777391413 0.3707840744600928 0.4983979935515873 0.42772212109375013 0.5177478689379522 0.4391701200711574
0 0.5419202504960318 0.38453995937500013 0.5371894071069279 0.38183015386593405 0.525261828376337 0.4334853313493099 0.5299926717654408 0.43619513685837596
0 0.4539544796626984 0.3260373117187501 0.4453707138637184 0.32170535465489186 0.4391109667286664 0.35247423001889094 0.4476947325276464 0.3568061870827492
0 0.4639930355009279 0.3279745398818421 0.45513631968182094 0.32394599325028456 0.44975116418650796 0.35331462265625013 0.4586078800056149 0.3573431692878077
0 0.47956937698412694 0.32866497109375015 0.47066288345914564 0.3247524769929189 0.46521661805555553 0.35550728203125004 0.47412311158053677 0.3594197761320813
0 0.490659969472172 0.3322927657914184 0.48239520909688544 0.32769040458396015 0.47594650382104914 0.35641693737445823 0.4842112641963357 0.3610192985819165
0 0.5057411259920636 0.33288889765625 0.49758902501021485 0.3287762793725606 0.4915876190476191 0.3582860117187501 0.49973972002946776 0.3623986300024395
0 0.5165271719409024 0.33630763991163737 0.5081820610187671 0.3314529987736834 0.5015187372398436 0.3598666480079718 0.5098638481619788 0.3647212891459257
0 0.5321479791666667 0.3358964132812501 0.5233733087381315 0.3316072030712515 0.5172814424603175 0.3625218976562501 0.5260561128888527 0.36681110786624865
0 0.5419159902807544 0.3389695907733431 0.5339572957198937 0.33525048038179184 0.5284446294642857 0.36451393437500007 0.5364033240251462 0.36823304476655133
0 0.5576713859126984 0.25428369375000015 0.5392479506570692 0.24748726648777453 0.5304473412253976 0.3066657460650426 0.5488707764810268 0.3134621733272682
0 0.5323966264880953 0.2523706390625001 0.517476869522271 0.2466611533643266 0.5086335391865079 0.3039858445312501 0.5235532961523321 0.3096953302294237
0 0.48011487549603177 0.2455512078125001 0.4605265999049904 0.23863469573088722 0.45233372767857144 0.2961927843750001 0.4719220032696128 0.30310929645661294
0 0.45397784374999994 0.2417538140625001 0.4446883864878698 0.238595556357111 0.43705480902777777 0.2942925828125001 0.4463442662899079 0.29745084051788917
0 0.4670245853174604 0.10403731562500011 0.46140376940543526 0.10268218220973328 0.45596925496031754 0.1585985781250001 0.46159007087234266 0.15995371154026694
0 0.49276650694444446 0.10778396015625011 0.4732460580767879 0.10233438218251574 0.46690806633105725 0.158651408449699 0.48642851519871383 0.16410098642343338
0 0.5184550887896825 0.10777236875000011 0.49882425902277316 0.10305530462792858 0.4929172104512919 0.16403686535126677 0.5125480402182012 0.1687539294733383
0 0.5444135362103174 0.11144234296875008 0.5242240952519379 0.10580714256182533 0.5173940935549249 0.1665082837272239 0.5375835345133044 0.17214348413414865
0 0.5687239300595239 0.11448570625000014 0.5494169272203063 0.11100501722652653 0.5451647604166668 0.16951379765625013 0.5644717632558843 0.17299448667972375
0 0.5793954231150795 0.11519659375000013 0.5750707709279862 0.1142802652939475 0.5701754647010773 0.17159166191130698 0.5745001168881705 0.17250799036735961
0 0.48654943154761904 0.1835453695312501 0.4667144841511522 0.1774306003174312 0.46277799050206453 0.2091059672149902 0.4826129378985313 0.2152207364288091
0 0.5128507242063494 0.1878544328125001 0.4922687778463233 0.18421118193418362 0.49013853155738035 0.21406420368632767 0.5107204779174065 0.21770745456464416
0 0.5385581359126983 0.19046947890625007 0.5193007487424874 0.1847840396793615 0.5154675970560886 0.21699105369219202 0.5347249842262994 0.22267649291908054
0 0.5638236780753968 0.19364885312500008 0.545122663377675 0.1875300023401383 0.5408992966387928 0.21954955207928037 0.5596003113365147 0.22566840286414216
0 0.8941612115311197 0.05933599197614683 0.7883285607288957 0.024874597298935798 0.727293946924603 0.4898437500000001 0.833126597726827 0.5243051446772111
0 0.29709385799516363 0.6989414571236964 0.23233799454734533 0.686254335941083 0.22821473208788298 0.7384600579799907 0.2929705955357013 0.7511471791626041
0 0.20556744146825406 0.6712658750000001 0.10459691238288917 0.6549952081389069 0.1014214683576007 0.7038778711068269 0.2023919974429656 0.7201485379679201
0 0.728761056971605 0.7281643292747921 0.6012731985487111 0.7053298269398411 0.5905146990693636 0.8543311395751558 0.7180025574922574 0.8771656419101067
0 0.8079030449642383 0.653056911168292 0.7685193066835762 0.6002422151982395 0.7141441717066691 0.7008249910345825 0.7535279099873312 0.7536396870046349
0 0.886473460498937 0.5028519698455629 0.7987128360728829 0.48713305326639783 0.7935487405753967 0.558653871875 0.8813093650014509 0.5743727884541652
0 0.8045699379960317 0.4898437500000001 0.765148717804199 0.43690259996422587 0.6416412009037943 0.6650372213275212 0.6810624210956271 0.7179783713632955
0 0.7098284948527418 0.49532779621611595 0.6666990754673396 0.4424059334355898 0.5757990983760661 0.6261711790091175 0.6189285177614683 0.6790930417896436