0 0.37965027473958335 0.2116016796875 0.3726828265888744 0.1985815171138514 0.3024848887566452 0.23614637003839423 0.30945233690735413 0.2491665326120428
0 0.40749154557291667 0.23730492447916665 0.40553699880547706 0.23349087564651785 0.36841248985383296 0.2525156947162378 0.37036703662127257 0.2563297435488866
0 0.38904375130208324 0.2272880104166668 0.3871283165130799 0.22360280286665382 0.35977302932595423 0.23782107090998758 0.3616884641149576 0.24150627846000053
0 0.14761860561068693 0.34761553382477633 0.11683063656694274 0.3223368349910302 0.1007362379875059 0.34193886627042064 0.1315242070312501 0.36721756510416675
0 0.1090151302546866 0.37265950718976343 0.09121795052083333 0.35770112630208345 0.08909307346626437 0.36022926214355344 0.10689025320011764 0.37518764303123353
0 0.1814100617018062 0.3656527812585446 0.17954271431651048 0.36033067708025707 0.15486094084838212 0.3689906813955053 0.15672828823367788 0.37431278557379283
0 0.1927394427139069 0.37452654305079647 0.19038881621198533 0.3682404956747621 0.15523651647402872 0.38138546936404066 0.15758714297595028 0.38767151674007505
0 0.14938768484843332 0.3906857578017719 0.12830064583333342 0.38602708463541663 0.12751682542158313 0.38957497284590065 0.14860386443668303 0.3942336460122559
0 0.1447544700520834 0.3997395833333333 0.10739866943497245 0.384418678100607 0.1050723823356874 0.39009068740678204 0.14242818295279833 0.4054115926395084
0 0.2904128056366102 0.114543052343397 0.2711485989583334 0.09623382291666666 0.2622625043047901 0.10558340066124783 0.2815267109830669 0.12389263008797817
0 0.26136433105357576 0.10256347588778277 0.24900740254843737 0.09865667419187081 0.24149207149486163 0.12242711757492138 0.25384900000000005 0.12633391927083334
0 0.2655196082305425 0.17305591851608995 0.24043640104166675 0.16739116536458334 0.23969174803163265 0.1706884468585771 0.26477495522050837 0.1763532000100837
0 0.2497535695502838 0.18278802188576826 0.23407686718749998 0.17700207552083333 0.23271955867975927 0.18067962801583728 0.2483962610425431 0.1864655743807722
0 0.977733136644028 0.06843079625256927 0.9243700006640639 0.03049516855631566 0.8322787098065655 0.16003777467706315 0.8856418457865294 0.19797340237331676
0 0.7740598238417693 0.0619080181684036 0.6145807727895005 -0.027779307678738707 0.5794990618075543 0.03460183618796745 0.7389781128598231 0.12428916203510976
0 0.3886160514898627 0.6608578588438294 0.3059340195312501 0.6229026106770834 0.2642934146559708 0.7136128546978374 0.3469754466145834 0.7515681028645834
0 0.9398900833333332 0.9165887552083333 0.71931625 0.9165887552083333 0.71931625 1 0.9398900833333332 1