0 0.469832051525118 0.058820330440449285 0.3449408699690737 0.03781979476250767 0.324230118924725 0.16098761336052 0.44912130048076926 0.1819881490384616
0 0.9307345205258609 0.2178666269713497 0.8772327788461537 0.19591256490384626 0.8667336573587542 0.22149877687480435 0.9202353990384614 0.2434528389423078
0 1.010118986287104 0.2153638737125278 0.9687540288461538 0.19541701923076926 0.9586350425590495 0.2164013522490108 0.9999999999999999 0.23634820673076934
0 0.6810255348728347 0.5739106151947625 0.4775970841346154 0.4805959375 0.41619495845489196 0.614454185823143 0.6196234091931113 0.7077688635179056
0 0.6165853701923076 0.7241461442307694 0.4056476472380925 0.6313860223462402 0.37486254761707705 0.7013917390599297 0.5858002705712922 0.7941518609444589
0 0.5318543956756296 0.7732785435326287 0.37369438873778643 0.7036378643116934 0.33139681277369554 0.7996993183752187 0.48955681971153875 0.869339997596154
0 0.48366104086538464 0.8769314278846154 0.3219001739247662 0.8026668619110671 0.24714492307692312 0.9654965240384618 0.40890579001754157 1.0397610900120102
0 0.4137215817307694 0.5626731177884616 0.2282002638072239 0.46744877374998267 0.2051129471153847 0.5124287572115385 0.3906342650389302 0.6076531012500174
0 0.3874365528846154 0.6230016802884614 0.19830490905152734 0.5250748026781576 0.1751814807692308 0.5697343701923077 0.3643131246023188 0.6676612478026116
0 0.32567169471153845 0.7347992716346153 0.13638137259615388 0.6437019735576924 0.11478668337117427 0.6885733996665806 0.3040770054865588 0.7796706977435035
0 0.3014710745192307 0.7937649423076925 0.2061299567307693 0.7457558413461538 0.18285035483368395 0.7919867272008297 0.2781914726221454 0.8399958281623684
0 0.24364129086538477 0.9133996802884615 0.1412959131939603 0.8653712091737064 0.1216763076923079 0.9071792427884616 0.2240216853637324 0.9552077139032167
0 0.20858723076923086 0.9720261634615384 0.02210894887957727 0.8809046416917999 0.0016415149745668738 0.9227908156183193 0.18811979686422045 1.0139123373880579
0 0.8746888460325792 0.60435655383879 0.7866938677884617 0.5710574615384618 0.7804323991597286 0.5876037923150566 0.8684273774038462 0.6209028846153848
0 0.920351592488601 0.4932967312997717 0.8348570000000002 0.4576518197115386 0.8271257029238522 0.47619539475442874 0.9126202954124529 0.5118403063426618
0 0.8960853559906388 0.5484683924908873 0.810530730769231 0.5156135312500001 0.8041946536247461 0.5321127853937285 0.889749278846154 0.5649676466346155
0 0.8259188094696184 0.6524550959400698 0.7487310432692307 0.6185322115384615 0.7426931673910102 0.6322707293519101 0.8198809335913979 0.6661936137535184