0 0.559719401521107 0.020399899387782916 0.5595614483858589 0.0042734975785682855 0.47932716112256435 0.006727323816324629 0.4794851142578125 0.022853725625539258
0 0.55981156319335 0.05476605000909326 0.5595703124999999 0.029901711820534957 0.47895797098669807 0.03234393998200227 0.47919922168004825 0.057208278170560574
0 0.5596861261879272 0.07440323267171088 0.559560037151588 0.05946367703179718 0.4784337527605356 0.061601610882950825 0.47855984179687494 0.07654116652286452
0 0.5597993118722594 0.1097007863716992 0.5595656626761457 0.08393002448998857 0.4876055265851363 0.08596716995608059 0.48783917578124997 0.11173793183779121
0 0.5596847062974686 0.1276561069359207 0.5595703125000001 0.1131963166522865 0.4796593388095784 0.11517028388005286 0.47977373260704687 0.12963007416368708
0 0.5596991161987164 0.1623141229101878 0.5595703124999999 0.13648588438308887 0.478088812512221 0.13775466224943253 0.4782176162109375 0.16358290077653145
0 0.5596958460601336 0.1813086766724993 0.5595703125 0.1676808050043141 0.4786698121429915 0.17000769606261726 0.47879534570312504 0.18363556773080247
0 0.5597208054383219 0.21485780199821863 0.5595616818128105 0.19035968166643139 0.47876486123776985 0.19199834299867002 0.47892398486328125 0.21649646333045727
0 0.5598176305723243 0.2340648709287345 0.5595272539933565 0.21800188432663756 0.47847308484681356 0.22257701684915412 0.47876346142578124 0.23864000345125105
0 0.559675566689158 0.2730758508380172 0.5595703125 0.24714123468507335 0.48809424650770916 0.24804699489706447 0.48819950069686713 0.27398161105000834
0 0.5596523295475467 0.2912675519910092 0.5595703125 0.27586257635893013 0.4797941240657346 0.2771887776034689 0.47987614111328125 0.2925937532355479
0 0.5601234507553191 0.3454693202759314 0.5595684780323773 0.29644556670102745 0.4789358461914062 0.2992957247627265 0.47949081891434797 0.3483194783376304
0 0.5601473206873026 0.4180879200872876 0.5595703125000001 0.3484487351164797 0.4800929809018973 0.3505049315713318 0.4806699890891997 0.42014411654213973
0 0.8469113110351564 0.0926275409836066 0.8453638941291883 0.04964126425837077 0.7459085825195314 0.06082015012942192 0.7474559994254995 0.10380642685465774
0 0.8220870974284562 0.14962883932553578 0.8201546985647094 0.10834235350848158 0.7234208936633972 0.12247944791082004 0.7253532925271441 0.16376593372787424
0 0.8035956489257814 0.21672309663503025 0.8019815625547062 0.17464978271684528 0.6996111884765627 0.18691251855047455 0.7012252748476379 0.22898583246865956
0 0.7814749706130847 0.29098962287707486 0.7809084437701503 0.24920189321561154 0.6709185411270954 0.2538579424723998 0.6714850679700297 0.29564567213386317
0 0.2731103149414063 0.709849558239862 0.20844552326527457 0.5934987475826643 0.17940072734259693 0.6439021473731612 0.24406551901872864 0.7602529580303589
0 0.30884846484374995 0.7811168869715271 0.26071840358670134 0.6902810047872313 0.2308940412356688 0.7396237349872031 0.2790241024927174 0.8304596171714991
0 0.34731589453125006 0.8513143943054358 0.2978480032995472 0.7592051322563836 0.2673532262800553 0.8103425258826119 0.3168211175117582 0.902451787931664
0 0.40368005761718756 0.8209562795513374 0.28043741775976855 0.5889471151403187 0.24968466943359377 0.639954471958585 0.3729273092910128 0.8719636363696036
0 0.9292880795898437 0.8291092778257116 0.9176621282204063 0.6376045025645757 0.8670819082710362 0.6471923836817884 0.8787078596404736 0.8386971589429244