0 0.6226127929687499 0.5153462145110412 0.6142314453124997 0.4829171924290222 0.4865512604064697 0.5690016809647661 0.4949326080627198 0.6014307030467853
0 0.6599438883859661 0.5825790598339768 0.6576113281249999 0.5730906940063092 0.5893935733899924 0.6168389022275019 0.5917261336509586 0.6263272680551696
0 0.6326574099909361 0.555664818424464 0.6303701171875 0.5464905362776026 0.580184654431522 0.5791304499785467 0.5824719472349582 0.5883047321254081
0 0.18907641171513845 0.827106071396542 0.14862190226831323 0.7629293535156008 0.1175293772719248 0.8140582978919295 0.15798388671875002 0.8782350157728709
0 0.11881884765625012 0.889332018927445 0.09469287109375008 0.8500015772870664 0.0905844035060229 0.8565759957129088 0.11471038006852294 0.8959064373532873
0 0.24124610831046545 0.8796354041976913 0.23906431825284635 0.8665128427524555 0.19533176620324444 0.8854808000207437 0.19751355626086356 0.8986033614659795
0 0.256880021256828 0.9030877745209686 0.254120636278753 0.8875805260735055 0.19165950112122213 0.916574571901977 0.19441888609929714 0.9320818203494401
0 0.1783730468750001 0.9385938485804418 0.14603508177233288 0.9249982170499915 0.14454522860075159 0.9342426051441702 0.17688319370341882 0.9478382366746205
0 0.1759199308677635 0.9632956710680437 0.1109768135555749 0.9179348543687991 0.106507657306739 0.9346265017731359 0.1714507746189276 0.9799873184723803
0 0.5083990847250572 0.2611273987194029 0.48366455078125004 0.21446845425867514 0.46643083368421945 0.23830093105408257 0.49116536762802654 0.2849598755148103
0 0.4638830058331039 0.23414166936335074 0.4466072058760892 0.21794775627378588 0.4272534969179853 0.27180845284103466 0.444529296875 0.2880023659305995
0 0.4470625 0.40616876971608856 0.40733095395580077 0.3891349480083517 0.4059179687500001 0.3977326498422714 0.4456495147941993 0.41476647155000834
0 0.4170154653323734 0.4283446278003259 0.3937569835226941 0.4125663040358593 0.39122314453125007 0.4223099369085175 0.41448162634092933 0.4380882606729842