0 0.17027605664062498 0.026827685546874997 1.5178830414797062e-18 0.013787951171874998 -0.0007364463892268885 0.023404649141213957 0.16953961025139808 0.03644438351621396
0 0.15418442578125 0.012599781250000008 0.004284634295947313 0.0020635365583472056 0.0034921294682626535 0.01333855074961226 0.15339192095356532 0.023874795441265063
0 0.127924556640625 1.734723475976807e-17 0.0809793098881542 -0.004300806257286645 0.08015497590377922 0.004697172258338352 0.12710022265625 0.008997978515625015
0 0.18419086132812498 2.42861286636753e-17 0.17339427970803276 -0.0010864371271709743 0.17061163127053275 0.026566420294704022 0.18140821289062498 0.02765285742187502
0 0.9531415216725844 0.655648734026997 0.919556781587458 0.5419505766857905 0.7957749742903578 0.5785138765892768 0.8293597143754842 0.6922120339304833
0 0.9231050173516608 0.5344892391204901 0.8904235619510573 0.44194472758725023 0.7654572757084034 0.48607570891455926 0.7981387311090069 0.578620220447799
0 0.9031485623069085 0.42454781350858617 0.8647605882683825 0.33654965532609304 0.7386337876255762 0.3915707199556211 0.7770217616641022 0.4795688781381142
0 0.8191361519785412 0.30495318221896783 0.7952982390365045 0.21495989080735964 0.7075930977963072 0.2381917060755716 0.7314310107383437 0.3281849974871798
0 0.7866800985251126 0.1824245335752915 0.7384737281736803 0.0004350111223707931 0.6488825853416242 0.02416639825586589 0.6970889556930565 0.2061559207087866
0 1.0194873172369392 0.22691739341162132 0.9595198484201839 0.0005281569416427656 0.8718146273798191 0.023760092301353064 0.9317820961965744 0.2501493287713316
0 0.9266604759391885 0.2651033163063902 0.8492339147046423 -0.027198804492032436 0.746439741520228 0.000029870150757088654 0.8238663027547742 0.2923319909491797
0 0.2392941628075406 0.9311823566737678 0.10683605468750004 0.8909812695312501 0.09960752864882699 0.9147984583596197 0.23206563676886754 0.9549995455021374