0 0.40468163818359376 8.965838937035964e-17 0.38639664616053065 -0.012965329745988253 0.37620706119959313 0.024522396594705727 0.39449205322265624 0.03748772634069407
0 0.4046588510742188 0.15457912618296538 0.3640425668212725 0.1443464271943981 0.3631937465820313 0.15313558201892752 0.4038100308349776 0.16336828100749481
0 0.3762115899501038 0.18170629217503712 0.3520593818406498 0.1699410942786399 0.3501700102539063 0.1800591340694007 0.3743222183633603 0.1918243319657979
0 0.8106917983398437 0.08475569085173498 0.809869463960416 0.0750270421637161 0.7352666533203125 0.09147729258675082 0.7360889876997402 0.10120594127476971
0 0.7845919565429688 0.21329129258675078 0.7809948060485679 0.17125051192998383 0.6913613056640624 0.19125740220820192 0.6949584561584633 0.2332981828649689
0 0.7638127719726563 0.14035338880126177 0.7445506173996669 0.10318637751043487 0.7387856785516936 0.11098043000235176 0.758047833124683 0.14814744129317867
0 0.1650031287703211 0.7127552732971769 0.09372074295940083 0.6297688620094606 0.05847620234228848 0.7087436547316845 0.12975858815320876 0.7917300660194008
0 0.2837184288847213 0.7222797728338406 0.19214867020798235 0.6913879647508006 0.1837727100704992 0.7561565992255337 0.2753424687472382 0.7870484073085737
0 0.18348645757071413 0.7717875667601117 0.18023138072924888 0.736641790481956 0.14975872638119098 0.744004196907964 0.15301380322265623 0.7791499731861199
0 0.33579269471597917 0.7658806169015 0.32233521976180696 0.7421650197537819 0.2937099685614575 0.7845390936659693 0.3071674435156297 0.8082546908136875
0 0.31466095294475094 0.797506722741685 0.2859568032398502 0.7445306312124904 0.25088258349609377 0.7941069400630915 0.27958673320099453 0.8470830315922862
0 0.1254101859863015 0.7682450360539907 0.10670959282207138 0.6354711785328014 0.08706241636079873 0.6426899676063841 0.10576300952502883 0.7754638251275735
0 0.6580289497070313 0.6807265528391166 0.656799784446883 0.6522227529940285 0.6249963978571146 0.6558004395045238 0.6262255631172629 0.6843042393496119
0 0.7077808144531251 0.6812674944794952 0.7064638215206319 0.650727026681842 0.6783319248046875 0.6538916947949527 0.6796489177371807 0.6844321625926059