0 0.761412524225745 0.7131334979152328 0.7514445360576923 0.713113045673077 0.7512120839473321 0.8264052641039981 0.7611800721153847 0.8264257163461539
0 0.8022281108953968 0.7152764261340617 0.7691038461538464 0.7150928341346157 0.7684959128466216 0.8247781356427176 0.801620177588172 0.8249617276421637
0 0.8443727955260754 0.7153141496027442 0.8120544615384618 0.7143767139423078 0.808935509071829 0.821903397385544 0.8412538430594426 0.8228408330459802
0 0.8889416562500002 0.7151371442307694 0.8562808213900204 0.7136334445410645 0.8514380669979406 0.8188196080749619 0.8840989018579203 0.8203233077646668
0 0.9338238530822728 0.7175444275361049 0.8976904412463749 0.7162673813045236 0.8939171458564099 0.8230309681914958 0.9300505576923078 0.824308014423077
0 0.9520620577152615 0.7175794677977483 0.9432851201923077 0.7173218725961537 0.9401487355539694 0.8241866427791747 0.9489256730769232 0.8244442379807693
0 0.7884028918269231 0.6237389567307694 0.7728317220803186 0.6236208765491538 0.7723920922726263 0.6815946217414613 0.7879632620192308 0.6817127019230771
0 0.8060251057692308 0.6809936562500002 0.805528789984457 0.6220437616807692 0.7897063128019308 0.6221769755777117 0.7902026285867046 0.6811268701469425
0 0.8322061826923076 0.6805401586538462 0.8321747937829828 0.6228556938496551 0.8163331735906751 0.6228643140419627 0.8163645625 0.6805487788461538
0 0.850960270722952 0.6232262637667755 0.8357096923076924 0.6228560985576924 0.834282145142433 0.6816701617139939 0.8495327235576925 0.6820403269230769
0 0.8758861923076924 0.6250632427884617 0.8610989288271751 0.6249519734254374 0.8606790177694829 0.680756511886976 0.8754662812500003 0.6808677812500002
0 0.894879739720497 0.6251217992689398 0.8793497451923076 0.6246218149038462 0.8774948948948876 0.6822352464041371 0.8930248894230769 0.6827352307692309
0 0.9203414354769155 0.624204007203359 0.9045029698746981 0.6241644275225509 0.9043541690131675 0.6837095597422688 0.9201926346153848 0.6837491394230769
0 0.9376607403846153 0.6854131177884617 0.9373921047191721 0.624559190554587 0.9231208769508541 0.6246221899523662 0.9233895126162974 0.6854761171862409
0 0.9404145336538462 0.5670153966346154 0.9363073644893093 0.45359526866532884 0.9041704735576924 0.45475900961538457 0.9082776427222292 0.5681791375846712
0 0.897607641826923 0.56734553125 0.8940279352097001 0.4545696977836457 0.8679088119635539 0.45539876546105884 0.8714885185807766 0.5681745989274132
0 0.8103744302884616 0.5658529014423076 0.8056198744923915 0.4508627881577421 0.7715881603920762 0.4522699150741704 0.7763427161881464 0.5672600283587359
0 0.7665588245192307 0.5638966778846154 0.7614567808497663 0.4520421802908728 0.7453699731625284 0.4527759513692666 0.7504720168319927 0.5646304489630093
0 0.7478566514423076 0.2854033389423077 0.738981851440193 0.1715630737925254 0.7294566869531554 0.17230563996362908 0.7383314869552701 0.2861459051134113
0 0.7898959855769229 0.28460609855769226 0.7825103719022926 0.1717915829925946 0.7491734711538461 0.17397404567307692 0.7565590848284764 0.2867885612381746
0 0.8343752427884615 0.28802685817307694 0.8247227751114068 0.16462905655464438 0.7914610745192309 0.16723086538461537 0.8011135421962856 0.29062866700304796
0 0.8766024134615384 0.2867045625 0.868748528845612 0.16677117805578176 0.8342695408653845 0.16902904807692312 0.8421234254813109 0.28896243252114134
0 0.9211990576923077 0.28429176923076926 0.9094361442982855 0.16426212539804255 0.8770675601459098 0.1674342488828221 0.888830473539932 0.2874638927155488
0 0.9378111009615383 0.28331716826923076 0.9275501928951907 0.16614301490285996 0.9202610889423076 0.16678131971153842 0.9305219970086552 0.28395547307790925
0 0.8000287309617362 0.3896962374345217 0.7964587416570968 0.3258878331281735 0.7623662803883089 0.3277952577601087 0.7659362696929483 0.3916036620664569
0 0.8443285354470557 0.3900397934836419 0.8410673048115331 0.3263359041169823 0.8074045528846155 0.3280592211538462 0.810665783520138 0.3917631105205058
0 0.8880560186851257 0.3893217526173088 0.8843653834519098 0.32802760804366826 0.8513626551440521 0.330014764120851 0.855053290377268 0.3913089086944916
0 0.9300820639494282 0.39007747264763126 0.9269713073528033 0.3275864778058685 0.8946858894230769 0.32919362259615387 0.8977966460197018 0.39168461743791655