0 1.0045202167153695 0.031053464415870584 0.879948387164639 0.016843214602291438 0.8751890854460178 0.144459906484122 0.9997609149967484 0.15867015629770112
0 0.9167083002929687 0.02103651836037594 0.6832163700650656 -0.005598544113278238 0.6808784649343379 0.05709042875115335 0.914370395162241 0.08372549122480753
0 0.30765724988832954 0.6913878150785302 0.004412572753906274 0.5626390879590095 -0.03238251307192312 0.827724712675526 0.27086216406250013 0.9564734397950468
0 0.3796455478872491 0.7132550636517028 0.3080332988368749 0.6913641484390123 0.2868455091407333 0.9033735707009889 0.3584577581911075 0.9252644859136794
0 0.3896484375 0.5457859077711358 0.3744048061523437 0.5457859077711358 0.3744048061523437 0.6621164380871051 0.3896484375 0.6621164380871051
0 0.38462049601209414 0.5122648724089623 0.3748131342773438 0.5084833364645603 0.3570261380021785 0.6495851806168099 0.3668334997369288 0.6533667165612119
0 0.37127422350848843 0.5034308102527075 0.35495014916885187 0.496860308249088 0.33633044465017053 0.6383578552592803 0.3526545189898071 0.6449283572629
0 0.3500476425972745 0.48371728075709663 0.3405948500976563 0.479881344150299 0.32061817869178816 0.6304581026758671 0.3300709711914064 0.6342940392826646
0 0.3326993195827369 0.4764561947493575 0.03397616478046428 0.3453902435490878 0.011406868187076036 0.5027316912446749 0.31013002298934866 0.6337976424449444
0 0.96543660546875 0.585140808710504 0.6496871046766689 0.5392339699028522 0.6429822969975427 0.6802919706836236 0.9587317977896238 0.7261988094912754
0 0.5990368998819848 0.3290877307418399 0.5338715035120133 0.2688916808210352 0.5234410551757812 0.30342975661827504 0.5886064515457528 0.3636258065390797