0 0.58984375 0.10700188777219442 0.5606776357421875 0.10700188777219442 0.5606776357421875 0.2643284028475713 0.58984375 0.2643284028475713
0 0.5886584545810359 0.027853366420128277 0.5790141077785308 0.022068640412463446 0.5373068880607761 0.2266436198884827 0.5469512348632812 0.23242834589614753
0 0.26494702050781255 0.29471254690117266 0.2445703268333786 0.2804346422186254 0.21652577197265627 0.3981868450586265 0.23690246564709022 0.4124647497411738
0 0.2920155966796876 0.38888533249581253 0.2727417618403438 0.3768646161750133 0.2629733648676876 0.4229446019371573 0.2822471997070313 0.4349653182579565
0 0.2331012135662327 0.2611622250465693 0.22371088818359375 0.23151824371859298 0.15855363164861105 0.292241933244888 0.16794395703125 0.3218859145728643
0 0.214855048828125 0.1978785670016751 0.206746378427331 0.16360400937701436 0.13661731905765562 0.21241606015407158 0.1447259894584496 0.2466906177787323
0 0.2863082657119895 0.1715332872537751 0.27040176730108234 0.1139885955673719 0.21900486486693604 0.15578678941982563 0.23491136327784318 0.21333148110622882
0 0.3881091542968751 0.0871633819095477 0.37244970556640633 0.031211101340033496 0.321835575760851 0.07288668608721148 0.33749502449131963 0.12883896665672567
0 0.48166249267578126 0.06773153852596321 0.47305560197561275 0.03447006026026604 0.4035638940429687 0.08737411725293139 0.41217078474313723 0.12063559551862856
0 0.4841512767933116 0.18547755275304775 0.4118630131835937 0.14573658375209386 0.4055864180309071 0.17932617421512662 0.47787468164062497 0.2190671432160805
0 0.4393134342286594 0.3038805289631012 0.41380835262249616 0.2098884967045677 0.2737201319353405 0.32172627931479114 0.29922521354150383 0.4157183115733246
0 0.4466068256835938 0 0.4368548209140237 -0.032660569857774616 0.38226988736578393 0.01529004539763732 0.3920218921353541 0.04795061525541193
0 0.7894277239525727 0.1485783903347399 0.7419599385878868 0.08914875225887538 0.6848171684570311 0.22342785343383603 0.7322849538217169 0.2828574915097006
0 0.9436386813619405 0.17258728223891043 0.9045395548405234 0.10875835643112908 0.7795696738222948 0.33397792750555394 0.8186688003437119 0.39780685331333526
0 0.39269256494140625 0.7732029790619767 0.357428241061884 0.7421143512716953 0.3373902654057831 0.8089855493122298 0.37265458928530537 0.8400741771025112
0 0.3321613208007813 0.8129131415410387 0.310215582495938 0.808360351555767 0.3092782148437501 0.8216536817420437 0.33122395314859343 0.8262064717273154
0 0.31276635831512295 0.7762033969055113 0.27590013819700904 0.7437025461955112 0.25681376167505265 0.8073980271223931 0.29367998179316657 0.8398988778323931
0 0.2859458413085938 0.865709445561139 0.2570871681001291 0.8597225207690361 0.2563841147460938 0.8696929095477389 0.2852427879545585 0.8756798343398416
0 0.8007865890850758 0.5906492341760713 0.7999202790987593 0.551317620769211 0.7792307197265623 0.5526583283082078 0.7800970297128789 0.5919899417150681
0 0.7576956245117188 0.58838502680067 0.7563050038199655 0.5393766469589569 0.7394334331054687 0.5407851088777219 0.740824053797222 0.5897934887194349