0 0.47365325402579006 0.3158496207995706 0.461709955078125 0.2921270839843749 0.34922055311318256 0.3487607638718812 0.36116385206084767 0.3724833006870768
0 0.4949909962856627 0.37725029491748574 0.49164638085937495 0.37024415625 0.432262614096234 0.3985929902958941 0.43560722952252173 0.4055991289633798
0 0.47444678189325445 0.3522585283947594 0.47116671484374995 0.34550691210937495 0.427019922087171 0.36695428621083587 0.4302999891366755 0.3737059024962203
0 0.1091095799189224 0.5396120279444927 0.07372705992171599 0.4704854964717274 0.03627557570591858 0.4896550954803597 0.07165809570312498 0.558781626953125
0 0.04048484714930711 0.5652491818305355 0.022198197265624997 0.5284936132812501 0.01731623829179027 0.530922488089194 0.035602888175472386 0.5676780566384794
0 0.13922924992242214 0.5695381454297348 0.13631347461580717 0.5591872528170515 0.10017760999477274 0.56936647751658 0.1030933853013877 0.5797173701292633
0 0.3924958464013859 0.10882511265562352 0.3714392734374999 0.05940269335937502 0.3523166910035371 0.06754992811664293 0.3733732639674231 0.11697234741289142
0 0.35738715928972553 0.06560748046319999 0.34089522166041075 0.058294134471730805 0.31927269908943523 0.10705393525853085 0.33576463671875 0.11436728125000004
0 0.3324934313129621 0.21113589912017403 0.30061712890625003 0.19221267382812507 0.2972111896316472 0.19795000182694958 0.3290874920383593 0.21687322711899854
0 0.30795520597478737 0.22673751119810107 0.28811727148437494 0.20952704687500007 0.28324677936501214 0.2151411024743193 0.30308471385542457 0.2323515667974203
0 0.44485590340202996 0.9931218525785814 0.004962437949384058 0.7590129345569901 -0.08948864949053414 0.9364876609400518 0.35040481596211176 1.170596578961643
0 0.9996522910156251 0.5781250000000002 0.8396675014981368 0.5763559230377603 0.8393282436856369 0.6070363800690103 0.9993130332031251 0.6088054570312502