0 0.20297597489356942 0.21179673874826518 0.10373694125722083 0.11670736225173171 -0.04901194655769446 0.4001114152344647 0.05022708707865414 0.4952007917309982
0 0.579263404632245 0.4895758063333326 0.5770374573069131 0.19821594306938597 0.4486038174746041 0.19996032436925035 0.4508297647999361 0.49132018763319696
0 0.417672087890625 0.2051826536458334 0.3798828125 0.2051826536458334 0.3798828125 0.4034267213541667 0.417672087890625 0.4034267213541667
0 0.687750192079797 0.309986563064714 0.620824361047347 0.30770859720890315 0.6179810007669198 0.456218675829617 0.6849068317993698 0.4584966416854279
0 0.3100570014155002 0.9421881695615575 0.2731503448222441 0.9382603175495144 0.2723631487830634 0.9514098393862329 0.3092698053763195 0.955337691398276
0 0.3803862610989538 0.882151010489605 0.30769182467679007 0.8796582847771779 0.3071735656105447 0.9065272574691577 0.37986800203270843 0.9090199831815848
0 0.36568077337436616 0.8746710926190899 0.3643768637836883 0.8656801229491448 0.31765325708933156 0.8777264536053581 0.31895716668000945 0.8867174232753032
0 0.3813504183691165 0.8777737376405031 0.37988281249999994 0.863956875 0.36894291272894597 0.8660226870963298 0.3704105185980625 0.879839549736833
0 0.37909493023311813 0.8620923765477806 0.37511145019531256 0.8245896757812502 0.30157790765750697 0.8384752250147197 0.30556138769531255 0.8759779257812501
0 0.3232792233742122 0.8303507457263485 0.31971508116849645 0.796795940450448 0.2991296927552217 0.8006831400365995 0.3026938349609375 0.8342379453125001
0 0.3790444918454003 0.7332563874945266 0.37429405414649025 0.6878406476014289 0.35812495106014 0.6908473513287569 0.36287538875905 0.7362630912218545
0 0.3537242423837013 0.691754529296884 0.35062342271585467 0.6621096862191076 0.33739432681652837 0.6645696855680571 0.340495146484375 0.6942145286458334
0 0.28960483702032763 0.765084590775166 0.2842568957311409 0.6764127918795982 0.2581107960983653 0.6792161946403689 0.263458737387552 0.7678879935359366
0 1.0046811655436394 0.9640860927404766 0.9962290693001759 0.8341923347460888 0.6900827474892489 0.8696069616806142 0.6985348437327124 0.999500719675002
0 0.5602160926887998 0.9649988128922282 0.5231448036250548 0.6845740668583282 0.3741908325379526 0.7195807458176026 0.4112621216016976 1.0000054918515027