0 0.51953125 0.05005289112227816 0.494370822265625 0.05005289112227816 0.494370822265625 0.27055873031825806 0.51953125 0.27055873031825806
0 0.4949048109481845 0.040419613916975426 0.48476975865272703 0.03820055709620203 0.46877103657173 0.2531786056582887 0.4789060888671875 0.2553976624790621
0 0.21061377783203128 0.4168892127303183 0.18895175488345312 0.41019033213186396 0.175793875 0.5353700427135679 0.19745589794857815 0.5420689233120222
0 0.24850611474609374 0.49935018927973207 0.2281968107191698 0.4944658806919939 0.22422757487932607 0.5430226855496153 0.24453687890625 0.5479069941373536
0 0.17539731471485953 0.39542919972453483 0.16261897119140628 0.3697817554438861 0.10624617063670301 0.4524143379639074 0.11902451416015626 0.4780617822445561
0 0.14987872070312497 0.34003474874371853 0.13779279777968687 0.3094011489598627 0.07511336702804611 0.38215535081950475 0.08719928995148421 0.4127889506033606
0 0.2165777089612181 0.2887831638942636 0.19404351311070833 0.23816846845937883 0.14883627396727842 0.29738250572544217 0.1713704698177882 0.347997201160327
0 0.3059271689453126 0.1699530108877722 0.28382775195312504 0.12080759212730321 0.23937083891307795 0.1796226232205411 0.2614702559052655 0.22876804198101008
0 0.3950807373046875 0.11758300670016751 0.38263020382977164 0.08811778196747133 0.3210698251953125 0.16464760971524284 0.3335203586702284 0.19411283444793903
0 0.41178738934373227 0.23186917594547743 0.33626182031250007 0.2187757412060302 0.3341938699336116 0.25386965320025134 0.4097194389648438 0.26696308793969853
0 0.38228146820113784 0.3636737593532761 0.345940499931482 0.2808313557901608 0.22247013040714658 0.44018345996825836 0.2588110986768024 0.5230258635313737
0 0.36356075668855914 0.04851843983900301 0.34917922265625 0.018185062814070348 0.29061954259150147 0.09986857377191734 0.3050010766238106 0.13020195079685
0 0.976465304466865 0.08801743264268204 0.9717898131828725 -0.008194217701888386 0.8849452259578239 0.0042221222202194365 0.8896207172418164 0.10043377256478986
0 0.8934377592773437 1.8141111702919612e-16 0.8338210483398438 1.7514967312913672e-16 0.8338210483398438 0.02895466750418778 0.8934377592773437 0.028954667504187785
0 0.23938835803390435 0.734537072257389 0.15238192516439783 0.7254310179168777 0.15201311937658726 0.7357984238839443 0.23901955224609378 0.7449044782244556
0 0.2310944023583073 0.7857020862278968 0.14408772404458858 0.7765960046423432 0.14371887051440635 0.7869647509102589 0.23072554882812507 0.7960708324958125
0 0.24113726172810998 0.7225182621555829 0.15413218272094098 0.7134123495096981 0.15376332919595606 0.7237810974043665 0.24076840820312506 0.7328870100502513
0 0.24267660141166184 0.7090429972924291 0.15566992258015516 0.6999369157049704 0.15530108093411837 0.7103053279602801 0.24230775976562505 0.7194114095477386
0 0.2476826084011792 0.6833707436780212 0.16067592954577167 0.6742646638018812 0.16030707602740502 0.6846334117486506 0.24731375488281254 0.6937394916247906
0 0.2328432568144296 0.7736846162189908 0.1458381782871921 0.7645787038324772 0.145469324793075 0.7749474510975735 0.2324744033203125 0.784053363484087
0 0.23785060644064487 0.748012840898472 0.15084417356045976 0.7389067849998866 0.15047537961981491 0.7492738561617162 0.23748181250000003 0.7583799120603016
0 0.23610039649770057 0.7600301682013637 0.14909531751241784 0.7509242548577316 0.14872646398346734 0.7612930020667533 0.23573154296875007 0.7703989154103854
0 0.24614485526667862 0.6968465131490933 0.15913817646975942 0.6877404314083954 0.15876933487495587 0.6981088420448968 0.24577601367187507 0.7072149237855947