0 0.38108905399864945 0.28570835655043014 0.38023564010393396 0.2618880991778824 0.31108970073014247 0.27060163796571085 0.31194311462485796 0.2944218953382585
0 0.36746308837890623 0.2610728864468865 0.3668418912622076 0.24375890705261966 0.30604744783241616 0.25143095043078434 0.3066686449491148 0.26874492982505116
0 0.29479366184979633 0.27115832595026107 0.2941994410414528 0.25333726195355116 0.16489218305532846 0.26850258815534045 0.16548640386367203 0.28632365215205036
0 0.2998702739257813 0.2955349523809524 0.29896949194231753 0.27186025120216606 0.21718567822265625 0.2828052866300366 0.21808646020612 0.30647998780882296
0 0.831100650878906 0.3891941391941394 0.814919678222656 0.3572416840659343 0.810612215863519 0.36491417721428293 0.826793188519769 0.39686663234248803
0 0.8406244335937502 0.38919413919413887 0.8198193896484376 0.3485032097069594 0.815746889074477 0.3558271839640147 0.8365519330197897 0.39651811345119414
0 0.8495040351562502 0.389194139194139 0.8240928857421878 0.3397383690476188 0.8200431753803107 0.3470572710420659 0.8454543247943731 0.3965130411885861
0 0.8587815708007813 0.3891941391941392 0.8288256909179688 0.3306610412087913 0.8246182447253613 0.338234840088448 0.8545741246081737 0.3967679380737959
0 0.8681717978515624 0.3891941391941393 0.8333285654296874 0.32173956684981686 0.8291305506210255 0.32936677570427036 0.8639737830429005 0.3968213480485928
0 0.8779003730468748 0.3891941391941394 0.8382485405273435 0.31229109157509183 0.8339281537176595 0.32012641578757733 0.8735799862371909 0.3970294634066249
0 0.8866160727539065 0.3891941391941391 0.8426787607421877 0.3036634194139192 0.8387627615686634 0.31073910581938086 0.8827000735803823 0.3962698255996007
0 0.8963997016601559 0.38919413919413953 0.8472965664062497 0.2946635650183152 0.843247082041592 0.30206219454637984 0.8923502172954983 0.39659276872220417
0 0.9054516782226564 0.3891941391941392 0.8514448208007812 0.28525389285714287 0.8475236563008648 0.29242019071844205 0.9015305137227398 0.3963604370554384
0 0.9150906425781249 0.38919413919413953 0.8565740385742185 0.27688031135531144 0.8527369358052599 0.2839120698089176 0.9112535398091661 0.3962258976477457
0 0.906004777832031 0.35423377747252754 0.860836740722656 0.2673923864468866 0.8566876473140165 0.27498291968501387 0.9018556844233914 0.36182431071065474
0 0.9246723852539063 0.3891941391941393 0.9129198153979865 0.36664603230577597 0.9086483322258615 0.37447701175021997 0.9204009020817814 0.39702511863858325
0 0.9338526796874997 0.3891941391941394 0.8658077289357757 0.25871539382810976 0.862056932363372 0.2655954862203065 0.930101883115096 0.39607423158633615
0 0.9433514365234373 0.38919413919413953 0.8702291440429687 0.24953075274725303 0.8659065194213502 0.2574910517540742 0.9390288119018189 0.39715443820096064
0 0.898471127303983 0.2901255203689203 0.873921394110018 0.24268402278319273 0.870870559774785 0.24823694563771567 0.89542029296875 0.2956784432234432
0 0.5904383400872275 0.9575839999730956 0.5898437499999998 0.9432137728937725 0.517584153565116 0.9537301025910065 0.5181787436523437 0.9681003296703296
0 0.506770619140625 0.9697606172161176 0.5043923093202713 0.9122809388040479 0.362175405242714 0.9329785368032525 0.3645537150630677 0.9904582152153221
0 0.35593475732421875 0.9555712967032965 0.35385374398664 0.905276730452657 0.21024160771305572 0.926177369592461 0.21232262105063449 0.9764719358431004
0 0.5923211501758117 0.9308063322907888 0.589150069721898 0.8541667618536963 0.5043901044921875 0.8665023424908425 0.5075611849461013 0.9431419129279349
0 0.4994321196289063 0.8985460622710625 0.4969547197733878 0.8386715495055671 0.35223475234632046 0.8597334326836252 0.354712152201839 0.9196079454491206
0 0.34767258557435016 0.8965307001741001 0.34583574271253803 0.8380581806293118 0.20264651017586838 0.8538795906766012 0.20448335303768053 0.9123521102213896
0 0.2023186621436414 0.8478110561447119 0.05087659380906939 0.8449653585395174 0.050390770730289317 0.9359044380182491 0.20183283906486132 0.9387501356234434
0 0.029596456054687498 0.8825949606227106 0.02161097493280298 0.8237560190148335 0.015055492187500005 0.8268853791208791 0.023040973309384524 0.8857243207287562
0 0.49833426611328124 0.8047387490842491 0.4955595967185795 0.7376797376035643 0.35039651753249595 0.7588061083202332 0.3531711869271977 0.825865119800918
0 0.3478813931604267 0.8121788321448543 0.34570128987011167 0.7594894315664756 0.20208915175871778 0.7803900717391399 0.20426925504903284 0.8330794723175184
0 0.593906715593244 0.8125147109460237 0.5891500951160249 0.6975553535527138 0.5109267114257813 0.7089396291208792 0.5156833319030004 0.8238989865141889
0 0.4854880306492441 0.7275886407935704 0.4837766966541353 0.6790641712425853 0.341811794850504 0.6966745864349118 0.3435231288456128 0.7451990559858969
0 0.3394449584960938 0.7483524450549451 0.33696755875074363 0.6884779324324256 0.19452909765624998 0.7092077747252747 0.19700649740160012 0.7690822873477942
0 0.19604668588185012 0.8077725010995178 0.19198373498746185 0.7095781653536237 0.04393993115234375 0.7311238351648353 0.048002882046732004 0.8293181709107293
0 0.019976447753906265 0.811712445970696 0.00718096128079615 0.717432248508184 0.0006254791227440631 0.7205616089342334 0.013420965595854178 0.8148418063967454
0 0.259093611328125 0.6877644615384616 0.2581026361900931 0.6638142896786393 0.18743758593749998 0.6740985586080586 0.18842856107553185 0.6980487304678809
0 0.18151766552734375 0.699054510989011 0.17904024039368385 0.6391793868286134 0.0343199248046875 0.6602413205128205 0.03679734993834739 0.7201164446732181
0 0.005546519531250046 0.6816652527472528 4.4511752612043406e-17 0.6816652527472528 4.5391340286026446e-17 0.708605749084249 0.005546519531250047 0.708605749084249
0 0.5853333715820312 0.6571504157509157 0.5544750747353859 0.4297791128422487 0.48017964746093744 0.46524517857142855 0.5110379443075828 0.6926164814800957
0 0.47594479426797837 0.6420551512003275 0.4721121205834137 0.4602153657337346 0.2930765693142633 0.4734882968401663 0.296909242998828 0.6553280823067591
0 0.3061585501527625 0.6231188129384176 0.299763522149552 0.4674886367745604 0.15982046239649872 0.48771485248286134 0.16621549039970923 0.6433450286467186
0 0.16804967089843753 0.5998191117216117 0.1626984833299106 0.4704901345479583 0.025242655761718753 0.4904948379120879 0.03059384333024566 0.6198238150857414
0 0.8769859469704319 0.401809373602081 0.8434295990607145 0.40011162281024454 0.8376250656645013 0.8036479982924127 0.8711814135742187 0.8053457490842493