0 0.31585137442121225 0.3563587643736462 0.29292101011122346 0.35241967637540456 0.2742262598064297 0.6311284072356994 0.2971566241164185 0.635067495233941
0 0.2866559262491091 0.34803292053026963 0.2604875958632907 0.34342867779651676 0.24097091076686106 0.6275079134151144 0.26713924115267956 0.6321121561488672
0 0.27661322209110567 0.06188949177717143 0.26642637876988223 0.059759128802998884 0.25990109196694644 0.13966915239799582 0.2700879352881699 0.14179951537216834
0 0.2383903790196148 0.054103107672540195 0.2219234562296363 0.05001287616807895 0.21410512032355913 0.1306239150485437 0.2305720431135376 0.13471414655300495
0 0.19476973053589483 0.04519185760517803 0.1750219105156724 0.04051838025889971 0.16747524001493785 0.1221860267144114 0.1872230600351603 0.12685950406068972
0 0.935102281487157 0.2601345305305949 0.9125008078867543 0.10117975566343032 0.8645772999081919 0.11863104066681605 0.8871787735085945 0.2775858155339806
0 0.8868670580923569 0.2738066005523717 0.8645526612740142 0.13263997087378643 0.8469132442332243 0.13978087113047624 0.869227641051567 0.2809475008090615
0 0.8807711766182102 0.25892469326559714 0.8499398575282284 0.135593212034213 0.6780348512841334 0.24565138931877772 0.7088661703741153 0.3689828705501618
0 0.7117502036495333 0.3944634834485312 0.6898724544994944 0.2446025566343043 0.6562067858466589 0.25718940794628575 0.6780845349966979 0.40705033476051267
0 0.9731347736577937 0.43168316762499676 0.9365103982126411 0.270830181190348 0.8859869230652339 0.3002913482529553 0.9226112985103865 0.461144334687604
0 0.9277698598486037 0.45668169263434827 0.8947503700585795 0.3267654454149154 0.7277488797751931 0.4354687810977194 0.7607683695652174 0.5653850283171522
0 0.758810878070178 0.5691402530329704 0.7245732000037621 0.4035916307632682 0.6811212299214507 0.42660625232576693 0.7153589079878664 0.592154874595469
0 0.8260458767763728 0.08034059531493423 0.8050124895041638 -0.00981611500909638 0.7884724686428567 0.00006629453033843552 0.8095058559150656 0.09022300485436906
0 0.8002927482417163 0.06542175893066605 0.7846384518130636 -0.02281715414720541 0.7344189453993935 4.598982108479613e-17 0.7500732418280459 0.0882389130778715
0 0.7615506920075868 0.1178466979796454 0.7308429808615929 -0.007687299572149541 0.6507965168620949 0.042459575263739 0.6815042280080889 0.16799357281553395
0 0.8952105666585444 0.03075466270650676 0.8916158626133988 -0.01072048397554357 0.8352309408493427 0.0017951779935275313 0.8388256448944884 0.04327032467557786
0 0.44426348736097077 0.8016454708737866 0.3627613443112994 0.7959528905251586 0.36050775191360085 0.878585384592219 0.4420098949632722 0.8842779649408469
0 0.5302177284520463 0.8055160198255789 0.4819785344334934 0.7767503603443157 0.43868083720930245 0.9627046237864082 0.4869200312278552 0.9914702832676713
0 0.9010566445904955 0.7752326043689323 0.7952308439536337 0.7605330681881904 0.7940884305294686 0.7815963899510625 0.8999142311663304 0.7962959261318043
0 0.7851246898604853 0.7563618085390227 0.7081423270477564 0.7434841879470333 0.7065638320972499 0.7676507260353519 0.7835461949099789 0.7805283466273413
0 0.7039024939332659 0.744269079288026 0.6832085872083925 0.7419455082718305 0.6823834155712841 0.7607666715210356 0.7030773222961575 0.7630902425372312
0 0.674185052578362 0.7396714854368934 0.6602831408673776 0.7381105381009582 0.65945798281092 0.7569313802588999 0.6733598945219045 0.7584923275948352
0 0.8461496016177957 0.742588012944984 0.8080031593790669 0.7383048208247042 0.8079481516658754 0.7395594798299506 0.8460945939046043 0.7438426719502306
0 0.6727785515672396 0.719338908576052 0.6648705798519122 0.7166196237984147 0.6622933463094035 0.7358142572815535 0.6702013180247309 0.7385335420591908
0 0.8187911132457029 0.7306896334951458 0.8089471120754722 0.7295843202279304 0.8087820748230535 0.7333486173139161 0.8186260759932841 0.7344539305811315
0 0.8062545516985237 0.7078465704357114 0.6909048877865477 0.6948947791934927 0.6896946369012227 0.7224991301106714 0.8050443008131987 0.73545092135289
0 0.6831279680389946 0.6927606650530267 0.6663974917322721 0.690882117567793 0.6654623038422649 0.7122125978964402 0.6821927801489872 0.7140911453816737