0 0.5339266987304688 0.1506404504792333 0.2456341062846489 0.1195385700551332 0.24235509375000003 0.20086676996805117 0.5306476861958199 0.23196865039215128
0 0.37921314111328125 0.4128712172523962 0.23425460546658256 0.3967877386977959 0.23080806208121218 0.47990645083015177 0.3757665977279109 0.4959899293847521
0 0.5596200261195592 0.4394956724822469 0.40960043081705755 0.4226883649641713 0.4062031307717171 0.503828363408442 0.5562227260742187 0.5206356709265176
0 0.9457192066536958 0.43508311752468953 0.9419003515625001 0.33342194648562307 0.9123143263586322 0.3363957751332568 0.9161331814498279 0.43805694617232327
0 0.5296807061144755 0.7797754774338855 0.5014331209196292 0.6827840194555788 0.4932054881125054 0.6891957311745442 0.5214530733073517 0.786187189152851
0 0.5132976591796875 0.7806112300319488 0.48590912122182717 0.6831302972792717 0.47826306767327653 0.6888785751747896 0.5056516056311369 0.7863595079274667
0 0.49641263427213617 0.7795317404103745 0.47009485229691983 0.6852553628041315 0.4624240823101077 0.6909851250931459 0.488741864285324 0.785261502699389
0 0.6941028551506457 0.774523795505389 0.6921488890739237 0.6757876436385726 0.5275014436580201 0.6845062499223409 0.5294554097347421 0.7832424017891573
0 0.6525810133236446 0.676633878860553 0.6518889304387041 0.6304470244811136 0.5117274169833341 0.6360668101120361 0.5124194998682746 0.6822536644914756
0 0.8194840598398984 0.7698253641919168 0.8171426390909337 0.613568328457223 0.6615131298828124 0.6198083067092652 0.6638545506317771 0.776065342443959
0 0.640010271484375 0.6198083067092653 0.5086236235351562 0.6198083067092653 0.5086236235351562 0.6331078650159746 0.640010271484375 0.6331078650159746
0 0.5011129672851562 0.682707000798722 0.48127730277090675 0.6157027804779308 0.47535552668376946 0.620393590292285 0.495191191198019 0.6873978106130764
0 0.486215664258866 0.6840438896051764 0.4651438085967169 0.6154401578550163 0.45882626759869805 0.6206323930721708 0.47989812326084713 0.6892361248223309
0 0.4694623762687833 0.685213193763509 0.449412708202542 0.6153192686524191 0.44208221031118333 0.6209459520211775 0.4621318783774247 0.6908398771322672
0 0.8344324795736221 0.8735359078775701 0.834017009765625 0.8629410670926517 0.8313551327310654 0.8632203756687558 0.8317706025390625 0.8738152164536741
0 0.8319139281411355 0.8604302311450264 0.8317955488281249 0.8574114872204475 0.8311300786948018 0.8574813151808525 0.8312484580078124 0.8605000591054314
0 0.8501497984275005 0.806411320370305 0.8478473611695488 0.8047682101310236 0.8349401708704118 0.8531636077515475 0.8372426081283635 0.8548067179908289
0 0.844905681078145 0.7150718112269138 0.8391536780720177 0.7110020757625608 0.8241065912443266 0.7679078841965782 0.8298585942504539 0.7719776196609311
0 0.8942895797909634 0.6232483411651084 0.8816738620643729 0.6144489536091406 0.8219416952795922 0.8435985164999863 0.8345574130061826 0.8523979040559541