0 0.8360906932915071 0.3350963554694603 0.8248572826073128 0.3101251256490187 0.7879961430788271 0.3565485883218934 0.7992295537630214 0.3815198181423351
0 0.8726280416724931 0.2947031556108633 0.8625550428521637 0.2711334135930033 0.8242832616503528 0.31692436828835485 0.8343562604706822 0.34049411030621485
0 0.9044322381413047 0.2562389721476642 0.893367444550187 0.2322339545948131 0.8555528642578125 0.2810314624183007 0.8666176578489302 0.3050364799711518
0 0.9343690581054689 0.2254878970588235 0.9258684571576469 0.20164654275327898 0.8804461423187986 0.24698691062995815 0.8889467432666207 0.2708282649355026
0 0.9669744659041222 0.0915303522692838 0.9629820081883214 0.08078423099552144 0.839723164842793 0.2089888713732965 0.8437156225585938 0.21973499264705887
0 0.9828018464371 0.08146489752498748 0.9787181934527391 0.06979017522520699 0.8575202371523581 0.1884748479616574 0.8616038901367189 0.2001495702614379
0 0.9949167625960611 0.053743525422594585 0.9896322497066583 0.0422909259122288 0.8837297622612772 0.17909660224462662 0.88901427515068 0.1905492017549924
0 0.9946900507812498 0.038527010620915035 0.9899045637683956 0.027411066022260445 0.8879363641322527 0.15030815294095023 0.8927218511451069 0.16142409753960482
0 1.0011899985117543 0.03177515360913897 0.9968855511090527 0.01963135473450348 0.8975969375835372 0.1181592838516085 0.9019013849862387 0.130303082726244
0 0.9789321156989683 0.017799051887459817 0.9749442580602131 0.006459465113254022 0.9177400486707697 0.06278009121574564 0.921727906309525 0.07411967798995144
0 1.0022976705209499 0.015230210870967003 0.9989334020527467 0.007124381773351636 0.9450676719596783 0.06971407484825123 0.9484319404278816 0.0778199039458666
0 1.0024447113825137 0.07911207126977197 0.9985046746932893 0.06898292926214367 0.9807669015916289 0.08829922163369688 0.9847069382808532 0.09842836364132519
0 1.003318456268949 0.02237527768338138 1 0.013800897058823609 0.9751388246231487 0.04073807323444584 0.9784572808920977 0.04931245385900361
0 0.9214619774967043 0.713527790880146 0.8958041993060614 0.6160613617610571 0.8214105425959809 0.6708886753022432 0.8470683207866239 0.768355104421332