0 0.38856852670768915 0.38043042049466874 0.3685810917968749 0.36409169335937497 0.2677548099772976 0.3949273075489129 0.28774224488811184 0.4112660346842067
0 0.385357212211953 0.43598381738030906 0.379780619140625 0.4310277783203126 0.3281731970747748 0.44554509693087874 0.33374979014610284 0.4505011359908752
0 0.373612608995254 0.4128624619045351 0.3681336835937499 0.40812720507812494 0.3288481021202821 0.41949104331005344 0.33432702752178617 0.4242263001364636
0 0.07653985577763817 0.5141377969072596 0.05849263476562504 0.44767709179687504 0.026269204769236873 0.4498646376630529 0.04431642578125 0.5163253427734374
0 0.020698366759857992 0.5175629398545557 0.012098640625000018 0.48450861230468745 0.007929596174376385 0.48477977680247764 0.01652932230923436 0.517834104352346
0 0.09388295556199476 0.5357336329266761 0.09158633404398155 0.5272611378455543 0.06281458054341568 0.5292109126039842 0.0651112020614289 0.537683407685106
0 0.09953472046183623 0.5552391782117327 0.0971341953125 0.5450007451171875 0.056025631931690856 0.5474103457693931 0.05842615708102708 0.5576487788639383
0 0.050649188302220816 0.5628737123739277 0.030246853515625005 0.5435299228515624 0.02386940166023288 0.5452115337335547 0.04427173644682869 0.56455532325592
0 0.04433543673928092 0.5782973655144557 0.011596417968749995 0.53210322265625 0.0009421425627746394 0.5339909648077459 0.033681161333305565 0.5801851076659515
0 0.34359127354438046 0.20980262203272226 0.334416853515625 0.16450936035156247 0.3186491224150431 0.16530782232276878 0.3278235424437986 0.21060108400392857
0 0.32672764299666496 0.16176790205262323 0.3117673102149289 0.1593795182500894 0.28555353245263904 0.20042891307246616 0.30051386523437507 0.202817296875
0 0.28718668556693533 0.28190267134731745 0.26382217187499996 0.2594543896484375 0.25790638946999367 0.26099369876855577 0.28127090316192904 0.28344198046743574
0 0.26627245029334645 0.2906543123455928 0.2522130410156249 0.2713262568359375 0.2459653499868031 0.27246241413291794 0.2600247592645247 0.29179046964257327
0 0.3644734673491311 0.7203376281727197 0.08572434317374289 0.6421662024803387 -0.11780113573810336 0.8236025409235788 0.16094798843728486 0.9017739666159597
0 0.6505609459087314 0.7021941304519782 0.453515482779998 0.6747165597014246 0.4123295368712667 0.7485540894056966 0.6093750000000001 0.7760316601562501
0 0.4317889761875696 0.6716868445238129 0.2978552518637343 0.6530100715487627 0.28294307537952007 0.6797443919928402 0.4168767997033554 0.6984211649678904