0 0.19809253120448272 0.08315024345979505 0.12674227974413926 0.08025005981178886 0.12370320166015628 0.3005888113998324 0.19505345312049974 0.3034889950478386
0 0.9937476611328125 0.11611082816429175 0.9863412875257522 0.03866545560670311 0.8215061582031251 0.0851211475272423 0.8289125318101854 0.16256652008483094
0 0.13076351757812502 0.5326584610226321 0.11555482051462865 0.5326201099727094 0.11553023437001782 0.5613533235117376 0.13073893143351417 0.5613916745616603
0 0.1324766070086474 0.6235515434224119 0.13107689363990765 0.5735432812445386 0.11501679736328124 0.574868002514669 0.11641651073202099 0.6248762646925423
0 0.10494829638671872 0.7165431148365464 0.10070606293362382 0.7031943011007451 0.053563885438290576 0.7473453013662238 0.05780611889138548 0.7606941151020251
0 0.36459134375000013 0.8765659270746021 0.27716652797965646 0.804689394861201 0.2616108378906251 0.8604485146689018 0.3490356536609687 0.9323250468823032
0 0.25618130813496687 0.8129702670420662 0.2123925932786719 0.7724906670062828 0.2039763129882813 0.7993209463537302 0.2477650278445763 0.8398005463895135
0 0.21129525537109378 0.7546499899413245 0.12413336185787543 0.682366611298358 0.1084262994149712 0.7381830598253519 0.19558819292818955 0.8104664384683182
0 0.8230369838867188 0.5902427870913662 0.821041131303897 0.5751826881622787 0.7307014536132811 0.6104650938809723 0.7326973061961028 0.6255251928100598
0 0.8442254057617186 0.6613034224643756 0.8422291822409055 0.6462414061028874 0.7518898759765624 0.6815257317686505 0.7538860994973755 0.6965877481301388
0 0.8182693051757812 0.5735035658005031 0.8162730515431692 0.5584415556511381 0.72593551953125 0.5937257351215424 0.727931773163862 0.6087877452709074
0 0.8133732255859375 0.5546360645431685 0.8113770705957404 0.5395745644587397 0.7210394418945312 0.574858233025985 0.7230355968847284 0.5899197331104138
0 0.8018484394531249 0.5191801525565801 0.7998522158372432 0.5041181353956576 0.7095129091796873 0.539402461022632 0.711509132795569 0.5544644781835544
0 0.8394578476562499 0.6445662011735122 0.8374615942726343 0.6295041917876243 0.7471240639648438 0.6647883679798827 0.7491203173484593 0.6798503773657705
0 0.8279330615234375 0.6091102891869236 0.8259372771502923 0.5940507057512723 0.7355992783203125 0.6293324576697402 0.7375950626934576 0.6443920411053916
0 0.8326988735351563 0.6258476504610228 0.8307026200123427 0.6107856411076503 0.7403650898437498 0.6460698197820619 0.7423613433665633 0.6611318291354344
0 0.8067445170898437 0.5380476563285834 0.8047483621236781 0.5229861564254792 0.7144107338867187 0.5582698248113999 0.7164068888528844 0.5733313247145041