0 0.3844275171890799 0.2044460800970874 0.38237387684299606 0.1676906076989846 0.2079103551038656 0.1926550947540008 0.20996399544994943 0.22941056715210356
0 0.3885587444113216 0.25854751405818144 0.3864446830131445 0.2165439012944984 0.2085468731582043 0.23947459454346354 0.21066093455638132 0.28147820730714657
0 0.8593338083923154 0.2657223333333333 0.8587888115762075 0.2545203636258881 0.7233558438258628 0.27139520113090987 0.7239008406419707 0.2825971708383551
0 0.8047765130487557 0.2434467062105617 0.8028589888726931 0.20882905599526846 0.6587424306662855 0.2292733810584003 0.660659954842348 0.26389103127369357
0 0.9762788191780184 0.17120199706851247 0.9754548843538343 0.157151114232437 0.8403114563321534 0.17744661682627758 0.8411353911563376 0.19149749966235305
0 0.7846066394211434 0.20672630058295932 0.7824814178647146 0.1709588342927575 0.63600126289181 0.19324885436893202 0.6381264844482388 0.22901632065913385
0 0.6997121648129424 0.1717865622977346 0.6990581910686005 0.1583446592574527 0.6551438554092712 0.1638163495097669 0.6557978291536132 0.17725825255004876
0 0.7740939160983461 0.15012217094946928 0.7733854197772241 0.13555958197173987 0.7507019189961486 0.13838592403091576 0.7514104153172707 0.15294851300864518
0 0.5139451589116542 0.20683633307484608 0.5125250920573212 0.16520116443496324 0.44707227939978844 0.17091848323822348 0.4484923462541215 0.21255365187810638
0 0.7602643837209303 0.13043275647249192 0.7596386434974239 0.11945974057376572 0.7029049380773941 0.12774535743225002 0.7035306783009003 0.13871837333097622
0 0.6446110882836682 0.14371616229448092 0.6440115959459229 0.13139408258962512 0.6031693735972762 0.13648299084482407 0.6037688659350214 0.14880507054967987
0 0.2957027481585887 0.7232835959243905 0.25272634214404915 0.6620871268960531 0.17956825323722983 0.7936646523308858 0.22254465925176942 0.8548611213592233
0 0.8701457910470488 0.8846046827300672 0.8677043392528148 0.8650956954480146 0.799583458364775 0.8869284894136599 0.802024910159009 0.9064374766957125
0 0.7574578377148635 0.9265193551779936 0.7488554797351394 0.8821682398756405 0.7282863690596562 0.8923857273462782 0.7368887270393802 0.9367368426486312
0 0.7217383415816266 0.9406492613611738 0.7151520669609295 0.8954905751089003 0.5977415078831542 0.9393457982500913 0.6043277825038513 0.9845044845023644
0 0.8661038862021778 0.8598105470852433 0.86435996631352 0.8458753530964613 0.7939349410284684 0.8684466314413886 0.7956788609171263 0.8823818254301703
0 0.9090651437347215 0.8663336469212117 0.9041820613882774 0.8273142468233472 0.8670055108424878 0.8392293603334608 0.871888593188932 0.8782487604313253
0 0.9490807320525785 0.8448118470873789 0.9441976486263188 0.8057924471530338 0.9076995045500506 0.8174901334951457 0.9125825879763102 0.8565095334294908
0 1.0052318498686856 0.8268153659365415 0.9999999993786138 0.785009071895513 0.9553234284325886 0.7993279541979517 0.9605552789226605 0.8411342482389801
0 0.7073809672871288 0.8897357556032124 0.7010992439192363 0.8477626429568517 0.6408076321553464 0.8708715899963929 0.6470893555232389 0.9128447026427535
0 0.6471416028316266 0.912554328167854 0.6407122105381683 0.8702935918289958 0.5860590111223459 0.8915879271844659 0.5924884034158042 0.933848663523324
0 0.8418699217579452 0.8414879884390497 0.8369868397683079 0.8024685891784612 0.798228962041974 0.8148905186449102 0.8031120440316113 0.8539099179054987
0 0.7452770212335693 0.8753447661812297 0.737204104449793 0.8337232896326449 0.7166344674060108 0.8439410392043445 0.724707384189787 0.8855625157529294
0 0.7725088611535956 0.806464686512413 0.7665534975523889 0.7757606555614875 0.7500979989888777 0.7839347483818772 0.7560533625900845 0.8146387793328026
0 0.7357485273003035 0.8262187775080907 0.7276094126852357 0.784256025570587 0.7049829742163802 0.7954954749190939 0.713122088831448 0.8374582268565977
0 0.6980612826086957 0.8411969870550162 0.6920476427696728 0.7988280489989968 0.5741980724054644 0.8416664717212827 0.5802117122444872 0.884035409777302
0 0.8448999522027085 0.7883369855407155 0.8396681040097808 0.7465306888101844 0.7888495950283586 0.7628180597335743 0.7940814432212865 0.8046243564641055
0 0.7240971688574318 0.7777739142394823 0.7227020151461165 0.7666256161084464 0.7007481182038363 0.7736618576353174 0.7021432719151517 0.7848101557663533
0 0.7669142065000848 0.7553542500284414 0.7655190525646932 0.7442059505005608 0.7441068748080508 0.751068570837559 0.7455020287434425 0.7622168703654395
0 0.7617951461071789 0.7396021132686084 0.7603999923775321 0.7284538172707082 0.7407501964788704 0.7347515938582514 0.7421453502085172 0.7458998898561516
0 0.6864097881698686 0.7927514263754045 0.6804771799156639 0.7499340243885573 0.5602473085575523 0.7925972192597924 0.5661799168117571 0.8354146212466397
0 0.716499521313895 0.7512207235296126 0.7147555120409523 0.737284815148445 0.6949251575823214 0.743640459944348 0.6966691668552641 0.7575763683255157
0 0.8763030665610143 0.7139756252015685 0.8691799462610157 0.6732107461039942 0.7771982386248736 0.7143731966019415 0.7843213589248723 0.755138075699516
0 0.8147266362563116 0.632772637044103 0.8122850948749222 0.6132629399367595 0.7279014094703642 0.6403079834536205 0.7303429508517536 0.659817680560964
0 0.6993378137081465 0.6733771767446624 0.6911327505605649 0.6310744011580386 0.6705631143895177 0.6412921519819813 0.6787681775370992 0.6835949275686051
0 0.6638620819062807 0.6885256461884611 0.6575324562475217 0.6444741422342224 0.5357338621653664 0.6892944871396913 0.5420634878241255 0.7333459910939301
0 0.855259290192113 0.6168832176375406 0.8503762069049728 0.5778638159349556 0.8084114000531464 0.5913135713719164 0.8132944833402865 0.6303329730745013
0 0.8108529417983038 0.6108232739594026 0.808411400491437 0.5913135725628491 0.7208207351689491 0.6193864488641605 0.7232622764758159 0.638896150260714
0 0.7504537186830623 0.599741561436469 0.7468803290792134 0.5813182673179643 0.7098557209302324 0.5997098535598704 0.7134291105340812 0.618133147678375
0 0.800951688985397 0.5850083892621536 0.798510147957301 0.5654986886675005 0.7514403346906092 0.5805845992943424 0.7538818757187051 0.6000942998889954
0 0.6902066329625886 0.6262996189320387 0.6815380661847952 0.5816071439275448 0.6589116218402427 0.5928465881877023 0.6675801886180359 0.6375390631921963
0 0.6523013205496822 0.6406831484558247 0.6457306244544396 0.5956312129727932 0.5262126178398598 0.6402735479098249 0.5327833139351024 0.6853254833928564
0 0.7951355512740761 0.5636815603445157 0.7930427739962537 0.5469587554365662 0.7454307002022245 0.5622184773462784 0.7475234774800469 0.5789412822542278
0 0.7404636800944779 0.5841026284945234 0.7380221384124408 0.5645929265405939 0.7029685424671386 0.5758276326860843 0.7054100841491757 0.5953373346400137
0 0.7303941739221707 0.5554422187622936 0.7286502481828296 0.5415070241059091 0.696080821536906 0.5519455865695793 0.697824747276247 0.5658807812259639
0 0.7864796226974191 0.5316687315134294 0.785084558148119 0.5205211427185479 0.7358911997132942 0.5362876490057096 0.7372862642625944 0.5474352378005911
0 0.6402135729291274 0.5899938359151746 0.6334547364662353 0.5462061561282627 0.5189327786312893 0.5914776058295318 0.5256916150941814 0.6352652856164437
0 0.6780258164812942 0.5751250275080905 0.6699528983786255 0.5335035501452468 0.6493832630793741 0.543721300319774 0.6574561811820429 0.5853427776826177
0 0.7855610373008234 0.5138753442350811 0.7825613320266361 0.49299869376571953 0.6912064657724375 0.5266161683961593 0.6942061710466246 0.5474928188655209
0 0.6288347360051962 0.5426282443812128 0.6221945541494979 0.49898198408690786 0.5073901303024287 0.5437128382815687 0.5140303121581271 0.5873590985758735
0 0.6663739150657229 0.5266803381877023 0.6582346846231727 0.48471697608766046 0.6356087704304464 0.49595616152774524 0.6437480008729966 0.5379195236277872
0 0.9135362174979976 0.453261974450372 0.907258071295899 0.40309498925196924 0.8638487120244596 0.417007721623053 0.8701268582265582 0.46717470682145573
0 0.8192457563195147 0.46608934466019425 0.8126972313315074 0.426676731229635 0.680623347896826 0.4828773162260656 0.6871718728848333 0.5222899296566249
0 0.74870990950455 0.3698430097087379 0.7430508182332262 0.3320286523323293 0.6093378893199757 0.3832768986866769 0.6149969805912995 0.42109125606308545
0 0.5951223556297696 0.42732360872900677 0.5859981509791091 0.364763557693578 0.4930066767425339 0.39949770879230584 0.5021308813931944 0.46205775982773456
0 0.9332951183501013 0.29896292568202426 0.9253913076574958 0.24614923325759788 0.8142537373718168 0.288745008694468 0.8221575480644223 0.34155870111889436
0 0.7338699297259117 0.3079250960532046 0.7286380994646171 0.26611893889224086 0.5948366271620633 0.30900240909613813 0.6000684574233579 0.3508085662571019
0 0.5780896439588502 0.35103019901481985 0.5725355802279257 0.31204950421118904 0.480187605662285 0.3457475169902913 0.4857416693932095 0.3847282117939221