0 0.38794134375 0.36379868983957214 0.38772087129085414 0.34735155697150283 0.3501211162922482 0.34903083788233624 0.35034158875139404 0.36547797075040556
0 0.38836099769193033 0.3849573660052345 0.3881744150390625 0.37333920766488415 0.35036509417870343 0.37536225963700304 0.35055167683157124 0.3869804179773534
0 0.38711781591796873 0.4024087673796792 0.38689944236643165 0.3904606094387053 0.3497510540247524 0.3927227169936216 0.34996942757628946 0.4046708749345955
0 0.8673047810254257 0.23632147731195374 0.7969066969741412 0.2309033363618715 0.7904872069643407 0.5088012324902031 0.8608852910156253 0.5142193734402855
0 0.9926653323058628 0.11411365307876525 0.9797369056886809 0.09575925448213106 0.9530970168629846 0.15827826770215733 0.9660254434801666 0.1766326662987915
0 0.4232253125498591 0.8716203242794094 0.42232669435005626 0.7773814597694416 0.37567461644702926 0.7788636035927043 0.3765732346468321 0.873102468102672
0 0.25506107942884865 0.7962531634785258 0.2521308689646315 0.6886781522823343 0.19874089845409157 0.6935234591424696 0.20167110891830872 0.8010984703386612
0 0.8254282431640625 0.8170770204991087 0.8175070807353535 0.7843144094082084 0.7844457648415298 0.8109464680413502 0.7923669272702387 0.8437090791322505
0 0.8820209174804687 0.7735886105169342 0.8758491705589853 0.7459786605969346 0.8542993916015624 0.7620280864527627 0.8604711385230459 0.7896380363727622
0 0.732775873046875 0.9339383101604278 0.7306411955859027 0.9255046468272433 0.7083562241210937 0.9442979135472371 0.7104909015820661 0.9527315768804216
0 0.7696936904296874 0.9017481497326205 0.767559163545334 0.8933144725497235 0.7452737809526389 0.9121067294493717 0.7474083078369922 0.9205404066322687
0 0.6553337978515625 0.9596311684491977 0.6523672798993119 0.9487396611987711 0.6384777487545621 0.9613440204397474 0.6414442667068125 0.9722355276901741