0 0.38471970028897196 0.2321116375320241 0.35212685203583444 0.229247347419475 0.34748166668568553 0.3053624523835169 0.3800745149388231 0.308226742496066
0 0.34844066712109795 0.23522841231039743 0.3247506419270833 0.23315403281250005 0.32069562845181876 0.29983963925210266 0.34438565364583335 0.30191401875
0 0.3446672119950082 0.31812992420673414 0.3202667929687501 0.3156079625 0.31003310227643216 0.4581863094240298 0.3344335213026903 0.46070827113076396
0 0.3786053221046454 0.32438436149801914 0.3463454939958465 0.3218956898942986 0.34173906433137513 0.4078804319898418 0.37399889244017404 0.4103691035935624
0 1.002153688298304 0.1542736245995315 0.9147707096354168 0.14820655000000013 0.9125896080520689 0.193442727005793 0.9999725867149561 0.19950980160532436
0 0.2973791698945445 0.9817236483832629 0.18771439349330166 0.7711162623275202 0.048425424580007904 0.875557684067924 0.15809020098125073 1.0861650701236667
0 0.3596739859962368 0.5957295902456734 0.3261799782894765 0.515459167149641 0.26869442057291665 0.55 0.3021884282796769 0.6302704230960324
0 0.515742442676897 0.9853938546290648 0.5068192721663854 0.9850314847054811 0.5066705169894886 0.9903062316389161 0.5155936875000001 0.9906686015624997
0 0.8890592421875 0.9964267515625 0.8579722773437499 0.9964267515625 0.8579722773437499 1 0.8890592421875 1
0 0.656581533607255 0.9823123391043017 0.5907472432550188 0.9796388016804191 0.590350570215146 0.9937044925145916 0.6561848605673822 0.9963780299384742
0 0.9852271145833335 0.9654589828125001 0.9110733489583334 0.9654589828125001 0.9110733489583334 1 0.9852271145833335 1
0 0.5010251873903454 0.9443109031143944 0.42626842309387736 0.941275016239055 0.42497922656250015 0.9869887328125 0.49973599085896825 0.9900246196878394
0 0.5102291629693705 0.9793685583072833 0.4887810219866489 0.9341941779061937 0.48183205165214216 0.9389451272606324 0.5032801926348637 0.984119507661722
0 0.5770024974422597 0.9359712872904138 0.5005585650953902 0.9359582332356983 0.5005517840954498 0.9931395067370306 0.5769957164423193 0.9931525607917461
0 0.6474031615531104 0.9326533106158428 0.5649675748235256 0.9293055874197499 0.5635296360103205 0.9802936007166874 0.6459652227399053 0.9836413239127803