0 0.6367548247436919 0.5427641717137818 0.6200545096153847 0.5146637067307693 0.4868055038323557 0.5938545809193452 0.503505818960663 0.6219550459023577
0 0.6682241898431311 0.6163182132881028 0.6635162620192308 0.6080034278846156 0.5930404531356106 0.6479076473508112 0.597748380959511 0.6562224327542985
0 0.6408549501763662 0.5873978474284445 0.6362481249999999 0.5793900168269233 0.5838873139479415 0.609512669841555 0.5884941391243076 0.6175205004430763
0 0.20827857294763227 0.8497055544812695 0.1598247247136351 0.7667655744279975 0.11559963734292586 0.792602036773651 0.16405348557692306 0.875542016826923
0 0.12633513906311383 0.8861590465097932 0.10072769951923083 0.8426016033653846 0.09494229944936085 0.8460028425527999 0.12054973899324385 0.8895602856972084
0 0.24793889092466953 0.8829472982089415 0.2434703201248403 0.870489103674262 0.19997767598034955 0.8860892742359296 0.20444624678017875 0.898547468770609
0 0.2637162374122924 0.9074834767689737 0.25804568867165717 0.8929108615617631 0.1962626498897837 0.9169521010905352 0.20193319863041895 0.9315247162977456
0 0.18672552893301597 0.9384773709505093 0.15217520432692316 0.9213895 0.14825752377016005 0.9293107404711605 0.18280784837625286 0.9463986114216698
0 0.18459719759952573 0.9638285803340406 0.11820054326923089 0.9125672355769231 0.10863080076207243 0.9249625187730296 0.17502745509236725 0.9762238635301473
0 0.5193381953222587 0.29555315084260314 0.48924242548076935 0.2366815264423077 0.4664637431032607 0.24832621926519588 0.49655951294475 0.30719784366549135
0 0.4725223516102614 0.24550601481645243 0.45164614595968927 0.23794280058500533 0.42928486646481256 0.2996650598070145 0.4501610721153847 0.3072282740384616
0 0.45445276608355034 0.42631883788333574 0.4136913245192308 0.40582215865384624 0.41000218270581307 0.4131587001865723 0.45076362427013267 0.4336553794160618
0 0.4256649041212373 0.44758075471759634 0.39983087019230773 0.4281534110576924 0.39433301000177917 0.4354643388502431 0.42016704393070875 0.45489168251014706