0 0.9030162077496136 0.19592299263029123 0.7609273713420514 0.1735555659956265 0.7542952124844062 0.23248486565794677 0.8963840488919684 0.2548522922926116
0 0.5395253296975929 0.9555408173529797 0.5196511133412389 0.9525963155040104 0.5146299830346854 0.9999999998538256 0.5345041993910394 1.002944501702795
0 0.5154829960829214 0.9494933238650928 0.39161893184251273 0.9318636839759945 0.3882286980970062 0.9651805352820146 0.5120927623374149 0.9828101751711129
0 0.371888234075722 0.9264556032093157 0.250265186335054 0.9091449254623898 0.24165918175765652 0.9937187181102363 0.3632822294983245 1.0110293958571621
0 0.24419959489334825 0.9062086896467817 0.11612068157488428 0.8872328587145275 0.10687341093993805 0.9745345833801967 0.23495232425840204 0.993510414312451
0 0.10286934429344649 0.8829657300935083 9.461288092677765e-17 0.868324276377953 -0.009127616000080562 0.9580240933794846 0.09374172829336584 0.9726655470950399
0 0.5723544573765723 0.6456062858279075 0.5524802391767845 0.6426617839747989 0.5218121584553929 0.9321942322834648 0.5416863766551807 0.9351387341365732
0 0.5495567562320213 0.6423876182400942 0.42786936913143353 0.6218046734419546 0.3928714701900855 0.9112139534559015 0.5145588572906732 0.9317968982540411
0 0.4110996691136922 0.6187387489832704 0.28699847212345797 0.5977261631988546 0.25148612936951836 0.8910911085588001 0.3755873263597526 0.9121036943432158
0 0.28319341464664965 0.599391072483356 0.1577235779231078 0.5768491690800311 0.12023860063901241 0.8686848732384644 0.24570843736255427 0.8912267766417893
0 0.14281255669291273 0.5752590538613893 0.016790083633929535 0.5531486501285913 -0.019701178613020752 0.8440680175697385 0.10632129444596243 0.8661784213025366
0 0.5781990414992089 0.3786756018952205 0.45674504963986773 0.36068135895774583 0.4309022255021873 0.6046593267424843 0.5523562173615285 0.622653569679959
0 0.4413347880012287 0.35915026226849284 0.31736603255739954 0.33861060847381735 0.28827785891940577 0.5841764747290435 0.412246614363235 0.604716128523719
0 0.3108420592543276 0.3405742188976379 0.18497126225518865 0.3219255960333257 0.15942019317175488 0.5631491521383982 0.2852909901708939 0.5817977750027105
0 0.17197614287850058 0.33938136860683743 0.04395857434611869 0.31783852243136174 0.017327256688390916 0.5391946620139009 0.1453448252207728 0.5607375081893765
0 0.03733376098535291 0.33937007874015745 0.032917236853824174 0.3387157403632682 0.011890991344873552 0.5372211606299213 0.016307515476402287 0.5378754990068106
0 0.7914697079076495 0.5998784132213237 0.7677250961542289 0.5814837426347824 0.7143011139456471 0.6779425168150337 0.7380457256990678 0.6963371874015749
0 0.8272272999949064 0.5979771489953374 0.8159572077230359 0.5890054803149608 0.7818459510037621 0.6489410155715922 0.7931160432756326 0.6579126842519687