0 0.28165015625000006 0.2447569953125 0.20330340268414515 0.2401063683302008 0.20110466547554906 0.2771473786915149 0.27945141904140397 0.2817980056738141
0 0.2883065187910422 0.18512854358351566 0.20973898712638017 0.18052986496067075 0.20775061406250012 0.21450083281250007 0.2863181457271621 0.21909951143534498
0 0.9914973062500001 0.3188054046875001 0.9668498790173929 0.3185413783874732 0.9667620046875003 0.32674463750000016 0.9914094319201074 0.327008663800027
0 0.9625401078125 0.31849521093750016 0.9380509981450059 0.31779868131949895 0.9373466699668196 0.34256197860326376 0.9618357796343137 0.34325850822126497
0 0.9335834796875002 0.31818502343750016 0.9090938009439233 0.3174884764811158 0.9085438703595712 0.33682331560231094 0.9330335491031481 0.33751986255869537
0 0.9046268499999999 0.31787483593750004 0.8688423461498116 0.31749150805832815 0.8687251779391003 0.3284294192177853 0.9045096817892885 0.3288127470969572
0 0.8648047390624999 0.3078763984375001 0.8134285486480536 0.30732604860415724 0.8132674408679715 0.3223657624103056 0.8646436312824178 0.32291611224364847
0 0.9895128352670628 0.3051100188379963 0.938257819645313 0.30456096248165515 0.9381552953125002 0.3141317218750001 0.98941031093425 0.3146807782313413
0 0.9340500406250001 0.30178127187500015 0.9093299100986352 0.30151646703925855 0.9091980968719439 0.3138215299728069 0.9339182273983088 0.3140863348085485
0 0.8093131812500001 0.3004450718750001 0.7602127671057812 0.29991910068568856 0.7600955985021245 0.3108570134101041 0.8091960126463433 0.3113829845994156
0 0.9051227065713535 0.2987364328323737 0.8692655002762691 0.29835232409187623 0.8691043921874998 0.3133920390625001 0.9049615984825842 0.31377614780299756
0 0.8651985968301122 0.29147186612949505 0.8138224133078988 0.29092151829914786 0.8136905999793953 0.3032265831734845 0.8650667835016087 0.30377693100383174
0 0.8096681639933546 0.2854074330663429 0.7605192803476162 0.28488094486238735 0.7603874671643844 0.29718600840788634 0.809536350810123 0.2977124966118419
0 0.7579710895482656 0.2836711016003304 0.7076000824619455 0.27749110222878276 0.7052939087479901 0.2962879152224448 0.7556649158343103 0.3024679145939924
0 0.69871830625 0.27191244843750006 0.6606337977448271 0.27150448237765146 0.660501984358085 0.28380954532905656 0.6985864928632579 0.2842175113889051
0 0.6563730670270587 0.27145883999427933 0.6317014015932018 0.27119455288231203 0.6315842328080233 0.28213246448041013 0.6562558982418801 0.28239675159237737
0 0.8701885124633868 0.2710142972275404 0.8189086862731167 0.2704649780938445 0.8187622232056111 0.2841375414259395 0.8700420493958811 0.2846868605596354
0 0.8146383701556529 0.2690519270522027 0.7655373826906068 0.2685259488933619 0.7654202139265616 0.2794638593711598 0.8145212013916077 0.2799898375300007
0 0.9955826439086207 0.2705029019957797 0.9663865844963248 0.26659224474447857 0.9656642980112442 0.27198466800634574 0.9948603574235403 0.27589532525764693
0 0.9971796609511785 0.28100317612852616 0.8796594841205787 0.26269916414264677 0.875655693570042 0.28840534122856426 0.9931758704006418 0.30670935321444365
0 0.868374238035857 0.25732107102651175 0.8192974881930422 0.25679536256056285 0.8191949701957475 0.2663657812117931 0.8682717200385623 0.266891489677742
0 0.8150902875 0.2540153281250001 0.7658681313424363 0.2534880511057088 0.7657363171875 0.2657931140625001 0.8149584733450638 0.2663203910817914
0 0.7616316328125 0.2534426703125 0.7124094762625583 0.25291539485845993 0.7121897841821434 0.27342406426855564 0.7614119407320851 0.2739513397225958
0 0.6993550342605553 0.2486736293895005 0.6321927282311381 0.2479541736347534 0.6319730390625001 0.2684624968750001 0.6991353450919174 0.2691819526297472
0 0.7908091921883508 0.24598523528654156 0.7663195118761873 0.24528868748225735 0.7661639906250002 0.25075660468750016 0.7906536709371637 0.25145315249178435
0 0.7619623771671731 0.23840512014322704 0.712837152185269 0.2378788855211182 0.7127053390359409 0.2501839493543694 0.761830564017845 0.2507101839764782
0 0.6975796515624999 0.23361317031250012 0.6729327935561222 0.23334914867989962 0.6728009794957673 0.24565421018874298 0.697447837502145 0.24591823182134348
0 0.6707200985877783 0.22512089961500092 0.6328536939492235 0.22471526535840428 0.632634 0.2452239375000001 0.6705004046385548 0.24562957175659675
0 0.9641159296871097 0.21582868922863602 0.8809101365773924 0.21192906214737386 0.8786471549201623 0.26021398264331513 0.9618529480298796 0.2641136097245773
0 0.8738314440138278 0.21100941900022857 0.7187214488616568 0.198940661273932 0.7157431374138378 0.23721849273841533 0.8708531325660089 0.24928725046471184
0 0.7053062764583969 0.1969735272804971 0.6607798474676314 0.1957070954288649 0.6601200127699585 0.2189061983049602 0.704646441760724 0.2201726301565924
0 0.656308409375 0.1962512937500001 0.6474025522745699 0.19599799012618582 0.6468926234375001 0.21392648750000007 0.6557984805379303 0.21417979112381436
0 0.2604514664038523 0.4960389709261528 0.2298054326160818 0.47954156803395154 0.2043399412122296 0.5268469721077988 0.234985975 0.543344375
0 0.08452147407113002 0.6938671095277528 0.05477603593750002 0.6426018171875001 0.041540563428870046 0.6502813779722474 0.07128600156250005 0.7015466703125001
0 0.7644050934051901 0.7704727712570867 0.7126542508488077 0.7042605242389053 0.43464458437499986 0.9215501515625 0.4863954269313823 0.9877623985806814
0 1.0249912815357665 0.5865195062040857 0.8889622968750001 0.428597759375 0.8123667325565463 0.49457484646379796 0.9483957172173128 0.6524965932928837