0 0.6877443071037507 0.4234933080171615 0.6824573389183743 0.3639706100997936 0.5266154941406112 0.3983081586153974 0.5319024623259875 0.4578308565327653
0 0.31283246893289884 0.8976999408241764 0.2719593572495164 0.889501549960468 0.26408194941388013 0.9869227621633343 0.3049550610972626 0.9951211530270424
0 0.44802708731700874 0.9472354770505091 0.4237076108591052 0.7456266553924962 0.3787913870862008 0.7590669578814705 0.40311086354410436 0.9606757795394835
0 0.39967049623731854 0.9552749802488144 0.374629530381441 0.7497183979474976 0.28574925209032226 0.7765771734865302 0.31079021794619976 0.982133755787847
0 0.29391648576432267 0.8794822634499633 0.28498797107959223 0.7744680441840985 0.19442187250598544 0.7935691224932824 0.20335038719071588 0.8985833417591472
0 0.19397585903518286 0.8285684805835178 0.1908782158825661 0.792135062327521 0.16757653472222225 0.7970495679687503 0.17067417787483902 0.833482986224747
0 0.18860947626450525 0.7860144625235719 0.17567104366377664 0.6729933520341688 0.1417943418725314 0.6826135572208497 0.15473277447326 0.7956346677102528
0 0.28063352745160114 0.7688415489135318 0.27042949905346503 0.648825141462602 0.17968681080435653 0.6679634606480886 0.18989083920249258 0.7879798680990185
0 0.3756288143085622 0.7530588293653364 0.35235051615700397 0.5682537542494246 0.26337838185900736 0.5960542446998718 0.2866566800105656 0.7808593198157835
0 0.4230325976091039 0.7453150790992564 0.3937590845174794 0.5042444481056556 0.34995158149845446 0.5174403827542209 0.37922509459007897 0.7585110137478217
0 0.779727369550291 0.8268896289693861 0.7355646115839517 0.6294667984209237 0.7104256746031745 0.64341656171875 0.7545884325695137 0.8408393922672124
0 0.7354569449404761 0.8374464609375 0.6920806877876781 0.6340701879083951 0.6366449123589061 0.6633995781125147 0.6800211695117041 0.8667758511416197