0 0.2783346508846828 0.4008500262805575 0.2722197104492188 0.37561791470844225 0.24426481797119626 0.39714158387674603 0.25037975840666027 0.4223736954488613
0 0.7485154526289598 0.47039938007655874 0.7224990524519465 0.469504098478548 0.7223973948045513 0.4788893831131036 0.7484137949815647 0.4797846647111143
0 0.7489644088474242 0.4550178781312248 0.7225990306671964 0.45411058743194477 0.7225055039592454 0.4627452036909844 0.7488708821394732 0.4636524943902644
0 0.7484705119494214 0.4238313783065208 0.7225209713533075 0.4229386963630037 0.7222567566758038 0.44733981352441016 0.7482062972719177 0.44823249546792726
0 0.9196759318392078 0.24424185853583547 0.8577095000577122 0.23198260703132834 0.8566646062184663 0.2487623208564748 0.9186310379999619 0.2610215723609819
0 1.0006850870866013 0.24668077047604473 0.9639405952967018 0.2408109212430986 0.9632555082101005 0.2544357460673152 0.9999999999999999 0.2603055953002613
0 0.9234853453666101 0.22363402180512687 0.8598336213818154 0.2116368157716858 0.8587893903130778 0.2292381873517005 0.9224411142978725 0.24123539338514152
0 0.9121171772979062 0.17802760762085781 0.8660778159623133 0.16934998659263178 0.8655254629010856 0.17866031978147434 0.9115648242366785 0.1873379408097004
0 0.9389954052734374 0.053346027850304796 0.8981650633026276 0.04235946278811758 0.8965384018957065 0.0615655145785612 0.9373687438665164 0.07255207964074842
0 1.000488000928655 0.05024862135654897 0.9834663624723624 0.04566846114466303 0.982815697265625 0.05335088250652771 0.9998373357219176 0.05793104271841365
0 0.3319563994140625 0.8189888363794603 0.22848683521682875 0.7956450089467546 0.22360085009765635 0.8644488276762403 0.32707041429489014 0.8877926551089461
0 0.21573091064453132 0.6686106501305483 0.17436771427353326 0.6406244449944442 0.13221032177521025 0.8385781648022934 0.1735735181462083 0.8665643699383977
0 0.7972572354310445 0.5817967022663102 0.7708059024601354 0.5658038052742871 0.7421612622070313 0.7163201427328113 0.7686125951779404 0.7323130397248345
0 0.679892783203125 0.5209981496953875 0.6344122819600556 0.49733288417891824 0.6171720419921876 0.6025961923411663 0.6626525432352569 0.6262614578576355