0 0.5315367800358197 0.7582925391002 0.40919980217606333 0.7155715648854962 0.39840281590237764 0.8306672086396134 0.5207397937621341 0.8733881828543172
0 0.3920651103610233 0.7479030959367664 0.36756044658081366 0.7415526174640045 0.36195527687260937 0.8220665062600625 0.386459940652819 0.8284169847328244
0 0.42381819442154706 0.5009607569529754 0.3847994889038665 0.4882957124718977 0.37193323442136506 0.6358520992366413 0.4109519399390456 0.6485171437177191
0 0.48435905044510397 0.521110687022901 0.44597876766584466 0.5082227085136064 0.4326493570722058 0.6559885496183208 0.4710296398514651 0.6688765281276153
0 0.5471328036187787 0.5229199235829114 0.5131949361213393 0.5123695344191153 0.511408502775384 0.533761102657183 0.5453463702728234 0.5443114918209792
0 0.5448120672601385 0.5462776717557254 0.5091534000055756 0.536195534692734 0.5077238282795211 0.5550172065486009 0.543382495534084 0.5650993436115924
0 0.542271473423103 0.5767280044677027 0.5074563865754024 0.5592758373908057 0.504157222523504 0.5837755939805438 0.5389723093712047 0.6012277610574408
0 0.5388639960435213 0.6010333969465649 0.50146076267391 0.5903082609546333 0.4946358368578862 0.6789103601912746 0.5320390702274975 0.6896354961832063
0 0.6066730404126471 0.7505683338550491 0.571074183976261 0.737770038167939 0.5668115701553876 0.7819067152493305 0.6024104265917738 0.7947050109364406
0 0.6104464043667888 0.7329812789589685 0.576009423639206 0.7092414445495147 0.572098297440067 0.7303612031002412 0.6065352781676497 0.754101037509695
0 0.6135663685167749 0.7111782709187952 0.578949791797911 0.6876978016473627 0.5745123639960436 0.7120505725190842 0.6091289407149075 0.7355310417905164
0 0.6150603783307115 0.6788974931418199 0.5776734793302875 0.6687642212834797 0.5759842499863402 0.6919647618959766 0.6133711489867643 0.7020980337543166
0 0.6180783182228734 0.665292221148954 0.5807019493521952 0.6456299750488292 0.5774500854348114 0.6686410061794645 0.6148264543054895 0.6883032522795893
0 0.6181966232598611 0.6368957982987081 0.5835205870475714 0.627337181927476 0.5822615777001718 0.6443393031260812 0.6169376139124616 0.6538979194973134
0 0.6198595537894643 0.6140063910307385 0.5843908322084611 0.604338574990487 0.5829961646702332 0.6233856190742527 0.6184648862512364 0.6330534351145041
0 0.6237653786015552 0.6009948846636826 0.5892526083577344 0.57376814660339 0.5843606419667989 0.5968519522439709 0.6188734122106198 0.6240786903042634
0 0.6245530873575331 0.5675600836276761 0.5891387182025304 0.5603503551945682 0.587994631834117 0.5812702333989532 0.6234090009891198 0.5884799618320612
0 0.6265731948565777 0.5477881679389314 0.5910811078140454 0.5368788167938933 0.5890072043626401 0.5619954190766919 0.6244992914051722 0.57290477022173