0 0.6304922319945159 0.41101608881362106 0.6108517393801209 0.3526313135600403 0.4263259968890854 0.41470531259181087 0.4459664895034802 0.47309008784539164
0 0.768327443359375 0.35832191992187507 0.65043984375 0.35769874023437503 0.6500050485731727 0.43994943091965144 0.7678926481825477 0.44057261060715147
0 0.7372460312500001 0.468962359375 0.6533797121224965 0.46758507518277326 0.6527212268794682 0.5076819076623983 0.7365875460069718 0.5090591918546251
0 1 0.32025578906250013 0.86036780078125 0.32025578906250013 0.86036780078125 0.4491484609375001 1 0.4491484609375001
0 0.100656615234375 0.7001483906250001 0.09266216165713997 0.6125912359757806 0.020931697265625 0.619140625 0.028926150842860023 0.7066977796492195
0 0.20034319921875 0.6972592695312502 0.19332006528499746 0.6128554479482483 0.11778498828124999 0.619140625 0.12480812221500254 0.7035444465830019
0 0.2878379785156249 0.6916216386718749 0.28318921329283114 0.6143120961694643 0.2028901796875 0.619140625 0.20753894491029382 0.6964501675024106
0 0.38152648828124996 0.685530326171875 0.3772344121733487 0.6145487409101128 0.30129465625 0.619140625 0.3055867323579013 0.6901222102617622
0 0.469694263671875 0.6780678632812501 0.4677486871294073 0.6166287303523366 0.38842586132812507 0.619140625 0.3903714378705927 0.6805797579289136
0 0.5571338417968749 0.666786716796875 0.5525022573676351 0.6127675857989975 0.47817217773437487 0.619140625 0.48280376216361465 0.6731597559978775
0 0.6498745706484856 0.6624885383031167 0.6464554117374511 0.6139532333620825 0.5728198652343749 0.619140625 0.5762390241454094 0.6676759299410342
0 0.11289821679687502 0.8551009316406252 0.10715469406998855 0.7483772466878962 0.030810016335613533 0.7524858697347712 0.0365535390625 0.8592095546875002
0 0.20573025 0.8509907519531251 0.198721515625 0.7467381230468751 0.12663884107335238 0.7515841238074544 0.13364757544835237 0.8558367527137044
0 0.300574796875 0.843745556640625 0.292472779296875 0.7349775527343752 0.21629502195224926 0.7406519561149895 0.22439703953037426 0.8494199600212393
0 0.381033091796875 0.8384160644531251 0.37787560546875 0.7324145585937502 0.3079017012640884 0.7344988841329066 0.3110591875922134 0.8405003899922816
0 0.4743378338839526 0.8332052957967878 0.47221791796875 0.725401044921875 0.39881164267854746 0.7268445420938372 0.40093155859375007 0.83464879296875
0 0.5639933417968749 0.821072755859375 0.5587531027970382 0.7210830231462815 0.48492083131266334 0.7249524079119064 0.49016107031250006 0.8249421406249999
0 0.6484375 0.711873337890625 0.58469808203125 0.711873337890625 0.58469808203125 0.820479171875 0.6484375 0.820479171875
0 0.03714111937573593 0.9420487642778668 0.033749029214514135 0.8890725362145024 0.010820125000000007 0.89054068359375 0.0142122151612218 0.9435169116571144
0 0.04519448828125 1 0.04224613775240792 0.9620730834102535 0.019721045352958093 0.9638241318491896 0.022669395881800176 1.001751048438936
0 0.12291535742187501 0.936223005859375 0.11808389869792199 0.8796939936358955 0.045458767578124996 0.8859011660156251 0.050290226302078016 0.9424301782391046
0 0.10593367773437501 1 0.10047891953728945 0.9543316046489339 0.07817945898437502 0.9569951132812501 0.08363421718146058 1.0026635086323163
0 0.21753137876312212 0.9348192943118796 0.21225308501686554 0.8719894791583322 0.13807243359375 0.878221349609375 0.1433507273400066 0.9410511647629224
0 0.22815067578125 0.9999999999999997 0.21742912461165861 0.9417681522223835 0.17379923632812502 0.9498012148437499 0.18452078749771642 1.008033062621366
0 0.30641435576075876 0.9276244370789365 0.2962757448500152 0.8632116861143247 0.2322849375 0.8732838828125 0.24242354841074357 0.9376966337771118
0 0.28902945703124994 0.9999999999999999 0.2847254453125 0.9435086445312499 0.25889942048524 0.9454762998049271 0.26320343220399 1.0019676552736771
0 0.6523899210755257 0.9018962436142145 0.6484375 0.8425575703125 0.3190100277436407 0.8645000238888191 0.3229624488191665 0.9238386971905336
0 0.42745826171875 0.9892262421875001 0.42342333123820614 0.9282264620478042 0.34939470552560914 0.933123206882564 0.353429636006153 0.9941229870222599
0 0.6033607617187499 0.9671951015625 0.5975017976651741 0.9160650183875672 0.525640130859375 0.9242996015625 0.5314990949129508 0.9754296847374329
0 0.9983015285014205 0.9999670887526718 0.9960395431369047 0.8928917964666221 0.9459654930817704 0.8939496200405624 0.9482274784462862 1.0010249123266122
0 0.9450580320512921 0.9999752510974691 0.9427222029006527 0.8941466574095307 0.8435966261106518 0.8963345388106838 0.8459324552612912 1.0021631324986222
0 0.8437440908886321 0.9914811460309756 0.8387353827945419 0.8959093054145046 0.7412132154482974 0.9010202258047537 0.7462219235423877 0.9965920664212247
0 0.738868297152538 0.9327630701574313 0.7385347456387388 0.8995914547783814 0.7131682454287473 0.8998465232894609 0.7135017969425466 0.9330181386685108
0 0.7408043424317301 0.8932184323123317 0.7354889706943581 0.7917951189733424 0.6984303276513557 0.7937372805668782 0.7037456993887277 0.8951605939058674
0 0.8400098003826447 0.8910689320658377 0.8379061564687426 0.7806035284674417 0.7398666835169654 0.7824705396209698 0.7419703274308675 0.8929359432193658
0 0.9432471228305317 0.8892398568674199 0.9386857799615135 0.7226064891048053 0.8392910533363245 0.7253272732646483 0.8438523962053427 0.8919606410272629
0 0.9952559320848015 0.8882537011915677 0.9904163259115886 0.6689475270921432 0.9415632093999206 0.6700256082050962 0.9464028155731334 0.8893317823045206