0 0.9393652368052496 0.23937413154725284 0.9387324475394728 0.13708170518734514 0.879825514933954 0.1374461082615421 0.8804583041997308 0.2397385346214498
0 0.9883432769926763 0.206103818631993 0.9877406623757486 0.10023914678076061 0.9395328854178985 0.10051356043109728 0.9401355000348262 0.20637823228232968
0 0.9632174932679041 0.13026176229573275 0.9542417099152255 0.06372059787652758 0.8710624075636076 0.07494071107790658 0.8800381909162862 0.14148187549711175
0 0.8774512324072137 0.07547932470888695 0.8310924960006775 0.07466070875307146 0.8298527560373127 0.14486796255260107 0.8762114924438489 0.14568657850841657
0 0.9725807174479167 0.05063432682291665 0.9681750856262775 0.030705956656070826 0.9633880984484063 0.0317642320124617 0.9677937302700456 0.051692602179307524
0 0.9657596686035678 0.050946980068819016 0.9617155454866833 0.013020419147857473 0.8783920691341486 0.02190523202605928 0.8824361922510331 0.059831792947020825
0 0.8796324093931899 0.023572567344217768 0.845158967679697 0.023358935613388216 0.8449199805566083 0.06192394010069193 0.8793934222701011 0.062137571831521486
0 0.7812000741146227 0.07946662454559822 0.776733835734725 0.027286171098510337 0.6430621514122391 0.03872742098017423 0.6475283897921368 0.09090787442726211
0 0.6444027325963637 0.09261329688332175 0.6442485125376131 0.04226174508193368 0.5792728632745826 0.04246075679236195 0.5794270833333334 0.09281230859375
0 0.5794270833333335 0.8117329856770833 0.4916950390625001 0.8117329856770833 0.4916950390625001 0.9603227239583333 0.5794270833333335 0.9603227239583333
0 0.5810746160303336 0.6766742316653502 0.5442425937500001 0.4705834114583333 0.33421020211715763 0.5081198612645009 0.3710422243974913 0.7142106814715179
0 0.6749432864583333 0.9999999999999999 0.6547812096354166 0.8445732174479167 0.5971740675836439 0.8520460583864294 0.6173361444065606 1.0074728409385125
0 0.7943524499518898 0.6968320902108834 0.7474326536458333 0.52667872265625 0.5376247349439435 0.5845332626537 0.58454453125 0.7546866302083334