0 0.4576423585228305 0.10308623753103865 0.3621038665103787 0.08410397724914873 0.35414303289099575 0.1609440884070762 0.44968152490344754 0.17992634868896615
0 0.4109874905263158 0.19273762536443156 0.3646262156133497 0.1375522232887752 0.2836954553125435 0.2679420651948553 0.3300567302255096 0.3231274672705116
0 0.7930655336842105 0.4548875160349856 0.56191769 0.4548875160349856 0.56191769 0.479591836734694 0.7930655336842105 0.479591836734694
0 0.7797127357894736 0.26845588119533537 0.521318164736842 0.2583947667638485 0.5194012033805244 0.3528116442403054 0.777795774433156 0.3628727586717923
0 0.30506671496638377 0.7089156106514518 0.19410816315789478 0.6777849271137028 0.19027102074739424 0.7040137632674502 0.30122957255588323 0.7351444468051993
0 0.2986026763157896 0.738689275510204 0.18583168420661844 0.7099060576341212 0.18258860875185753 0.7342737323424642 0.2953596008610286 0.7630569502185471
0 0.29555973526315793 0.7790508301749272 0.17950419385615243 0.7429565695702263 0.17566618894736843 0.766622971574344 0.29172173035437393 0.8027172321790449
0 0.28982808947368427 0.8094900094752187 0.17181721115100984 0.775707943417991 0.1699795615789474 0.7880190619533526 0.2879904399016218 0.8218011280105804
0 0.29882843578947377 0.6364591771137027 0.23773130105263166 0.62182019606414 0.23505344501936992 0.6432538492428698 0.29615057975621206 0.6578928302924325
0 0.3071597294736843 0.6027667558309039 0.24975372052631584 0.5854427368804664 0.2460502338787007 0.6089779679508701 0.3034562428260692 0.6263019869013075
0 0.3143547368421054 0.5714697667638484 0.2556142107074055 0.5551463285167058 0.25239043996071164 0.577394243731085 0.3111309660954115 0.5937176819782277
0 0.3246807531578948 0.5364350706997085 0.26557909318034717 0.5224031699154822 0.26275978266117705 0.5451764225842539 0.3218614426387246 0.5592083233684803
0 0.3851930330194083 0.5539951972865922 0.3278396854437365 0.5375630343353571 0.32418576631578944 0.5620210911078718 0.3815391138914613 0.5784532540591071
0 0.3766683127386564 0.590123587138668 0.31732360894901057 0.5750231243359029 0.31460479269704344 0.5955144730978928 0.3739494964866893 0.6106149359006579
0 0.3714210219021417 0.6231141618135144 0.3104050451774487 0.6026191751991538 0.3067413684210526 0.6235367849854228 0.3677573451457456 0.6440317715997833
0 0.3649478415789475 0.6555828841107871 0.3047295500000001 0.6398509088921283 0.301521997766768 0.6633969497400857 0.36174028934571534 0.6791289249587446
0 0.7493797128907796 0.8000489121114619 0.7335726328710628 0.7352132627116739 0.7169741178947368 0.74297405393586 0.7327811979144536 0.8078097033356482
0 0.7898766142205331 0.7633345524299369 0.7879332403549165 0.7500242416122952 0.7236824900585849 0.7680148290222178 0.7256258639242015 0.7813251398398596
0 0.812379024022834 0.7599037418236124 0.8099576656467686 0.742759137660891 0.7451348394736841 0.7603164708454808 0.7475561978497495 0.7774610750082023
0 0.7183503316919282 0.49030431830756804 0.6759967008265375 0.46834531066576124 0.6673368773267256 0.5003774508945719 0.7096905081921162 0.5223364585363787