0 0.27403470572916666 0.6020012285156252 0.26270722519099615 0.5610707875987916 0.12092992868296315 0.6493535899506601 0.1322574092211337 0.6902840308674937
0 0.5299479166666666 0.3432748906250001 0.46423447526041667 0.3432748906250001 0.46423447526041667 0.4498648183593751 0.5299479166666666 0.4498648183593751
0 0.9708971590548222 0.6403317057476055 0.8171861941768054 -0.026250898426729063 0.5050016083241313 0.13572292990999757 0.658712573202148 0.8023055340843321
0 0.5995902877604167 0.3198829960937501 0.5299479166666666 0.3198829960937501 0.5299479166666666 0.663188115234375 0.5995902877604167 0.663188115234375
0 0.15374825130208342 0.98849644921875 0.10657884765625007 0.98849644921875 0.10657884765625007 1 0.15374825130208342 1
0 0.08819713932291674 0.989250638671875 0.05149589453125008 0.989250638671875 0.05149589453125008 1 0.08819713932291674 1
0 0.14734104235339893 0.9703826731834009 0.08125925323779637 0.7712125315212573 -0.006971724501764827 0.8370785134175988 0.05911006461383772 1.0362486550797423
0 0.09592524422226427 0.8120678210796669 0.09395132771723168 0.7802400231298414 0.028108893141666858 0.7894278030769972 0.03008280964669946 0.8212556010268227
0 0.10885315105019104 0.7691715840877666 0.10443156844955385 0.6978771322441144 0.03027082409920398 0.7082256609006645 0.034692406699841145 0.7795201127443168
0 0.906884109375 0.9806029980468751 0.9047526383153102 0.9501191356067238 0.7653723172334793 0.9720468530288126 0.7675037882931691 1.0025307154689638
0 0.6942188291623371 0.971272417283636 0.6443069448618761 0.97073508561758 0.6441922053423073 0.9947155216706972 0.6941040896427683 0.9952528533367532
0 0.682433731986093 0.964355685058516 0.6820904179983599 0.9426664143181386 0.6297999864628726 0.9445287213900377 0.6301433004506057 0.9662179921304151
0 0.8964168619791665 0.921895404296875 0.8930135302492009 0.8825393500136152 0.702968807476612 0.9195162981740147 0.7063721392065774 0.9588723524572745
0 0.6747055745822732 0.9383217777348261 0.6747049631910064 0.9154386789193377 0.6203412356073399 0.9154419470253847 0.6203418469986066 0.9383250458408731
0 0.7805326966145832 0.8913294238281251 0.7698188523484397 0.8597059862899477 0.7593351638662201 0.867697570462122 0.7700490081323634 0.8993210080002995
0 0.7684177109375 0.8611321464843749 0.7676184151426021 0.8497007806527188 0.7521766796875 0.852130119140625 0.752975975482398 0.863561484972281
0 0.6652312536183657 0.908048353907302 0.6642052715982297 0.8625032675425298 0.5925672141276986 0.8661342532486616 0.5935931961478346 0.9116793396134337
0 0.8807212187500001 0.8755674726562499 0.8740313688059622 0.8030714774267759 0.7687427032972821 0.824932300005608 0.7754325532413199 0.897428295235082
0 0.6032675794270834 0.8575789082031251 0.6022018662151342 0.842337300306728 0.5678966953125 0.8477342910156251 0.5689624085244492 0.8629758989120222
0 0.8591248843089089 0.803201456123754 0.8574374621833831 0.7790683111665085 0.6624396080729167 0.809745966796875 0.6641270301984424 0.8338791117541205
0 0.6379447877604167 0.82644105859375 0.6356356827561664 0.7934167129878632 0.5483180286386182 0.8071537807135639 0.5506271336428685 0.8401781263194508
0 0.8577233541666667 0.768750294921875 0.8565688129341705 0.7522382841926828 0.6544141764958794 0.7840418422575504 0.6555687177283754 0.8005538529867425
0 0.8482544010608194 0.7458413695636481 0.8470110542029047 0.7280592789133477 0.645504917849296 0.759760812744719 0.6467482647072106 0.7775429033950194
0 0.62634289201662 0.7819895218200617 0.6244756446203981 0.7598256158970339 0.5292813069088765 0.7778702964984346 0.5311485543050983 0.8000342024214624