0 1.0021052430452209 0.38007121417025325 0.9999999998934694 0.34739738311224555 0.7721747343750001 0.36207664062499995 0.7742799775267515 0.39475047168300764
0 0.7107302558593749 0.3984375 0.6708930597165201 -0.004293125949958246 0.4402498289586872 0.01852157705666927 0.4800870251015419 0.4212522030066275
0 0.25278284570312504 0.7303274199218751 0.22111391753995077 0.6896553375528066 0.16128224023437515 0.7362427011718752 0.19295116839754944 0.7769147835409437
0 0.22642543945312507 0.7159037167968751 0.21698306868916953 0.7028897288614231 0.19529376627232198 0.7186265219218753 0.20473613703627752 0.7316405098573273
0 1.0155885310112105 0.9259521792354812 0.9560142925788333 0.8359647430817723 0.8446627099021614 0.9096826532672732 0.9042369483345385 0.9996700894209821
0 0.9590197559705135 0.8292342683668394 0.910537683902037 0.7551022496377124 0.8006585454594991 0.8269628086797953 0.8491406175279755 0.9010948274089223
0 0.9169522002922245 0.7379508532437531 0.8648233835122054 0.6685867228979604 0.7570488572067773 0.7495818785687871 0.8091776739867963 0.8189460089145798
0 0.8173243678519252 0.6429187740655131 0.7736653331999548 0.5790074737194701 0.693512181825518 0.6337616282175615 0.7371712164774884 0.6976729285636045
0 0.7595272737079621 0.5528222586182537 0.6773716137790778 0.40413186437058257 0.5966405872735441 0.4487380461811621 0.6787962472024284 0.5974284404288333
0 0.990260619734453 0.5307635108397093 0.8930264882352736 0.35478314055353266 0.8139948367421405 0.3984503631044574 0.9112289682413197 0.574430733390634
0 0.909407273752449 0.5892008005532283 0.7774910929456254 0.3504505425821996 0.6848627138732024 0.40163030718393455 0.8167788946800261 0.6403805651549633