0 0.31925859042908084 0.166676930398829 0.20772117382812502 0.15380192968750003 0.19701706215772513 0.2465327177855544 0.308554478758681 0.2594077184968834
0 0.92409796875 0.2528220566406251 0.8819933914929288 0.24496223280170007 0.8640158309460537 0.341266883192325 0.906120408203125 0.34912670703125004
0 0.8703225234374999 0.24127837890625012 0.8145194873804151 0.23213841540428556 0.7980760381616651 0.33253207556053554 0.8538790742187499 0.3416720390625001
0 0.16516446300398666 0.9779927461781576 0.03683272021942158 0.9543457004891917 0.032666976474726384 0.9769530554113368 0.16099871925929146 1.0006001011003027
0 0.20695560189107642 0.9631154695750102 0.177969758010233 0.9613777358016936 0.17565431005831705 0.9999999999707105 0.20464015393916046 1.001737733744027
0 0.17600685656482223 0.9149305293804505 0.0012966301545859482 0.8770965972264716 -0.012291709209759943 0.9398450801814563 0.16241851720047634 0.9776790123354352
0 0.17686093862744878 0.8673688574377469 0.004295834537548199 0.8268037391793718 -0.0033008265062539066 0.8591201395756345 0.16926427758364668 0.8996852578340097
0 0.1867570171590571 0.801718145639158 0.009608427049139223 0.7594323347862573 -0.004643230485759459 0.8191370203087651 0.17250535962415842 0.8614228311616658
0 0.18460749463013496 0.7609706817355 0.01322898958886684 0.7192309217506629 0.0053027549715885525 0.7517751012047127 0.17668126001285667 0.7935148611895497
0 0.1887416000082757 0.7131690607297574 0.01966392319405874 0.6734260046361947 0.012094782049031888 0.7056271719864663 0.18117245886324884 0.745370228080029
0 0.1935431785964833 0.6580996601898895 0.0790831486540898 0.6370086957099528 0.07037308529198157 0.6842779476294382 0.18483311523437507 0.7053689121093749
0 0.015295340535545335 0.6219283187735506 0.00563339133166655 0.6213490741440234 0.0009089310519707905 0.700154285122722 0.010570880255849575 0.7007335297522492
0 0.25648810974586894 0.6050182632390549 0.20617738101094224 0.6009977545287878 0.17832919277904186 0.9494767020600894 0.22863992151396856 0.9534972107703565
0 0.01907542263116605 0.5588756356263892 0.00941347391181397 0.5582963905831804 0.005949058992018509 0.6160836771384409 0.01561100771137059 0.6166629221816498
0 0.027488187500000063 0.458984375 0.015410752620205661 0.45826031878264245 0.012978533870205651 0.49883032268889244 0.025055968750000053 0.49955437890625
0 0.4500722748247544 0.55161428376919 0.4313992255725225 0.5491061022722336 0.4286129935453576 0.5698491975923012 0.44728604279758943 0.5723573790892578
0 0.4964780318936617 0.549184160707111 0.47278301749592067 0.5421236963484859 0.4625410374029944 0.5764959208136943 0.4862360518007354 0.5835563851723193
0 0.4289345294117651 0.547530228014115 0.3652205697703629 0.5376627870344146 0.3619756215737414 0.5586153824300507 0.4256895812151436 0.5684828234097511
0 0.42442424325340894 0.500455426390897 0.379663228859899 0.49279331964670886 0.37445854515171406 0.5231983936235812 0.41921955954522394 0.5308605003677694