0 0.470380728324203 0.37047574917243364 0.13714203880487924 0.3032637319212483 0.11598006048067629 0.4081852952488147 0.44921875000000006 0.47539731250000006
0 0.43780914955536165 0.8225651441607883 0.36846503710937506 0.8096258476562501 0.33932042075713853 0.9658173031048369 0.4086645332031251 0.9787565996093751
0 0.4662186544387036 0.6703132954837338 0.3778048024279883 0.653815670885135 0.3512616558017848 0.7960653519639012 0.4396755078125 0.8125629765624999
0 0.8467115626714099 0.7348063432099547 0.8385768476562501 0.7094495546874999 0.7189697507904957 0.7478207248351669 0.7271044658056556 0.7731775133576217
0 0.8586004682080269 0.7988430601751837 0.8563798320312501 0.7913830722656251 0.7934657298650669 0.8101108950172748 0.7956863660418437 0.8175708829268333
0 0.8420715923359153 0.770913120610827 0.8398749355468749 0.7637151542968751 0.7930526098973628 0.7780042708376547 0.7952492666864033 0.7852022371516065
0 0.4782040893028927 0.93250837560796 0.4765056199406426 0.9233162887335432 0.4478563750426211 0.9286099576659287 0.44955484440487115 0.9378020445403454
0 0.4862919099497305 0.9554535150849288 0.48465026562499997 0.9449320195312501 0.44768156536652076 0.9507001593040009 0.4493232096912513 0.9612216548576796
0 0.7978012715234224 0.5172748969553136 0.7890727709059844 0.4831779238702546 0.769137162109375 0.48828125 0.777865662726813 0.522378223085059
0 0.75737846484375 0.48828125000000017 0.7421486350032684 0.47852784918323493 0.7257084807063934 0.5041989722301099 0.740938310546875 0.5139523730468751
0 0.7231366755217952 0.6091421829619005 0.694482203125 0.58542766796875 0.6902381233086736 0.5905558296866616 0.7188925957054688 0.6142703446798121
0 0.6965325995539069 0.6207212496383643 0.679523484375 0.6005921328125 0.6738616098986635 0.6053764199687443 0.6908707250775704 0.6255055367946085