0 0.4143080892905425 0.45612029042559926 0.4079292409178206 0.3464934583029413 0.17357268921975605 0.3601299456435889 0.17995153759247798 0.46975677776624686
0 0.6517830814069098 0.46218954523388744 0.6457476340733093 0.45264912296648263 0.6010716948532029 0.48091194726130654 0.6071071421868033 0.49045236952871135
0 0.7028006222436103 0.4365924758035447 0.6941444075418983 0.4229097726363617 0.6599280980507636 0.44455635209047595 0.6685843127524755 0.45823905525765896
0 0.6414388259935064 0.449181010014407 0.6219848724802883 0.4163360079826154 0.5738465246627644 0.44484814446349574 0.5933004781759825 0.4776931464952874
0 0.7514035344843704 0.405670204812952 0.7427987675108587 0.39244598229656147 0.6979824050181 0.4216071942598846 0.7065871719916116 0.4348314167762751
0 0.6883460926418916 0.4190482567735293 0.6652046494121103 0.3818182707326032 0.6310057298432161 0.4030756613438551 0.6541471730729973 0.4403056473847812
0 0.8004559073178896 0.37537050179174763 0.7921994550450591 0.3621200598984015 0.7470990221454954 0.39022248657341196 0.755355474418326 0.4034729284667581
0 0.737841345703125 0.387531740234375 0.7162087048110719 0.35512120494410715 0.6712299045937429 0.38514262310775754 0.692862545485796 0.41755315839802537
0 0.7867910709718948 0.35720726385312757 0.7655120279523469 0.32450374797271436 0.7198321548110109 0.35422605640145877 0.7411111978305589 0.38692957228187197
0 0.8834748129464475 0.3251632656792813 0.8744959344996535 0.3100043813791767 0.8285557951532633 0.3372155480358924 0.8375346736000573 0.35237443233599697
0 0.8139586665834626 0.34130992331003474 0.7917929637828884 0.3091236818286156 0.7693267421333755 0.32459549739994936 0.7914924449339495 0.3567817388813685
0 0.6111546570424733 0.3941656122473662 0.5669286665515166 0.32994257522806053 0.5244919819513154 0.3591658025418366 0.568717972442272 0.42338883956114226
0 0.9102911992047001 0.3065737723591526 0.8998334434276904 0.29298689670917255 0.8794513788267229 0.3086748782083236 0.8899091346037326 0.3222617538583037
0 0.6480171569086826 0.37109864241850593 0.6009605279218584 0.30276892561010077 0.579326526631682 0.3176676142007006 0.6263831556185061 0.38599733100910577
0 0.8688689667283969 0.3053127114964158 0.8478409088260273 0.273809018337423 0.8045568459837913 0.30270022722213535 0.8255849038861609 0.33420392038112817
0 0.8966862731859004 0.2886573431646587 0.8747180138655959 0.25675598488714774 0.8522510983096305 0.2722273959401614 0.8742193576299351 0.3041287542176723
0 0.7048481947979277 0.33606007784907366 0.6568572921357894 0.26637372174671825 0.613589715857401 0.29617080338136265 0.6615806185195392 0.36585715948371805
0 0.7440727988356184 0.31174788248430596 0.6936987765252319 0.24326684858482941 0.6615999903385079 0.26687842217584556 0.7119740126488945 0.335359456075322
0 0.782322689518173 0.2892520150245106 0.7319053632517004 0.21966245459204736 0.6989582709427635 0.24353247607441275 0.749375597209236 0.313122036506876
0 0.8570324573783972 0.24255132144348218 0.8264983719044501 0.20152081729089705 0.8050023156156727 0.2175177550236973 0.8355364010896197 0.25854825917628244
0 0.8299762628036281 0.25873352002061384 0.7789020235262456 0.18930058930313476 0.7465572061239509 0.21309314603835222 0.7976314454013336 0.2825260767558313
0 0.3717965558953411 0.952118709138033 0.3536840701706037 0.7194830411328854 0.24725653695446453 0.7277692475973803 0.2653690226792019 0.9604049156025278
0 0.4082031250000001 0.67048604296875 0.3577626210937501 0.67048604296875 0.3577626210937501 0.91952497265625 0.4082031250000001 0.91952497265625
0 0.7881791176090074 0.703045589188417 0.766732779296875 0.6658427167968751 0.675470055905719 0.7184529351836216 0.6969163942178512 0.7556558075751635