0 0.5816432227466053 0.28858867028676755 0.5578067278390185 0.17256367656566074 0.2246275638206638 0.241012923505743 0.24846405872825056 0.3570379172268498
0 1.0034954129170273 0.32852144246783194 0.9308982763728019 0.31309044434458233 0.9081905542374077 0.4199218749043301 0.9807876907816331 0.4353528730275797
0 0.8419514728842702 0.2518376790389646 0.7282940019391162 0.22371772757103975 0.6836192857896874 0.40428757167366985 0.7972767567348414 0.4324075231415947
0 0.9457572519643139 0.2243976508220285 0.8521455916658082 0.20449987696576397 0.8063562297878013 0.4199218744401103 0.8999678900863071 0.4398196482963749
0 0.8536060320925837 0.20315834123791293 0.8194806279127383 0.19349231119955815 0.8062383702654661 0.24024339646141726 0.8403637744453114 0.24990942649977205
0 0.7395877234587044 0.26920265641889335 0.613198130549734 0.09267923660028382 0.5207041746329526 0.15890429300852046 0.6470937675419229 0.33542771282713
0 0.819562125859688 0.1746093599945362 0.7262895499008366 0.03098621845997579 0.6255205512100679 0.09642820771224697 0.7187931271689194 0.24005134924680738
0 0.590395693359375 0.01100186132812507 0.55859375 0.011001861328125069 0.55859375 0.06924717773437505 0.590395693359375 0.06924717773437507
0 0.7242081013782935 0.03158775742578557 0.7066044400831585 0.0017149288690984088 0.6072687245233686 0.060252147328545724 0.6248723858185036 0.09012497588523288
0 0.6739730078125 7.666910351318584e-17 0.576810064453125 7.071958913414614e-17 0.576810064453125 0.03846779492187507 0.6739730078125 0.038467794921875076
0 0.09395953699994392 0.5903428812906778 0.001432321962098665 0.5686519109169471 -0.01150061617805953 0.623819970609417 0.08102659885978572 0.6455109409831477
0 0.342506884765625 0.6271740566406251 0.1368237157575804 0.5680488238178429 0.0931621035156251 0.7199375917968751 0.2988452725236697 0.7790628246196573
0 0.7405871344967141 0.718750269543147 0.55859375 0.6356199902343751 0.4928749541149756 0.7794951965685158 0.6748683386116897 0.8626254758772878