0 0.45195114244317275 0.3697682113320651 0.44863565187890636 0.3221980257214153 0.22117637331828063 0.33805121364031554 0.22449186388254702 0.38562139925096534
0 0.5165553871945942 0.46787546225032384 0.48721559761297945 0.4512091173831222 0.45279339804762975 0.5118066929301885 0.4821331876292445 0.5284730377973902
0 0.5650116162229847 0.45278228119006514 0.55576430859375 0.39715849414062504 0.463589304927874 0.4124823449576608 0.47283661255710857 0.4681061320071009
0 0.6065877634618555 0.38184972425726127 0.597340451171875 0.32622594140624994 0.45416542383200553 0.35002842520143845 0.4634127361219861 0.4056522080524497
0 0.6460384984259884 0.31127051291345187 0.6367911829803996 0.2556467306856197 0.4447082177575363 0.28758004589716785 0.45395553320312504 0.343203828125
0 0.616756569558091 0.2521179392081352 0.598261940209645 0.1408703784049684 0.4307241206515538 0.16872312279058316 0.44921874999999994 0.27997068359375
0 0.4492187500000001 0.717691998046875 0.4088736738281251 0.717691998046875 0.4088736738281251 0.84569573828125 0.4492187500000001 0.84569573828125
0 0.4629678557522315 0.6739875895119946 0.44921874970170017 0.5871791680384844 0.3881929974650937 0.5968446996202398 0.401942103515625 0.68365312109375
0 0.7380060039062498 0.9275905312500001 0.7235023042956732 0.8468148760759093 0.6316792565776818 0.8633021939263074 0.6461829561882584 0.9440778491003982
0 0.9019676347656249 0.9093678945312502 0.8919937137195687 0.8271533318818913 0.7727884139891866 0.8416148118128021 0.7827623350352428 0.9238293744621608
0 0.6625303856976997 0.8818417074372015 0.6544521984728296 0.7962567071407498 0.5045566337066829 0.8104050325735276 0.512634820931553 0.8959900328699792