0 0.25 0.16694609244791667 0.21646614453125004 0.16694609244791667 0.21646614453125004 0.23109128515625 0.25 0.23109128515625
0 0.2643086407771039 0.3381654049001412 0.032384269664045146 0.2842992955457387 0.016573210225429735 0.3145551367695231 0.24849758133848848 0.36842124612392557
0 0.5898218886718751 0.4388020833333333 0.5762294776243335 0.37176454541690757 0.4882722357310012 0.3796907910768818 0.5018646467785428 0.44672832899330756
0 0.1312273816161701 0.6700030182714342 0.02375811718750004 0.5407524036458334 -0.006869512475545014 0.5520707382389826 0.10059975195312504 0.6813213528645834
0 0.11918621157021397 0.716244524871099 0.01202058203125006 0.5878432239583334 -0.01824233071083875 0.5990689464830679 0.08892329882812516 0.7274702473958334
0 0.15619885855405757 0.6470923277939254 0.03463944726562501 0.49828858723958325 0.0144860130438213 0.5056057258793518 0.13604542433225386 0.6544094664336939
0 0.2526322890292255 0.7643655204442515 0.15055859765625007 0.6399908346354167 0.13067972464264954 0.6472417204411651 0.232753416015625 0.77161640625
0 0.2471831732718502 0.821774374935469 0.16150051171874996 0.7129032434895833 0.1317011052887797 0.7233265451662757 0.21738376684187993 0.8321976766121614
0 0.26344174092039885 0.7207457478170682 0.16200093945312502 0.5925876757812502 0.14334858525147615 0.5991493980162653 0.24478938671875 0.7273074700520833
0 0.1778419112763024 0.610297662812598 0.056996298828125014 0.4632231575520834 0.02560607922648056 0.47468634322242487 0.14645169167465794 0.6217608484829394
0 0.19497613852227472 0.5521185381655095 0.104519904296875 0.44263772135416657 0.07194977749335024 0.45459789282407376 0.16240601171874997 0.5640787096354166
0 0.19642503995864785 0.5017844234943064 0.13955582750662904 0.4362512011685786 0.12052028559485625 0.4435929313201055 0.17738949804687507 0.5091261536458335
0 0.25996794021895303 0.588049224672638 0.18819566406250005 0.49579969921875006 0.16974576876542205 0.5021794537127787 0.24151804492187504 0.5944289791666667
0 0.279396944392392 0.6671925840091236 0.17846427539062498 0.5357772799479167 0.14759944427948302 0.5463130722408766 0.24853211328125002 0.6777283763020834
0 0.25138445479733973 0.8868306249364681 0.14870035742187504 0.7542198606770834 0.11696069754641031 0.7651429167301985 0.219644794921875 0.8977536809895833
0 0.13016584838418455 0.7934087303258809 1.1102230246251565e-16 0.6366050924479167 -0.03065297548916668 0.6479142704294244 0.09951287289501776 0.8047179083073885
0 0.11742944671402539 0.8452005542606783 5.551115123125783e-17 0.7010953151041667 -0.03188002874527529 0.7126413650101554 0.08554941796875004 0.8567466041666668
0 0.10225906907871302 0.8947208765818772 0.0020067187499999695 0.7695941484375001 -0.026145296644119242 0.7796188498887769 0.0741070536845938 0.9047455780331543
0 0.09088251332435882 0.9415500192679932 0.008577564453125297 0.8446076158854168 -0.022065405902483404 0.8561703492215903 0.060239542968750115 0.9531127526041666
0 0.06496780083305354 0.971686644817129 0.014843326171875004 0.9178370807291666 0.0035798456513214116 0.9224967783599545 0.05370432031249994 0.9763463424479166
0 0.23676972704880273 0.9355608196979245 0.11464767773437501 0.7760268919270833 0.08365630632071186 0.7865707439562338 0.20577835563513958 0.946104671727075
0 0.21198070470153701 0.9702238487908966 0.10184403906250011 0.8273003359374999 0.07025844677073517 0.8381180313538894 0.18039511240977207 0.9810415442072861
0 0.17469557291619187 0.9864021347944208 0.08938571093750003 0.8743744661458335 0.06043061263068328 0.884174249320163 0.14574047460937511 0.9962019179687504
0 0.13371628804099667 0.9999797150188997 0.07614091406250001 0.9244771171875 0.045676051274326834 0.9348021533443837 0.10325142525282349 1.0103047511757832
0 0.5029550817003912 0.5808272350117236 0.46249272934049157 0.45718651671006966 0.21302574508886574 0.4934709351896905 0.2534880974487653 0.6171116534913446