0 0.7077748007812499 0.18937907617187505 0.6422240731085314 0.1808214270743183 0.6402813008768276 0.19570286612828686 0.7058320285495461 0.2042605152258436
0 0.618332291015625 0.23484289648437506 0.5302652185490477 0.2220157490422951 0.5276105373056276 0.24024193740534402 0.6156776097722049 0.253069084847424
0 0.5281839902343751 0.22922065429687505 0.48497440815165 0.224149641129744 0.48384066564631745 0.233810144510483 0.5270502477290425 0.23888115767761403
0 0.3484441722376146 0.5612454883897648 0.3383915459297684 0.451553105469977 0.2989263943279955 0.455169841752616 0.3089790206358417 0.5648622246724038
0 0.29382012833014465 0.3789145704618662 0.23956998042306837 0.37793671586296046 0.23651481086563694 0.5474336948180349 0.29076495877271324 0.5484115494169407
0 0.8206127265625003 0.9050838300781253 0.7848100805803755 0.8737471315973473 0.713727119140625 0.9549604765625003 0.7495297651227498 0.9862971750432783
0 0.7349671533185204 0.8337812648224507 0.7012137371745336 0.8036098629476285 0.6300862656249999 0.8831817421875 0.6638396817689867 0.9133531440623223
0 0.664360331762377 0.7742033047948523 0.6277405559106246 0.7437959843009709 0.5611862421874999 0.823947869140625 0.5978060180392524 0.8543551896345064
0 0.5955668263029208 0.7127082479960136 0.558433666078742 0.6815185999864894 0.48785786907269624 0.7655433500373507 0.524991029296875 0.796732998046875
0 0.657097970703125 0.44189415039062496 0.6411730258538727 0.42770025997417915 0.40111993567078896 0.6970296763566581 0.4170448805200413 0.7112235667731039
0 0.6146479433593751 0.4186083496093752 0.5975734588868158 0.40362985416369157 0.3650886717774408 0.6686469850230665 0.38216315625000014 0.6836254804687502
0 0.5800299277343751 0.39345688671875 0.5626622272221924 0.3782793212671465 0.3433570696063586 0.6292303918056958 0.3607247701185413 0.6444079572572994
0 0.536023783203125 0.37890625000000017 0.5193433519780524 0.36389620824496516 0.34269456877492743 0.5602033156668401 0.3593750000000001 0.5752133574218752
0 0.472446982421875 0.37890625000000006 0.4556969572837482 0.3645008718152958 0.34262497486187327 0.4959766667371708 0.359375 0.510382044921875
0 0.41428682031249997 0.3789062500000001 0.3978174890651635 0.3643003588232407 0.3550738992214135 0.4124972357763657 0.37154323046875 0.42710312695312513