0 0.07891503710937506 0.38718097460937506 2.7755575615628914e-17 0.37227168554687506 -0.014144239148884519 0.4471373047349529 0.06477079796049051 0.4620465937974529
0 0.5503508761530048 0.4306672451659951 0.5379485093668965 0.29426253143867503 0.38366830384852246 0.30829019693783144 0.3960706706346307 0.4446949106651515
0 0.12042436802975745 0.7946838621780299 0.01771853320312508 0.77022628125 -0.0037796692230054607 0.8605046629895932 0.09892616560362691 0.884962243917623
0 0.20041674770827256 0.7407478179363026 0.13244029053884515 0.7318726107364079 0.11986657902165673 0.8281764313862555 0.1878430361910841 0.8370516385861503
0 0.1200923149820648 0.7235643603255436 0.07707436853812358 0.7133203950339546 0.07021333621422851 0.7421322381687419 0.11323128265816973 0.7523762034603309
0 0.13125191579676426 0.6143533931891619 0.08987467903663691 0.6089510693375871 0.07804719283903033 0.6995396216201096 0.1194244295991577 0.7049419454716844
0 0.25817964249635617 0.5515781227395372 0.16360396564631968 0.5392300653435951 0.14041826118635348 0.7168129532614004 0.23499393803638996 0.7291610106573425
0 0.8533403294960303 0.7799089856245809 0.6707233671874999 0.6960555683593748 0.6534577798789695 0.7336567682816688 0.8360747421874999 0.8175101855468749
0 0.871415361328125 0.737680318359375 0.6930346771520237 0.6549157401340098 0.676895255859375 0.689700681640625 0.8552759400354762 0.7724652598659902
0 0.8955529877956422 0.6882608013358831 0.7083053984375002 0.5989025214843752 0.692191396969983 0.6326689271797421 0.879438986328125 0.72202720703125
0 0.9106094695836426 0.6568675825482879 0.7194480328436886 0.5696800450513952 0.711388797635046 0.5873501734406074 0.902550234375 0.6745377109375001
0 0.7584351289055105 0.8597280507188154 0.6589543496093752 0.81518105859375 0.6451916757286045 0.8459153788597253 0.7446724550247398 0.8904623709847908
0 0.7287819759776665 0.9062740009156043 0.6342870818223333 0.8660499093301521 0.6196422367040418 0.9004537463051728 0.714137130859375 0.9406778378906251
0 0.7075169734444241 0.9561923968834323 0.6148247890625 0.90886315625 0.5989029962339573 0.9400452698187438 0.6915951806158813 0.9873745104521761
0 0.6795790707172089 0.9996365666663045 0.5869948962489113 0.9583323429358073 0.5723891718750003 0.9910713417968753 0.6649733463432979 1.0323755655273725
0 0.5820994774855803 0.9526013037207841 0.4895546074790743 0.9096291084731937 0.47331204405599414 0.9446090742836597 0.5658569140625002 0.9875812695312502
0 0.6082461526944642 0.909228516252078 0.512729415638897 0.8619530904018742 0.4987367769242791 0.8902242517670328 0.5942535139798464 0.9374996776172366
0 0.6287796796875001 0.863497583984375 0.5313304065720974 0.8128051503025924 0.5160592620408473 0.8421618378025924 0.6135085351562501 0.8928542714843751
0 0.6522373505481046 0.8059794114648667 0.554980078351767 0.7614716898522965 0.539552212890625 0.795184314453125 0.6368094850869627 0.8396920360656952