0 0.33068569477303106 0.2410981902366559 0.15243420447374054 0.22664089100166548 0.15232316099330356 0.2937273925781252 0.33057465129259406 0.3081846918131156
0 0.7506131579429791 0.6241612574485836 0.7505475774343624 0.46015552453172665 0.43967025870576176 0.46624669661172385 0.4397358392143786 0.6302524295285808
0 0.9339896954771236 0.34076174938530607 0.7033487843532015 0.33624269027084225 0.7032328514348778 0.6261713653498966 0.9338737625588 0.6306904244643604
0 0.7113581568080357 5.498814069668143e-16 0.5715035033482143 4.899360131699129e-16 0.5715035033482143 0.04465946484375051 0.7113581568080357 0.04465946484375057
0 0.8007584395941693 0.10893845377820205 0.44220810560646645 -0.021579469756621533 0.43875594906353743 0.44311396504680034 0.7973062830512402 0.573631888581624
0 0.9999082036830359 0.7365016738281259 0.9858701657898024 0.7363393735985577 0.9858619559151783 0.7711346171875008 0.9998999938084119 0.771296917417069
0 0.9651270001965431 0.7230513904669411 0.9292071122184792 0.7226361139414215 0.9291978763940512 0.7617804868214418 0.965117764372115 0.7621957633469615
0 0.9280121426391073 0.7221292115254334 0.8619037244005047 0.706680204184596 0.8617068897879464 0.7479520351562505 0.927815308026549 0.7634010424970878
0 0.8583357773265876 0.7070542786042004 0.7834292375103493 0.693181961404293 0.7832749771205358 0.7339970957031258 0.8581815169367741 0.7478694129030332
0 0.7799677421875001 0.6933642988281257 0.7072445791614808 0.6779926792675772 0.7070668203909095 0.7192005572033408 0.779789983416929 0.7345721767638892
0 0.9794436545086501 0.6816507160113331 0.9463743777592997 0.6739228966735881 0.9462678566427598 0.6962585945333691 0.9793371333921103 0.7039864138711142
0 0.7015397745893124 0.6785437488569239 0.5526177210140439 0.6500285552432589 0.5524595329777479 0.690509664690928 0.7013815865530163 0.7190248583045931
0 0.9424090116942724 0.6721602799522817 0.8287033000161402 0.6502009460646315 0.8286010757250681 0.6761375616971692 0.9423067874032002 0.6980968955848194
0 0.5489921447996446 0.6489914022067084 0.4741770617072043 0.6356799346143157 0.4740304283682044 0.6760623254286666 0.5488455114606448 0.6893737930210593
0 0.47069320340401793 0.6346960410156254 0.4437870608802461 0.6290088196498825 0.4436155817593822 0.6687607876296562 0.47052172428315403 0.674448008995399
0 0.8226656777646822 0.6482404481013777 0.717609183101718 0.6279517486375318 0.717500179441557 0.655608798842011 0.8225566741045213 0.6758974983058568
0 0.7138115697544644 0.6289062500000006 0.6151537357700894 0.6289062500000004 0.6151537357700894 0.6505231953125006 0.7138115697544644 0.6505231953125007
0 0.60874534375 0.6289062500000004 0.5805751548549107 0.6289062500000004 0.5805751548549107 0.6333911347656255 0.60874534375 0.6333911347656255