0 0.3034709557038451 0.25680380936603386 0.2797267614739122 0.23652129359222265 0.22462437717925632 0.30102816886427697 0.24836857140918922 0.32131068463808815
0 0.09962625130208336 0.5390625 0.0016672971438764783 0.4675250409402956 -0.01866143191858279 0.49536194016063373 0.0792975222396241 0.5668993992203382
0 0.4112141042969097 0.3049027977363711 0.31235542623320994 0.24069528914774596 0.1451339785432293 0.49816192546352206 0.24399265660692906 0.5623694340521471
0 0.2084034254015589 0.37117870944406844 0.18682974277300693 0.3573034671037277 0.16284478742353145 0.39459606364924255 0.18441847005208345 0.4084713059895833
0 0.16910480629421476 0.4276436573086531 0.14864038434807944 0.41301269307806415 0.12545625123094803 0.4454404862902443 0.14592067317708335 0.46007145052083337
0 0.7583498747683283 0.4645059033918207 0.46709992269211287 0.41935791564268815 0.45483614257364474 0.4984716380886171 0.7460860946498601 0.5436196258377496
0 0.912691236212742 0.2526526496738013 0.512300137511049 0.17968340879504843 0.4713591336949636 0.4043316756875412 0.8717502323966566 0.47730091656629403
0 0.49993063313745983 0.1772409274563901 0.46172170984457067 0.1710576709659524 0.42570918946712544 0.3935940691912842 0.46391811276001466 0.39977732568172186
0 1.0022591138326773 0.039680009744423005 0.549652746615875 -0.03048056573854621 0.5177024629797827 0.1756309393130114 0.970308830196585 0.2457915147959806
0 0.53296971875 7.401486830834377e-17 0.4905153633295088 -0.006870286955569803 0.4644051114860864 0.15447579932114877 0.5068594669065776 0.16134608627671865
0 0.11098674568083207 0.5503123871337182 0.03289886468655224 0.5382589285765147 0.006052979315590068 0.7121789940983666 0.0841408603098699 0.7242324526555702
0 0.584263649849408 0.5557785507738338 0.4896295159631248 0.5378684852615535 0.45664807031250004 0.7121375598958334 0.5512822041987833 0.7300476254081136