0 0.30277850050892174 0.1352496544655611 0.29473788729634337 0.06168432718875912 0.08529166649408153 0.08457657973010449 0.0933322797066599 0.15814190700690645
0 0.27589231562500005 0.973801771875 0.11307029062500014 0.973801771875 0.11307029062500014 1 0.27589231562500005 1
0 0.08414498379335925 0.9997028710451159 0.07319178433004633 0.913851422429623 0.028943124902317974 0.9194968064098841 0.03989632436563088 1.005348255025377
0 0.869394209375 0.9629809984375001 0.7388191437500001 0.9629809984375001 0.7388191437500001 1 0.869394209375 1
0 0.7370294734375002 0.9615295671874999 0.6440244281250002 0.9615295671874999 0.6440244281250002 1 0.7370294734375002 1
0 0.9123309455492622 0.9418225133493255 0.9020476399129217 0.698018357526145 0.7690096846159254 0.7036297054990033 0.779292990252266 0.9474338613221838
0 0.7805881332146278 0.9428998283885626 0.7665037726223716 0.7224030562313801 0.6796823628012035 0.7279488246845243 0.6937667233934597 0.9484455968417066
0 0.9956558150844591 0.6138975952885115 0.9910699828125 0.5599818125 0.973838132888174 0.5614474756027412 0.9784239651601331 0.6153632583912527
0 0.7669092854409755 0.7257042519962714 0.7568159745201601 0.6070368186604097 0.6753567948151716 0.6139653651453579 0.685450105735987 0.7326327984812196
0 1.0044324433477807 0.7170847438879178 0.9867208244049422 0.5088485858552138 0.8942958855375425 0.5167098300958871 0.912007504480381 0.7249459881285911
0 0.9179760609211509 0.5225256902837587 0.7723474950056665 0.5139304462106116 0.7604641263170663 0.7152694571378684 0.9060926922325507 0.7238647012110156
0 0.8306973331902686 0.6223186156498717 0.8200789713679348 0.4974781543934433 0.7558512397401662 0.5029410731185716 0.7664696015625 0.627781534375