0 0.3959108512209118 0.13269112992536441 0.1766906431565865 0.09048162072794796 0.15888520502074946 0.18295632434410813 0.3781054130850747 0.22516583354152458
0 0.5475098432919017 0.42905624042860746 0.37890625 0.39978904101562507 0.3710714184268484 0.4449242361338927 0.5396750117187501 0.47419143554687515
0 0.21346130273437508 0.548828125 6.721206065632935e-17 0.548828125 8.291598629313015e-17 0.8052926933593749 0.2134613027343751 0.8052926933593749
0 0.6177516789808488 0.5960248843212675 0.614191587890625 0.5854246503906251 0.4984908639879012 0.6242827660693576 0.502050955078125 0.6348830000000001
0 0.6216205643847201 0.6133988184778532 0.6180610292968749 0.6028002402343748 0.5023611348340298 0.6416580780065216 0.505920669921875 0.65225665625
0 0.669372977808691 0.7526490612735091 0.6658137207031247 0.7420513105468751 0.5501121686756838 0.7809097043514911 0.5536714257812501 0.791507455078125
0 0.6833021391347387 0.7882678589265286 0.6797423261718751 0.777668453125 0.5640399448496365 0.8165271254484714 0.5675997578125 0.82712653125
0 0.6871710246836911 0.8056417936953839 0.683611767578125 0.79504404296875 0.5679102155506839 0.8339024367733662 0.57146947265625 0.8445001875000001
0 0.675014704956828 0.7723770099069046 0.6714551699218749 0.7617784316406252 0.5557552735587967 0.8006362693899707 0.5593148085937499 0.8112348476562501
0 0.6397087205727003 0.6643278138526441 0.636149111328125 0.653729267578125 0.5381125587241746 0.6866556529442311 0.54167216796875 0.6972541992187501
0 0.6652136631893504 0.7373371066615318 0.6616539661894859 0.7267385982199451 0.5636176037813856 0.7596658489802883 0.56717730078125 0.770264357421875
0 0.633777046064353 0.6466635304626983 0.6302167929250393 0.6360633664054596 0.5321804324075612 0.6689906171927613 0.5357406855468749 0.67959078125
0 0.6595702803768505 0.717609714083407 0.6560108613281251 0.7070120332031251 0.5579744989200246 0.7399392839634682 0.56153391796875 0.7505369648437501
0 0.6275538663143504 0.6310616105677819 0.623994447265625 0.6204639296875 0.5259580848575246 0.6533911804478431 0.52951750390625 0.663988861328125
0 0.6337363079678564 0.7076002810764934 0.6300602890625 0.69705349609375 0.5516347193758936 0.7243882599391315 0.55531073828125 0.7349350449218749
0 0.6280946759509671 0.6878722660582739 0.6244185457889271 0.6773255313633315 0.5459931589004599 0.7046611891331829 0.5496692890624999 0.7152079238281251