0 0.7536933619791667 0.2247801809895835 0.7356608395657434 0.19072245624998108 0.6068170416666665 0.2589413020833334 0.6248495640800898 0.29299902682293577
0 0.7866992760416666 0.26987286197916677 0.7708072634093804 0.23907929292955796 0.6422984010416667 0.3054004283854167 0.6581904136739528 0.3361939974350256
0 0.81888004296875 0.3176984322916667 0.8046138719519361 0.2891128352349477 0.6767938118447332 0.3529038007778624 0.6910599828615472 0.3814893978345813
0 0.3014747883066113 0.8684408596943366 0.17994915156896554 0.8610802484151509 0.17164445411131798 0.9981929973668624 0.2931700908489637 1.0055536086460481
0 0.32321635750413924 0.8001968425988962 0.2108014191757734 0.7597002187590699 0.18433948892787969 0.8331561263090964 0.2967544272562455 0.8736527501489229
0 0.19682984162306216 0.7517339562652916 0.12952290961572524 0.741006512305896 0.1169675013990671 0.8197825945079216 0.184274433406404 0.8305100384673172
0 0.3248294680885344 0.7071108277574097 0.22284866210158172 0.6748984280189143 0.19910541345524616 0.7500668617077673 0.3010862194421989 0.7822792614462627
0 0.2097927253493219 0.6663504447643752 0.14297540402414646 0.6557008919410934 0.13031853641576915 0.7351124882768847 0.19713585774094455 0.7457620411001665
0 0.3199869975349936 0.6043804117661856 0.2349692015078686 0.5915050243561523 0.22181922494116205 0.6783359669838301 0.3068370209682871 0.6912113543938635
0 0.22333641586146422 0.5793977275887985 0.1561692418088863 0.5685019556974787 0.14292827975635877 0.65012609501286 0.2100954538089367 0.6610218669041797
0 0.31499885459535665 0.5390663968539607 0.2385100311521592 0.5365488699533223 0.23653289533245284 0.5966192479891619 0.31302171877565027 0.5991367748898003
0 0.22764087500000008 0.5390625 0.15812174479166674 0.5390625 0.15812174479166674 0.5732727278645834 0.22764087500000008 0.5732727278645834
0 0.6291067477876106 0.6493616334808261 0.5688554487970133 0.5020806803926993 0.47779718920999265 0.5393317865873896 0.5380484882005899 0.6866127396755163