0 0.5957107852743833 0.27849841759181126 0.40319546914023835 0.22602945087576984 0.37584405886585515 0.32638525594020873 0.5683593750000001 0.37885422265625013
0 1.0595524904824478 0.20089300841697844 0.8936067667644623 0.04204231759705668 0.8340542762820142 0.10425470761757843 0.9999999999999998 0.2631053984375002
0 0.900615024823687 0.049431711944348256 0.7781552904018929 -0.05539406120052548 0.7304443377406804 0.00034290516392043724 0.8529040721624745 0.10516867830879417
0 0.8024200255859878 0.8243602264472178 0.6266977968750002 0.726077283203125 0.6065251430070154 0.7621444132634638 0.7822473717180031 0.8604273565075566
0 0.77657398828125 0.8646792500000002 0.602399100789723 0.7721441203298256 0.5844148432347945 0.8059951134328043 0.7585897307263215 0.8985302431029788
0 0.7558215523310409 0.92456487151405 0.576778626953125 0.818302734375 0.5578078057656635 0.8502670013629661 0.7368507311435792 0.956529138502016
0 0.7333123203125002 0.9675261093750002 0.5683593750000001 0.8742172500000001 0.559058976936173 0.8906586475637773 0.7240119222486731 0.9839675069387774
0 0.8186273244243096 0.7107979789421013 0.72215517578125 0.6611963984375002 0.7067521111225652 0.6911544507453993 0.8032242597656248 0.7407560312500002
0 0.8475013768668144 0.6603333231659443 0.75693011328125 0.6117155996093753 0.7392837065082469 0.6445895649507616 0.8298549700938113 0.6932072885073306
0 0.8708197599504169 0.6197541211639288 0.780865783203125 0.56970957421875 0.763827279112083 0.6003359120391962 0.8537812558593749 0.650380458984375
0 0.9018480566406251 0.5713326894531251 0.809312056640625 0.5239750273437501 0.7930082579256177 0.5558323499119022 0.8855442579256179 0.6031900120212772
0 0.9970758388183811 0.6256133703765137 0.9081209472656252 0.5752699257812499 0.8891334128521302 0.6088201541811074 0.9780883044048861 0.6591635987763711
0 0.9682880381627635 0.6770810706841653 0.8763199631018417 0.6232176429369669 0.8603600623860359 0.650468068845341 0.9523281374469578 0.7043314965925395
0 0.9468709363340229 0.7262827955385626 0.8539775800781249 0.666442166015625 0.8360617993137257 0.6942536549390825 0.9289551555696237 0.75409428446202
0 0.92094063671875 0.7690331347656251 0.8267441093750001 0.7183648691406251 0.8091916266879353 0.7509963968826565 0.9033881540316853 0.8016646625076564