0 0.3420651676634722 0.03387634067336634 0.25543005989583334 0.013600529296875045 0.25040634188671995 0.0618978956425387 0.3370414496543588 0.08217370701902998
0 0.6101341905262052 0.0029922988896338987 0.5531601933323408 -0.01074899927004011 0.5321448133970468 0.18530183326295685 0.5891188105909112 0.19904313142263086
0 1.0048891247066536 0.15794164712127487 0.9798043911910522 0.15277460723434008 0.974665011541275 0.2089131191260965 0.9997497450568763 0.2140801590130313
0 1.0047849628354502 0.0987503558424414 0.980114478971717 0.09366864308332654 0.975329516136267 0.14593577161588528 1 0.15101748437500015
0 0.291296224438033 0.8073263515831586 0.2388668166738468 0.46629588019695434 0.14028471155603428 0.5003965078462822 0.19271411932022042 0.8414269792324864
0 0.9475676281167188 0.7055909946934752 0.919653130578094 0.6987570697222527 0.892368531798387 0.9495178996322767 0.9202830293370119 0.9563518246034993
0 0.9148326793798578 0.6849077768984956 0.8870506668072751 0.6752462135736659 0.8511402567508144 0.9075836436353524 0.8789222693233971 0.9172452069601822
0 0.881751907816636 0.659995085409057 0.8550358383517679 0.647756207828878 0.808231874485481 0.8776335285884955 0.8349479439503491 0.8898724061686746
0 0.8489295025634115 0.6320487878251255 0.8160690277587714 0.6137116246627874 0.7603698023413227 0.8382928043602671 0.7932302771459628 0.8566299675226052
0 0.8161300138972636 0.6069725133238497 0.7908450114000595 0.5892791867672033 0.7230100659444657 0.8073961818636215 0.7482950684416698 0.825089508420268
0 1 0.5947688535156253 0.9807852526041666 0.5947688535156253 0.9807852526041666 0.6628511484375003 1 0.6628511484375003
0 0.9653393567249907 0.6424622217540835 0.8247796623003737 0.5280930973599689 0.8110216660210834 0.5661374075451054 0.9515813604457005 0.6805065319392201
0 1 0.5307025195312502 0.9859355833333333 0.5307025195312502 0.9859355833333333 0.5780416894531252 1 0.5780416894531252
0 0.8113694503585189 0.5007878263663182 0.8031449633234476 0.4945105781812221 0.7865222708514695 0.5435136617073432 0.7947467578865409 0.5497909098924393