0 1.02787684658876 0.04750452583707822 0.8571986000894862 0.0260224300347119 0.7967734185164131 0.5061089229995333 0.967451665015687 0.5275910188018995
0 0.8610906861701237 0.00553454956739402 0.7007565764849981 -0.014645606246739565 0.6385378773052433 0.4796905044668317 0.7988719869903689 0.4998706602809653
0 0.6081193681344172 0.7294910223035517 0.5259182934186051 0.7156314665575702 0.5245082304184372 0.7239945552564564 0.6067093051342494 0.7378541110024379
0 0.5185312133502256 0.7158935260153488 0.38106682310443857 0.692444897375117 0.3717540754567307 0.7470396114859714 0.5092184657025177 0.7704882401262032
0 0.3781250332031251 0.6927437890625001 0.3457530967312047 0.6841449192041753 0.3312215288332818 0.7388515260699062 0.3635934653052023 0.747450395928231
0 0.3942035600454082 0.6422513991974503 0.36183161446178985 0.6336525348160927 0.3487980644531251 0.6827196386718751 0.38117001003674345 0.6913185030532327
0 0.6717729630380515 0.680188998602654 0.5375483697131413 0.6578917499478448 0.528436134832909 0.7127454244982456 0.662660728157819 0.7350426731530548
0 0.5366170114642297 0.6577370349956276 0.3988226772985541 0.6348467880306785 0.38966087063070237 0.6899988819108539 0.527455204796378 0.712889128875803
0 0.6778095782976805 0.6202734032467366 0.5530066479204657 0.6025210184400606 0.5451189445112744 0.6579732019147686 0.6699218748884892 0.6757255867214447
0 0.5542794448080017 0.6007513750104102 0.4150182414137261 0.580942388982134 0.4074025750503273 0.6344820734921002 0.5466637784446029 0.6542910595203764
0 0.41308436540549875 0.576765924178545 0.3074448077400753 0.5617394046030543 0.2990131648022659 0.6210156079759092 0.40465272246768935 0.6360421275513999
0 0.6775375379483782 0.5617103553908692 0.5707829426995937 0.5465252261586608 0.5631672796888739 0.6000649102685661 0.6699218749376584 0.6152500395007746
0 0.569486470703125 0.544390017578125 0.43163807255194697 0.5215908840616847 0.4226103599176425 0.5761743499074659 0.5604587580688205 0.5989734834239061
0 0.43176944531250006 0.5208990234375 0.32544853504180615 0.5057755858339321 0.3178328903964801 0.5593151508596891 0.4241538006671739 0.5744385884632571
0 0.6701938630194844 0.552862485359582 0.5812596621093751 0.5402121875000001 0.5809876739780092 0.5421243201144694 0.6699218748881185 0.5547746179740514
0 0.8084022899876587 0.7310709982540613 0.6699218750000001 0.70861703515625 0.653098128022603 0.8123741961050183 0.7915785430102616 0.8348281592028296