0 0.609375 0.040364583333333405 0.5885416666666666 0.040364583333333405 0.5885416666666666 0.3744419648437501 0.609375 0.3744419648437502
0 0.7722436561662653 0.13350670396847028 0.7597665007732005 0.13190076558608935 0.7429964072426442 0.26219409765450846 0.755473562635709 0.26380003603688945
0 0.83825703125 0.10002122005208346 0.774169921875 0.10002122005208346 0.774169921875 0.2533871666666668 0.83825703125 0.2533871666666668
0 0.887302915309483 0.2444898291365493 0.8823492111610388 0.09295909795212438 0.8385811886675613 0.09438992213478649 0.8435348928160056 0.2459206533192114
0 0.7811582370430514 0.06456526238434082 0.7686855391329375 0.06305419631132984 0.7615206493715799 0.12219489647582364 0.7739933472816939 0.12370596254883463
0 0.7863490951848785 0.029100734716969945 0.773768832063806 0.027373140438723537 0.7699478815454185 0.05519712868595527 0.7825281446664909 0.056924722964201674
0 0.82605 0.015558907552083433 0.7940062499999999 0.015558907552083431 0.7940062499999999 0.09113043229166679 0.82605 0.09113043229166679
0 0.3145390570026404 0.7373786854041017 0.2293077335007877 0.7340314458480203 0.22533947950867994 0.835075764329607 0.31057080301053264 0.8384230038856884
0 0.22138832418374618 0.735366198879177 0.13660427225271768 0.7316203154906008 0.13292487883158052 0.8148994383388309 0.21770893076260908 0.818645321727407
0 0.5524160878833314 0.7205342702481667 0.4058203411191899 0.7168315774295896 0.40158593566981243 0.8844787086847798 0.5481816824339539 0.888181401503357
0 0.4054057796128481 0.7172892473600313 0.3206667536765001 0.7138662397144647 0.3145134821388473 0.8661949197563866 0.39925250807519536 0.8696179274019532
0 0.48083465625000016 0.6750743671875 0.3951419062500001 0.6750743671875 0.3951419062500001 0.7137961953124999 0.48083465625000016 0.7137961953124999
0 0.5546263125000002 0.6733909218749999 0.4832154843750001 0.6733909218749999 0.4832154843750001 0.715479640625 0.5546263125000002 0.715479640625
0 0.33087173437500006 0.6262510052083333 0.23089584375000008 0.6262510052083333 0.23089584375000008 0.7238972981770834 0.33087173437500006 0.7238972981770834
0 0.2262141611001928 0.6263751664074825 0.14124746482453218 0.6220849345414355 0.13626904276101626 0.7206810217950067 0.2212357390366769 0.7249712536610535