0 0.4528300482558212 0.023341959289930835 0.4442171434205438 -0.011796954692352502 0.3918851014447751 0.0010301604996620583 0.40049800628005255 0.036169074481945396
0 0.406867772962177 0.08310955089862018 0.37115119829178506 -0.03514511262199136 0.1459923863478719 0.03285982925575392 0.18170896101826384 0.15111449277636546
0 0.9785547171874999 8.881784197001253e-17 0.8960982869148818 -0.0464218100267054 0.8042497738152786 0.11672349843249079 0.8867062040878967 0.16314530845919628
0 1.090094006379698 0.17063839328446634 0.9992767624822243 0.12526775875998686 0.8427975391002365 0.4384882359191013 0.9336147829977103 0.4838588704435808
0 0.35628107197301084 0.8734535030226036 0.2898235542394806 0.8645591488727048 0.2787194072587017 0.9475279662206437 0.3451769249922319 0.9564223203705426
0 0.28216179109192613 0.8279986354845045 0.21475891918869924 0.8204059460577838 0.2014432234092732 0.9386138808857792 0.2688460953125001 0.9462065703124999
0 0.20859724723033785 0.817566283861281 0.14216989879826034 0.8084919816291054 0.1265242697408044 0.9230239452167325 0.19295161817288192 0.9320982474489081
0 0.13545120922092918 0.8056926460741389 0.06812773338523584 0.7966823989697638 0.052793358714487294 0.9112589905596126 0.12011683455018066 0.9202692376639877
0 0.05772869018697831 0.7882614137791509 9.992007221626409e-17 0.7835430937499999 -0.00982780857539155 0.9037864246305889 0.047900881611586656 0.9085047446597398
0 0.22661030804177207 0.6932212384285303 0.1594076267187388 0.6842271538646263 0.14486641845198303 0.7928772536340307 0.2120690997750163 0.801871338197935
0 0.15410513984407717 0.6798952351825991 0.08530579662326505 0.6700703573996734 0.06956490384383815 0.7802969789273059 0.13836424706465028 0.7901218567102315
0 0.07825268819951457 0.6673331260296932 0.011132131422046065 0.6583500341299686 -0.0036734429363226573 0.7689754630398513 0.06344711384114585 0.7779585549395758
0 0.3866741346668633 0.6207936150226729 0.3210933011655563 0.6134061719379401 0.312240536811193 0.6919951584777673 0.37782137031250007 0.6993826015625
0 0.31687498763511573 0.6087815846075684 0.24781377966774118 0.5995387802521001 0.23750275254209607 0.6765816301594589 0.30656396050947066 0.6858244345149271
0 0.2403132457029537 0.5965242342730865 0.17294562008171782 0.5875080768508129 0.1626346469694424 0.6645504069572489 0.2300022725906783 0.6735665643795226
0 0.1678159118724714 0.5827996107889459 0.09887840497390124 0.5735733449976028 0.0883029926825136 0.6525915062212702 0.15724049958108374 0.6618177720126133
0 0.09204622200317111 0.570994351378062 0.02476939531377629 0.5613868962934264 0.013803741644474787 0.638174596568531 0.08108056833386962 0.6477820516531667
0 0.8968979628013608 0.7077955532697426 0.8427021537611328 0.703138282393083 0.8372467246305856 0.766622112992965 0.8914425336708136 0.7712793838696247
0 0.9061006893502037 0.5875032697194926 0.8542706484375003 0.5858402281250001 0.8518206184622968 0.6621974005930076 0.9036506593750003 0.6638604421875002
0 0.8848479057027872 0.7946527045991636 0.831749380369566 0.7912632689142093 0.8236883731042788 0.9175461190025457 0.8767868984374999 0.9209355546874999
0 0.8053008463280559 0.8245057149318316 0.7427621718851233 0.7139325500093762 0.5428151412477538 0.8270198643105525 0.6053538156906864 0.9375930292330079