0 0.6345476451974479 0.01671313591986523 0.5709687992364375 -0.025499427989877182 0.5096589308292946 0.06684300085860906 0.573237776790305 0.10905556476835147
0 0.4807841104109971 0.30009779908133577 0.41831906170564453 0.25916558090502384 0.3299689808885046 0.3939931653176929 0.39243402959385715 0.43492538349400484
0 0.8385615776984253 0.2628188170461698 0.8323106078491533 0.24909652294628873 0.784801436400728 0.2707385600667856 0.7910524062500001 0.28446085416666667
0 0.2607147061565292 0.6804669197161686 0.25642012011132703 0.6524456030230457 0.14892054277377076 0.6689211380507162 0.1532151288189729 0.6969424547438391
0 0.3700582916666666 0.621645421875 0.36576377913034813 0.5936245853343511 0.25977581709884007 0.609868448396143 0.26407032963515853 0.6378892849367919
0 0.2513445377604167 0.641751984375 0.24676366547197048 0.6118627080959274 0.13909616687390658 0.6283639795248216 0.14367703916235275 0.6582532558038943
0 0.3564324609375 0.5663752057291668 0.3515652657183821 0.5346177315024935 0.24606696518084484 0.5507865495998121 0.2509341603999627 0.5825440238264853
0 0.2395053429287124 0.6015031308644652 0.23206142590911863 0.5529330580561039 0.12439394921875002 0.5694343255208333 0.13183786623834376 0.6180043983291945
0 0.22681788281249995 0.5422649361979167 0.2245274466734779 0.5273202978192025 0.11803520182291666 0.5436414479166666 0.12032563796193874 0.5585860862953808
0 0.9199459337633442 0.9750276742232623 0.9095681341145831 0.9316218593750002 0.791105754618545 0.9599447659860855 0.8014835542673061 1.0033505808343477
0 0.7395416071367169 0.986886227432834 0.7333421490395565 0.9476572801458145 0.6984610982794238 0.9531696282338276 0.7046605563765843 0.9923985755208471
0 0.7309703159186229 0.9429198658316268 0.7278190579509959 0.9094285814070421 0.687647675570847 0.9132083823603646 0.6907989335384741 0.9466996667849493
0 0.9175541154485282 0.8852617648126359 0.9009500621490062 0.8308583936757029 0.7462415014425083 0.8780758571192347 0.7628455547420304 0.9324792282561676
0 0.7258949071039414 0.9005326202682724 0.7203817348138157 0.865646354119839 0.6809508974591286 0.8718777174579323 0.6864640697492543 0.9067639836063658
0 0.8167865302197436 0.8372057766072153 0.8078061640624998 0.7991710104166666 0.7971779349939325 0.8016804352981192 0.806158301151176 0.8397152014886679
0 0.806924054463097 0.7917340745584229 0.803032406214944 0.775457009774724 0.7922649051372636 0.7780313883413011 0.7961565533854165 0.7943084531250001
0 0.71908609558899 0.8574478045336336 0.7085110421829418 0.7905309938262574 0.6599810221747345 0.7982003305438665 0.6705560755807826 0.8651171412512427
0 0.9080726115051506 0.819173709259144 0.8829928710937498 0.7142760950520831 0.802279796384949 0.733573606981258 0.8273595367963497 0.8384712211883188
0 0.6713275607074835 0.780178357554921 0.6661387721354166 0.7584759140625 0.6396865532252966 0.7648003157933271 0.6448753417973635 0.7865027592857481
0 0.889296607243514 0.7070334457722246 0.8810808216145835 0.67267038671875 0.7182691349855155 0.7115966625531415 0.7264849206144461 0.7459597216066162
0 0.7024417115427277 0.7345006506513977 0.6911990397734679 0.6874774537970353 0.621112065209907 0.7042343929893876 0.6323547369791668 0.75125758984375
0 0.8865796999479088 0.6560599988643117 0.8809584192708333 0.6325486315104166 0.71427387352442 0.672400869879538 0.7198951542014953 0.6959122372334331
0 0.8810478051706947 0.621055261613893 0.874994144046533 0.595735434462705 0.7083095604218093 0.6355876806040747 0.7143632215459711 0.6609075077552626
0 0.6962299210722577 0.6668425557678203 0.6871120832479068 0.6360721108314258 0.6062227680301483 0.6600410738868147 0.6153406058544991 0.6908115188232092