0 0.245309030950023 0.09583131816944583 2.168404344971009e-18 0.020319248697916667 -0.04293674134628811 0.26829186165365904 0.20237228960373488 0.3438039311251882
0 0.651660707740805 0.30874336891211834 0.5367466346693595 0.30179038416610365 0.5360989414955872 0.3208208200097817 0.6510130145670328 0.3277738047557963
0 0.9578567750123413 0.30116748045287517 0.823920636651236 0.2977713211490028 0.8233102371689691 0.34056714088270607 0.9572463755300744 0.3439633001865785
0 0.025987626270114195 0.8910269518012136 0.004332344304618707 0.8871308294764283 -0.0015958410064264988 0.945708285043338 0.02005944095906899 0.9496044073681235
0 0.06207754553169886 0.5839324094250098 0.01089251199741742 0.5747234269577711 -0.01795457104172217 0.8597666525697522 0.03323046249255927 0.8689756350369908
0 0.06978401388077868 0.5275915088456044 0.04123837572084069 0.5224557056845237 0.034860973578656314 0.585471971254399 0.0634066117385943 0.5906077744154795
0 0.09581581822242627 0.4297099575202054 0.06769725734385057 0.4225073386454549 0.05404205757097412 0.5172789328360109 0.08216061844954983 0.5244815517107614
0 0.81344175390625 0.5086814557291667 0.5531109837198879 0.48647054374011794 0.5496746582031251 0.55807348828125 0.8100054283894872 0.5802844002702989
0 0.8043768730468751 0.641363850260417 0.5314679425614722 0.6207462655285697 0.5284261503906251 0.6923254869791667 0.801335080876028 0.712943071711014
0 0.7874738691406249 0.7741536210937502 0.5155954909476169 0.7540603052551181 0.5126641113281248 0.8245738580729167 0.7845424895211328 0.8446671739115487
0 0.7717826953125001 0.9093812434895834 0.4948600080173576 0.8879893184343423 0.49184318554687506 0.9574175169270833 0.7687658728420177 0.9788094419823244