0 0.248309130859375 1.0136366076866495e-17 0 0 1.0206184897099524e-17 0.11111976562499999 0.248309130859375 0.11111976562500002
0 0.7639902871093749 0.2890625 0.43945312499999994 0.253489640625 0.43778986394015423 0.260233733780328 0.7623270260495292 0.295806593155328
0 0.8123595906696397 0.23433674652569536 0.43945312500000006 0.1934620729166667 0.4291965832071643 0.23504969143993185 0.8021030488768038 0.2759243650489605
0 0.2650234309684195 0.9951000039078742 0.1137848381576968 0.816385570155417 -0.011878154979608424 0.8636492879112198 0.1393604378311143 1.042363721663677
0 0.05069145545306278 0.7507654215094073 0.017649348949180604 0.7455783130819258 -0.03141712227911825 0.8844918943413265 0.0016249842247639257 0.8896790027688081
0 0.4326590883938305 0.984031876355869 0.1548306287879021 0.6998003217998262 0.05815546215970102 0.7417991189009547 0.3359839217656294 1.0260306734569975
0 0.493205953308219 0.8783748940620276 0.20786380578788066 0.5676088218771861 0.11075852596569041 0.6072359548953855 0.39610067348602873 0.9180020270802269
0 0.5466988327468357 0.7008853563044678 0.2694678364186599 0.4349393258722747 0.14929200654564084 0.4906172308067948 0.42652300287381667 0.756563261238988
0 0.1897942623215917 0.3975572358532615 0.1350773842980919 0.388726134337315 0.019182491560946646 0.7078712576139856 0.07389936958444643 0.7167023591299321
0 0.5374033511275077 0.4923474480326642 0.3478711164645758 0.28476669358746337 0.20727476309358547 0.3418208824737408 0.3968069977565174 0.5494016369189416
0 0.2204141029391395 0.28924856371637314 0.18333252384945087 0.28296819225603526 0.16593310695601077 0.3286270523143156 0.2030146860456994 0.33490742377465343
0 0.9286279199948028 0.7844056007456559 0.8941240018664471 0.7823955908411023 0.8894200857778944 0.818283426293363 0.9239240039062501 0.8202934361979167
0 0.6379247236405509 0.2954541700579763 0.5980051913784649 0.29275438299498585 0.5764003915660391 0.4347332350724262 0.6163199238281251 0.4374330221354166
0 0.7583089267388492 0.36607847725687875 0.713379826543538 0.3629282497741623 0.6955546869140639 0.47591726600686707 0.740483787109375 0.4790674934895835
0 0.7695354782033612 0.29160253458818897 0.7239347427098759 0.28885088595175856 0.7150815438033897 0.35405823938440295 0.760682279296875 0.3568098880208333