0 0.5272578537313861 0.32528352491690665 0.5056787155903949 0.1763843756147997 0.34396228539506646 0.19982105207137618 0.3655414235360577 0.34872020137348314
0 0.6809311478573414 0.027537887455462512 0.6422258254492783 0.012293441500945967 0.5668009962453887 0.20379547054285507 0.6055063186534518 0.21903991649737162
0 0.6220065379237922 0.03671476114292846 0.5868209491059619 0.023479438994635837 0.5572898036106849 0.10198683995354514 0.5924753924285151 0.11522216210183776
0 0.27390577734375 0.9580233535156251 0.2736256203420922 0.9551932055734128 0.226358966796875 0.9598721425781249 0.2266391237985328 0.9627022905203372
0 0.27472359765625004 0.9522262695312501 0.27248219714420474 0.9295836378561649 0.14214557778643563 0.9424856966609375 0.1443869782984809 0.9651283283360227
0 0.4377556091102711 0.9880269281968752 0.428843707929693 0.8698337633929658 0.28205667299737686 0.8809016754171272 0.29096857417795496 0.9990948402210366
0 0.2800323481289303 0.9279183221877576 0.27621067680818856 0.882308419211673 0.14351089372392872 0.893427385098263 0.14733256504467046 0.9390372880743476
0 0.276780828125 0.8791419121093751 0.2752398918996789 0.8635753747428427 0.19482731044877374 0.871535440415231 0.19636824667409486 0.8871019777817634
0 0.19389931445312503 0.8859174355468751 0.19193807023613196 0.8661049514424218 0.144343458984375 0.870816357421875 0.14630470320136807 0.8906288415263283
0 0.2961472873835015 0.8529313739421334 0.2911041366445147 0.801985453982563 0.1443017109375 0.816517466796875 0.1493448616764868 0.8674633867564453
0 0.4611129031083006 0.850891517647432 0.4525675732377151 0.7645665763266343 0.30440326645797533 0.7792334021258482 0.3129485963285608 0.865558343446646