0 0.4072283602124089 0.3133500522437841 0.39977767194253794 0.23489502421072736 0.08945376091232352 0.264365751348816 0.09690444918219451 0.3428207793818728
0 0.8912757647233537 0.5057881157881242 0.8893179865731604 0.47340543175323174 0.6690900154901394 0.48671987812164197 0.6710477936403328 0.5191025621565345
0 0.6457949015625 0.4882772484375 0.4255655265625 0.4882772484375 0.4255655265625 0.51875 0.6457949015625 0.51875
0 1.0043677909277857 0.5002251893289608 0.9999182581819342 0.40607572459133107 0.9029503389363809 0.4106584583666377 0.9073998716822324 0.5048079231042675
0 0.9234290223892785 0.4392448973075063 0.9086741788496043 0.12368676039238491 0.6520826739279191 0.13568444660558288 0.6668375174675932 0.45124258352070423
0 0.6420780242698542 0.45018926957679667 0.6297581447657581 0.1380706488701307 0.4090481782948482 0.14678246550612106 0.4213680577989443 0.45890108621278697
0 0.051012389062500066 0.6035425296875 7.391264271310934e-17 0.6035425296875 7.889744437463e-17 0.68495051875 0.05101238906250007 0.68495051875
0 0.2500105162057084 0.9476798302079958 0.1623416701494517 0.7879154454606546 -0.030084047013200933 0.8935068174167761 0.0575847990430558 1.0532712021641173
0 0.8915679693204087 0.914464151367112 0.8806101872569052 0.7190935188068999 0.8215652740842867 0.7224051797357994 0.8325230561477902 0.9177758122960114
0 1.005819238603402 0.8816732599061471 0.9960204655300506 0.7069669485060619 0.8844926978455074 0.7132222192982869 0.8942914709188589 0.8879285306983717
0 0.8180129400857474 0.6766550232011685 0.8110691464251449 0.6404900088033739 0.7181991243578157 0.6583213378164892 0.7251429180184182 0.6944863522142838
0 0.7110340541122534 0.6972929151159662 0.7057142507140858 0.6362730726857524 0.6334298386067422 0.6425749385354222 0.6387496420049098 0.7035947809656361
0 0.7244676341402014 0.6088391532118582 0.7223422514759005 0.5844603266364381 0.6943612443837337 0.5868997528007528 0.6964866270480347 0.611278579376173
0 0.736223805448015 0.5385614211210098 0.6355916196493382 0.5242764625273868 0.6288909925448374 0.5714798721367644 0.7295231783435142 0.5857648307303874
0 0.8093349415828573 0.5629110347191183 0.8067623386898036 0.5170430590025739 0.736213917113874 0.5209999171505809 0.7387865200069276 0.5668678928671255
0 0.9148849226863854 0.6569284608596603 0.9072114886599009 0.5155463187057084 0.8478319480228759 0.5187691089439905 0.8555053820493604 0.6601512510979424
0 0.8505847529418734 0.6623853024166361 0.842578042914848 0.5171165518051364 0.8124817839435456 0.5187753532849256 0.820488493970571 0.6640441038964253
0 0.7193100796875 0.522732815625 0.7190273649614501 0.5176921800614863 0.7001670640625 0.51875 0.7004497787885499 0.5237906355635137