0 0.5869900666455855 0.1528158328781695 0.5236540771910155 0.11470214010904776 0.41819109160294365 0.28995680733628476 0.4815270810575136 0.32807050010540645
0 0.9059036862489793 0.34193397729186276 0.9040040203188283 0.2647442183300586 0.8792065209612 0.2653544931296721 0.8811061868913511 0.34254425209147626
0 0.8029785156250001 0.3242797851562501 0.8011295058109996 0.24914835304736058 0.768922450115099 0.24994097952059846 0.7707714599290996 0.325072411629488
0 0.840783065386668 0.36343944496013686 0.8384583003540377 0.25204445381326357 0.8067728818316889 0.25270571472155606 0.8090976468643193 0.3641007058684294
0 0.6417249577977452 0.7215641209610165 0.3698518741930878 0.7096319650023446 0.35982967658327575 0.9379868220887189 0.6317027601879331 0.9499189780473908
0 0.5658048372395835 0.9485359830729169 0.35412435318120067 0.9448325530696188 0.35321222763161725 0.9969677838383658 0.5648927116900001 1.0006712138416638
0 0.2942572864583333 0.9978527643229166 0.2942135266066372 0.9842739761311557 0.15154329904024025 0.9847337541254507 0.15158705889193638 0.9983125423172116
0 0.29653793619791685 0.9748457031250001 0.1521624843750001 0.973052734375 0.15207275607477613 0.9802779377624747 0.2964482078976929 0.9820709065124748
0 0.2949760364583334 0.958701546875 0.14907292576754128 0.9579382643537699 0.1490093151041668 0.9700975807291665 0.2949124257949589 0.9708608632503966
0 0.29390024228038397 0.9472892313406102 0.1397571367187501 0.9463873945312499 0.13971628159820013 0.9533704042003017 0.293859387159834 0.954272241009662
0 0.30873249739583347 0.7192036510416667 0.14740174444030624 0.7128418973721812 0.13846023578555058 0.9395938904192103 0.29979098874107785 0.9459556440886958
0 1 0.8570113450520833 0.9244791666666666 0.8570113450520833 0.9244791666666666 0.94140625 1 0.94140625