0 0.2527496335321825 0.24788984494217783 0.19604919008935917 0.020476783163797217 0.088027984375 0.047409494140624994 0.14472842781782333 0.2748225559190056
0 1.005819109181231 0.3087788829563531 0.9999999993150696 0.27425866585871933 0.9841925195312499 0.27692334960937504 0.9900116293974112 0.3114435667070088
0 0.9635676835937502 0.3091395312500001 0.9492529158875789 0.27032229615310727 0.9206383710937501 0.2808745820312501 0.9349531387999215 0.31969181712814293
0 0.9259023945312499 0.31548879882812497 0.9200832225536314 0.2809681616460723 0.8851419631984188 0.28685823824663587 0.8909611351760374 0.3213788754286886
0 0.8900039863281247 0.31984936328125 0.8791387315119155 0.2825366993260968 0.8472667235412509 0.29181766325088504 0.8581319783574601 0.32913032720603824
0 0.8546926289062499 0.325801828125 0.8488735292570634 0.29128161114380857 0.8117640661400741 0.2975371820147342 0.8175831657892606 0.3320573989959257
0 0.8170273417968749 0.33215109765624995 0.8022788455389723 0.292157727418222 0.7736648632212104 0.302709806640991 0.788413359479113 0.34270317687901897
0 0.781129080078125 0.336512068359375 0.7668145042722763 0.2976953464392658 0.73820051953125 0.308247423828125 0.7525150953370988 0.3470641457482342
0 0.743463791015625 0.34286133593749996 0.7357620557148844 0.30711690297782235 0.702889765625 0.314199787109375 0.7105915009257406 0.3499442200690527
0 0.69933596875 0.338466140625 0.6954565924418801 0.3154528032644813 0.6605160156250001 0.321342763671875 0.66439539193312 0.34435610103239367
0 0.6634377109375 0.34282711132812504 0.6598354171403736 0.32145749232609006 0.6228507265625001 0.32769203125 0.6264530203596265 0.349061650252035
0 0.616356703125 0.35076359375 0.6124773251623947 0.32775025451750583 0.5398708574218749 0.3399895878906251 0.5437502353844801 0.3630029271231193
0 0.5410261269531251 0.36346213281250006 0.5384044421313121 0.34054003811880873 0.5020183153583675 0.3447016541299077 0.5046400001801805 0.36762374882359905
0 0.5051278671875 0.36782310351562497 0.5012484196772151 0.3448093454372383 0.4663074608652455 0.35069937066511997 0.4701869083755304 0.37371312874350665
0 0.49632993359375 0.33718588671875 0.4935589602290319 0.32074784818859425 0.45750349999999995 0.3268257460937499 0.46027447336471816 0.34326378462390567
0 1.0055419494768945 0.2682527417472439 0.9997228455720795 0.23373252436481148 0.9701059999999999 0.2387250625 0.9759251039048149 0.2732452798824324
0 0.9511826479950078 0.2723448506411701 0.9456406273921673 0.2394683532118421 0.9100803378650074 0.24546278305115615 0.915622358467848 0.2783392804804842
0 0.5698934804687501 0.326475646484375 0.566014104052539 0.30346230912176997 0.5305779789294878 0.3094358046612586 0.5344573553456988 0.33244914202386366
0 0.532228193359375 0.3328249140625 0.5283488130973544 0.30981157387049857 0.49340763671875 0.315701640625 0.4972870169807706 0.3387149808170014
0 0.9141698105468752 0.27689370898437504 0.8998550790979226 0.2380765768568739 0.8712410959369408 0.2486286568840358 0.8855558273858934 0.28744578901153695
0 0.8788584511718749 0.28284617187499994 0.8730392785132762 0.2483255348550937 0.8359297401804082 0.2545811207736073 0.8417489128390069 0.28910175779351355
0 0.691711986328125 0.31101231640625004 0.6864470493472921 0.2797795373959132 0.6482230143567467 0.286222996535805 0.6534879513375796 0.3174557755461418
0 0.654046701171875 0.3173615859375 0.6487817668123073 0.28612880856643996 0.6122919414062499 0.29227992773437506 0.6175568757658176 0.3235127051054351
0 0.84060611328125 0.287603541015625 0.8347870140743072 0.2530833244547894 0.7998464325342423 0.2589732849065609 0.805665531741185 0.2934935014673965
0 0.8052947539062502 0.2935560058593751 0.7909801759155759 0.25473928330644297 0.762366193359375 0.26529136132812503 0.7766807713500493 0.30410808388105715
0 0.76762946484375 0.29990527343749995 0.7586549785897905 0.26258873985802034 0.7260434830755751 0.27043168211818597 0.7350179693295347 0.3077482156976656
0 0.73173180859375 0.304266142578125 0.7175702149804881 0.2658642673440399 0.6889562318938345 0.2764163457948929 0.7031178255070963 0.314818221028978
0 0.6057917402343751 0.3221146757812501 0.6005268783525636 0.2908823196641907 0.564036529296875 0.29703352539062494 0.5693013911786864 0.3282658815076843
0 0.6787994238281252 0.275997423828125 0.6760283804059478 0.25955896563533265 0.6423270683593749 0.26524002148437503 0.6450981117815522 0.28167847967716736
0 0.6429016171874998 0.28035788476562506 0.6401306431875575 0.2639198475036243 0.6040748807557775 0.26999779821356207 0.6068458547557198 0.28643583547556284
0 0.93774858203125 0.23234615234375 0.9335920503980695 0.20768867312008854 0.8986513913263212 0.2135786488714027 0.9028079229595017 0.23823612809506417
0 0.90243722265625 0.23829861718749998 0.8982806910160995 0.2136411379591319 0.86303021484375 0.21958333984375 0.8671867464839005 0.2442408190721181
0 0.8668159664943036 0.2443033202043568 0.8626594316344065 0.2196458395433843 0.825364927734375 0.225932609375 0.8295214625942721 0.25059009003597255
0 0.828873525390625 0.24900844921875 0.8247170663480072 0.2243513912833536 0.7894666675946407 0.23029357785882412 0.7936231266372584 0.2549506357942205
0 0.7920136017601215 0.2552219556965032 0.7878571418224676 0.2305648989689335 0.7533505484259341 0.23638170324619495 0.757507008363588 0.26103875997376463
0 0.7558974824218748 0.26131008007812506 0.751463866388989 0.23500888110441276 0.7159035742187502 0.24100331054687496 0.720337190251636 0.26730450952058726
0 0.719999220703125 0.26567105273437497 0.7158426903831351 0.24101357511279572 0.68059221484375 0.24695577539062497 0.68474874516374 0.27161325301220424
0 0.51166618359375 0.29740863476562507 0.506401321447431 0.26617627831587254 0.46991157802081746 0.27232738219446545 0.4751764401671364 0.303559738644218
0 0.47400089843750004 0.30375790234375005 0.46845895770771373 0.27088183113121184 0.43196908515809784 0.277032952705322 0.43751102588788415 0.30990902391786024
0 0.4381027578125 0.30811885351562507 0.4249621254163979 0.2724855051549022 0.39634803125000007 0.283037623046875 0.40948866364610215 0.3186709714075979
0 1.001877024069131 0.1960508228423647 0.9912031702165328 0.16710662112424057 0.9868007143780463 0.16873013006292714 0.9974745682306444 0.19767433178105126
0 0.9368770244414636 0.20375363486910236 0.9316120896835539 0.17252085832169717 0.8943175799566252 0.17880762441316136 0.8995825147145349 0.21004040096056656
0 0.8989346523437501 0.20845918359375007 0.8939467992321057 0.17887012474283379 0.85776679296875 0.18496901953125 0.8627546460803944 0.21455807838216628
0 0.86126936328125 0.21480845312500005 0.8560044287763917 0.18357567490587548 0.8198244224177181 0.18967456763092727 0.8250893569225765 0.22090734585005184
0 0.82772563671875 0.21877251953125001 0.8227377863750929 0.18918346211283363 0.7824690321267086 0.19597159722900775 0.7874568824703657 0.22556065464742414
0 0.78770581640625 0.22551869140625 0.7824408814766256 0.1942859149221469 0.7459510565879148 0.20043703484356135 0.7512159915175393 0.23166981132766445
0 0.7505359962196274 0.23178443966962287 0.7452710610620275 0.20055166163200655 0.7082857695312501 0.20678630273437498 0.71355070468885 0.2380190807719913
0 0.7141427226562501 0.236228423828125 0.7091549445078248 0.20663978733943392 0.6729744118859082 0.2127387662524689 0.6779621900343336 0.24232740274116
0 0.5623201210937502 0.244916140625 0.5570551877343733 0.21368336357802026 0.5205653631269633 0.21983448150661122 0.5258302964863402 0.25106725855359097
0 0.5264218632812501 0.24927711132812497 0.521434012049271 0.2196880532254098 0.4829000738986074 0.22618375005396668 0.48788792513058643 0.25577280815668185
0 0.48875657421875 0.25562638085937506 0.4756157967953001 0.21999264501037022 0.44700181640625003 0.23054472265624998 0.46014259382969996 0.2661784585052548
0 0.450504505859375 0.26038413476562505 0.44551665607940955 0.23079507709508498 0.40933652709195756 0.23689398874068496 0.41432437687192303 0.266483046411225
0 0.415193330078125 0.2663365683593751 0.4025115224766678 0.2319474231474245 0.3805006584369407 0.24006444789966083 0.3931824660383979 0.27445359311161144
0 0.9242742753906249 0.168686515625 0.9209835462250061 0.14569874460211238 0.8478973176188083 0.15616113279277438 0.851188046784427 0.179148903815662
0 0.9804561326981018 0.1659780372796456 0.9751911902281705 0.134745254360361 0.9382059039542783 0.1409799022612291 0.9434708464242096 0.17221268518051372
0 0.850710728515625 0.17939675390625 0.8468312749688851 0.1563829909224251 0.81189062109375 0.16227297265625 0.8157700746404899 0.1852867356400749
0 0.8129539392509983 0.1840705876658979 0.8090745614153698 0.161057249956795 0.77363843359375 0.16703074804687504 0.7775178114293785 0.19004408575597795
0 0.7765607324218751 0.1885149921875 0.7729584373999268 0.16714537403462132 0.7365927807177747 0.17327556424667012 0.740195075739723 0.1946451823995488
0 0.9884215 0.15956359375 0.9777037029713482 0.13050023519304366 0.973301249970093 0.13212374328152426 0.9840190469987448 0.16118710183848062
0 0.7388954453125002 0.194864259765625 0.7336305067022307 0.1636314778506444 0.6613338562032568 0.17581859034165914 0.6665987948135262 0.20705137225663972
0 0.558236826171875 0.206722029296875 0.5543574509354385 0.18370869227614234 0.5194168706604311 0.1895986517263284 0.5232962458968674 0.21261198874706105
0 0.522338568359375 0.21108300000000002 0.5170736346159546 0.17985022341864382 0.478229878811644 0.18639814592315068 0.48349481255506443 0.21763092250450689
0 0.48467327929687504 0.217432267578125 0.4794083411529289 0.18619948704616435 0.44273347196840074 0.19238180301051677 0.44799841011234687 0.22361458354247743
0 0.44642109179687495 0.22219004296875 0.43328031244904786 0.18655630591933642 0.40466633203124996 0.19710838476562503 0.4178071113790771 0.23274212181503862
0 0.410523134765625 0.22655096289062504 0.4055352816373252 0.19696190436206246 0.37391839687170014 0.20229158990893745 0.37890625 0.23188064843750003
0 0.22921508203125004 0.7330278378906252 0.2023175547543221 0.6971156784630628 0.1679412578793221 0.7228628737755629 0.19483878515625006 0.7587750332031251
0 0.28484193550175163 0.6938330572309406 0.2565494140625 0.65321015234375 0.2191196172326234 0.6792787787065596 0.24741213867187506 0.7199016835937502
0 0.867526837890625 0.9458108671874998 0.8477976354356297 0.8685455396819501 0.5055031775803103 0.9559482192055101 0.5252323800353056 1.0332135467110597
0 0.6732074205579589 0.47411618881822554 0.6608932860558423 0.417828132429159 0.37283286756152784 0.48084709178985213 0.3851470020636445 0.5371351481789186