0 0.41575761914062503 0.452778978515625 0.10099711718750005 0.452778978515625 0.10099711718750005 0.5 0.4157576191406251 0.5
0 0.9322459354020547 0.32602964785721744 0.8831497519531252 0.28451829492187497 0.869801869392451 0.30030506274595337 0.9188980528413805 0.34181641568129584
0 0.8979898789062499 0.342637896484375 0.8651634550781251 0.3161434921875 0.8553408914108125 0.3283135955198469 0.8881673152389373 0.3548079998167219
0 0.8700649238281252 0.28942745117187485 0.7498818007812501 0.1971916464843749 0.7407423627816612 0.2091003212707591 0.8609254858285362 0.3013361259582591
0 0.8810904101562498 0.3639039335937502 0.723897008650828 0.2379699935585403 0.7127054296874997 0.25193955859375017 0.8698988311929216 0.37787349862896
0 0.888811845703125 0.23064706445312505 0.7880417656250002 0.15302247070312508 0.7817114518727051 0.16124030725365052 0.8824815319508299 0.2388649010036505
0 0.967987130859375 0.2745817832031251 0.90604180859375 0.22617358007812516 0.8984267961702628 0.2359180937798957 0.9603721184358878 0.28432629690489564
0 0.5516602534978737 0.6695873864069702 0.15089908822652592 0.6564774277016786 0.15013114500321093 0.679952850314088 0.5508923102745586 0.6930628090193797
0 0.9287133269627196 0.9858628832836278 0.6877082578125001 0.9508108046874999 0.6835125418451193 0.9796589887996108 0.9245176109953388 1.0147110673957387
0 0.8891442594805377 0.9297340662323835 0.6699154025287328 0.8868543542478912 0.6606446243083056 0.9342525763500586 0.8798734812601104 0.977132288334551
0 0.66169520703125 0.87690709375 0.638671875 0.87690709375 0.6386718750000001 0.974843353515625 0.6616952070312501 0.974843353515625
0 1.0228028047398128 0.6676513083188669 0.8733303893950622 0.6459118095286462 0.837806771903027 0.8901585127095911 0.9872791872477775 0.9118980114998119
0 0.8854009556308231 0.5139148888650242 0.7070649135112336 0.48533062352671297 0.6531427492126252 0.821748763007368 0.8314787913322147 0.8503330283456793
0 0.6807186154764728 0.5009645902519735 0.6567304033123642 0.4991425846370473 0.6361724893052645 0.7698045402390787 0.6601607014693731 0.7716265458540049