0 0.6383375679889738 0.08697132416752895 0.58984375 0.008057226562499964 0.40022684386719365 0.12457947053035909 0.44872066185616744 0.20349356813538808
0 1.0010404146975351 0.024289267873530973 0.952649536117754 -0.03517831461526183 0.7928862249358439 0.09482675149558234 0.841277103515625 0.15429433398437514
0 0.6037105671568351 0.949492117384164 0.58984375 0.86815625 0.5260966138011504 0.8790243935431943 0.5399634309579855 0.9603602609273583
0 0.534067654296875 0.9613654218750001 0.520200837504982 0.8800295558718567 0.374043248046875 0.9049477207031251 0.387910064838768 0.9862835867062685
0 0.36161810546875006 0.99076605859375 0.34775128831710733 0.9094301923153513 0.04054001345596504 0.9618061338322352 0.054406830607607745 1.043142000110634
0 0.34708283203125 0.89823355078125 0.3264701765034983 0.7773299334868256 0.017015299387872856 0.8300883779908783 0.03762795491562457 0.9509919952853028
0 0.611206009211168 0.850941622496176 0.5898437499927464 0.7256412128480789 0.50313406640625 0.740424203125 0.5244963256246716 0.8657246127730971
0 0.5198754783284637 0.8707142785192008 0.49572199420571783 0.7382688554565987 0.34854157192346147 0.765109496005523 0.37269505604620734 0.8975549190681251
0 0.05060091669342395 0.8017406321190631 0.041606271642182835 0.7489825043175299 0.002880130531501393 0.7555848594049811 0.011874775582742511 0.8083429872065143
0 0.4908569843750001 0.724420099609375 0.47998847859940064 0.6606708381396941 0.33403347265625 0.6855544648437498 0.34490197843184944 0.7493037263134308
0 0.591017000699436 0.7096059900747395 0.5793988940220512 0.6414599368950233 0.4879302616543393 0.6570542711065734 0.499548368331724 0.7252003242862896
0 0.3188075078125 0.7560145351562498 0.3071894000793184 0.6878684806916362 0.04379955775998294 0.7327733777973192 0.05541766549316453 0.8009194322619329
0 0.618367329738696 0.7350833963632978 0.6088787919499375 0.6406629316816786 0.5957886111680474 0.6419783951824088 0.6052771489568058 0.736398859864028
0 0.6109549758835416 0.6343428151695731 0.5971490849256901 0.4738347008326096 0.5792387746197842 0.47537523223892536 0.5930446655776358 0.635883346575889