0 0.26753893098958337 0.359375 0.25350984462837695 0.22528207045983648 0.18412526017230002 0.23254123267524 0.19815434653350647 0.3666341622154035
0 0.7533151197916667 0.35252414713541663 0.7521799363630909 0.3370134866727376 0.4691637423041981 0.35772667901469607 0.47029892573277404 0.37323733947737514
0 0.8480566550093553 0.34559027234594225 0.845992698316092 0.3173892345298342 0.7805148201824667 0.3221813810357822 0.78257877687573 0.35038241885189025
0 0.7491998001343679 0.3374315797133946 0.7466786939407113 0.29412632752588685 0.3679666709505151 0.3161738432091755 0.37048777714417186 0.35947909539668316
0 0.7403433274871962 0.28532945426053286 0.7390927580746426 0.26282305030519976 0.3593569660671913 0.28392308775582015 0.36060753547974483 0.30642949171115325
0 0.7359241812796675 0.259353264338811 0.7335223990690606 0.2176786371091571 0.3500497415417523 0.23977884215785225 0.3524515237523593 0.28145346938750615
0 0.7238694956573787 0.21402084739063343 0.7225669232668684 0.19129732167645752 0.3437876740955073 0.21300994665705172 0.3450902464860175 0.23573347237122763
0 0.7182351017815872 0.18237900485525704 0.7169896409788498 0.15996634940698665 0.3402238432444183 0.18090304894147266 0.3414693040471559 0.20331570438974303
0 0.7138222350280014 0.15657523535148832 0.711987761783364 0.12434568300144544 0.4587586651952152 0.13875922487783632 0.4605931384398527 0.1709887772278792
0 0.33156513671875 0.2019375 0.3224972722972687 0.15299016633960535 0.3032816798458027 0.15655000043265874 0.31234954426728395 0.2054973340930534
0 0.884509997130773 0.2987914605636118 0.8362040087962654 0.060439959557518075 0.7278972440209136 0.08239016878088118 0.7762032323554212 0.32074166978697494
0 0.12451668741371984 0.6901589167015015 0.0981111731770834 0.6875739817708334 0.09371259774253028 0.7325061171526652 0.12011811197916673 0.7350910520833334
0 0.18439416050698523 0.7124456637474058 0.16747783463541674 0.7105503020833335 0.16352162464926495 0.7458599417213444 0.18043795052083347 0.7477553033854168
0 0.16373347694693421 0.713195049308668 0.12819130468750006 0.7003995091145833 0.1253497769593159 0.7082924207434155 0.16089194921875005 0.7210879609375002
0 0.16386070398523164 0.743504714904906 0.12275561848958343 0.7278555690104168 0.1184177455868235 0.7392497139522182 0.1595228310824717 0.7548988598467073
0 0.28679547392444543 0.8995281283363133 0.24196914453125004 0.8549506848958335 0.23506871748180466 0.8618896385907703 0.27989504687500005 0.9064670820312503
0 0.29226732570174213 0.8727666952829649 0.24857093359375007 0.8293129140625002 0.24265663393367462 0.8352602344045356 0.2863530260416666 0.8787140156250003
0 0.5252112161458333 0.41089373958333325 0.4857152942708332 0.3727155768229166 0.44869425400024215 0.4110144369182612 0.4881901758752422 0.44919259967867786
0 0.7599821132812501 0.4269609453125001 0.7191876417624172 0.3911357793305363 0.6796517719707506 0.4361556660492862 0.7204462434895834 0.47198083203125
0 0.7124167608633741 0.5663219253643904 0.6174208947468934 0.4895391886518326 0.4820361616469582 0.6570376463835886 0.5770320277634389 0.7338203830961465
0 0.862934378182257 0.7006755931705161 0.7797677725078875 0.6262958801006656 0.6382770284890642 0.7845017191489543 0.7214436341634336 0.8588814322188046
0 0.9822691028645832 0.8095499895833336 0.9391952467389947 0.767625863418013 0.8987413658472457 0.8091891541681083 0.9418152219728344 0.8511132803334288
0 0.9955601992187498 0.5474384375 0.946682306155533 0.5025370232201398 0.9048588171492177 0.5480644092939949 0.9537367102124347 0.5929658235738552